time[s],SensorID,event,mask,tL.num_valid_targets,tL.reserved,tL.targets[0].amplitude,tL.targets[0].range,tL.targets[0].reserved[0],tL.targets[0].reserved[1],tL.targets[1].amplitude,tL.targets[1].range,tL.targets[1].reserved[0],tL.targets[1].reserved[1],tL.targets[2].amplitude,tL.targets[2].range,tL.targets[2].reserved[0],tL.targets[2].reserved[1],tL.targets[3].amplitude,tL.targets[3].range,tL.targets[3].reserved[0],tL.targets[3].reserved[1],tL.targets[4].amplitude,tL.targets[4].range,tL.targets[4].reserved[0],tL.targets[4].reserved[1]
568.086,1,1,0,1,1,5663,0.2929387549289198,33,2500,0,0,0,0,0,0,0,0,0,0,0,0,0,0,0,0
568.103,0,1,1,1,0,17139,0.27595976363985036,35,2500,21038,0,54109,27371,64182,0,29098,31398,35518,0,601,6224,24615,0,17323,30129
568.123,1,1,0,1,1,5698,0.2928692393249974,33,2500,0,0,0,0,0,0,0,0,0,0,0,0,0,0,0,0
568.14,0,1,1,1,0,17139,0.27595976363985036,35,2500,21038,0,54109,27371,64182,0,29098,31398,35518,0,601,6224,24615,0,17323,30129
568.16,1,1,0,1,1,5627,0.2927302081171526,33,2500,0,0,0,0,0,0,0,0,0,0,0,0,0,0,0,0
568.177,0,1,1,1,0,17132,0.27602400008390066,35,2500,21038,0,54109,27371,64182,0,29098,31398,35518,0,601,6224,24615,0,17323,30129
568.197,1,1,0,1,1,5667,0.2927302081171526,33,2500,0,0,0,0,0,0,0,0,0,0,0,0,0,0,0,0
568.214,0,1,1,1,0,17136,0.27595976363985036,35,2500,21038,0,54109,27371,64182,0,29098,31398,35518,0,601,6224,24615,0,17323,30129
568.234,1,1,0,1,1,5714,0.2924521457014631,33,2500,0,0,0,0,0,0,0,0,0,0,0,0,0,0,0,0
568.251,0,1,1,1,0,17136,0.2760882365279509,35,2500,21038,0,54109,27371,64182,0,29098,31398,35518,0,601,6224,24615,0,17323,30129
568.271,1,1,0,1,1,5816,0.2925216613053855,33,2500,0,0,0,0,0,0,0,0,0,0,0,0,0,0,0,0
568.288,0,1,1,1,0,17132,0.27615247297200113,35,2500,21038,0,54109,27371,64182,0,29098,31398,35518,0,601,6224,24615,0,17323,30129
568.308,1,1,0,1,1,5997,0.29217408328577354,33,2500,0,0,0,0,0,0,0,0,0,0,0,0,0,0,0,0
568.325,0,1,1,1,0,17132,0.27621670941605136,35,2500,21038,0,54109,27371,64182,0,29098,31398,35518,0,601,6224,24615,0,17323,30129
568.345,1,1,0,1,1,6090,0.2919655364740064,33,2500,0,0,0,0,0,0,0,0,0,0,0,0,0,0,0,0
568.362,0,1,1,1,0,17128,0.2762809458601016,35,2500,21038,0,54109,27371,64182,0,29098,31398,35518,0,601,6224,24615,0,17323,30129
568.382,1,1,0,1,1,6051,0.29161795845439453,33,2500,0,0,0,0,0,0,0,0,0,0,0,0,0,0,0,0
568.399,0,1,1,1,0,17102,0.27621670941605136,35,2500,21038,0,54109,27371,64182,0,29098,31398,35518,0,601,6224,24615,0,17323,30129
568.419,1,1,0,1,1,5929,0.29161795845439453,33,2500,0,0,0,0,0,0,0,0,0,0,0,0,0,0,0,0
568.436,0,1,1,1,0,17121,0.27634518230415184,35,2500,21038,0,54109,27371,64182,0,29098,31398,35518,0,601,6224,24615,0,17323,30129
568.456,1,1,0,1,1,5757,0.2915484428504721,33,2500,0,0,0,0,0,0,0,0,0,0,0,0,0,0,0,0
568.473,0,1,1,1,0,17104,0.2762809458601016,35,2500,21038,0,54109,27371,64182,0,29098,31398,35518,0,601,6224,24615,0,17323,30129
568.493,1,1,0,1,1,5633,0.2916874740583169,33,2500,0,0,0,0,0,0,0,0,0,0,0,0,0,0,0,0
568.51,0,1,1,1,0,17104,0.27621670941605136,35,2500,21038,0,54109,27371,64182,0,29098,31398,35518,0,601,6224,24615,0,17323,30129
568.53,1,1,0,1,1,5598,0.2916874740583169,33,2500,0,0,0,0,0,0,0,0,0,0,0,0,0,0,0,0
568.547,0,1,1,1,0,17102,0.2762809458601016,35,2500,21038,0,54109,27371,64182,0,29098,31398,35518,0,601,6224,24615,0,17323,30129
568.567,1,1,0,1,1,5677,0.29161795845439453,33,2500,0,0,0,0,0,0,0,0,0,0,0,0,0,0,0,0
568.584,0,1,1,1,0,17104,0.2760882365279509,35,2500,21038,0,54109,27371,64182,0,29098,31398,35518,0,601,6224,24615,0,17323,30129
568.604,1,1,0,1,1,5881,0.2914789272465497,33,2500,0,0,0,0,0,0,0,0,0,0,0,0,0,0,0,0
568.621,0,1,1,1,0,17102,0.2762809458601016,35,2500,21038,0,54109,27371,64182,0,29098,31398,35518,0,601,6224,24615,0,17323,30129
568.641,1,1,0,1,1,6076,0.2912703804347826,33,2500,0,0,0,0,0,0,0,0,0,0,0,0,0,0,0,0
568.658,0,1,1,1,0,17121,0.27621670941605136,35,2500,21038,0,54109,27371,64182,0,29098,31398,35518,0,601,6224,24615,0,17323,30129
568.678,1,1,0,1,1,6146,0.2912008648308602,33,2500,0,0,0,0,0,0,0,0,0,0,0,0,0,0,0,0
568.695,0,1,1,1,0,17121,0.27634518230415184,35,2500,21038,0,54109,27371,64182,0,29098,31398,35518,0,601,6224,24615,0,17323,30129
568.715,1,1,0,1,1,6116,0.2912703804347826,33,2500,0,0,0,0,0,0,0,0,0,0,0,0,0,0,0,0
568.732,0,1,1,1,0,17121,0.27621670941605136,35,2500,21038,0,54109,27371,64182,0,29098,31398,35518,0,601,6224,24615,0,17323,30129
568.752,1,1,0,1,1,6085,0.2914789272465497,33,2500,0,0,0,0,0,0,0,0,0,0,0,0,0,0,0,0
568.769,0,1,1,1,0,17128,0.2760882365279509,35,2500,21038,0,54109,27371,64182,0,29098,31398,35518,0,601,6224,24615,0,17323,30129
568.789,1,1,0,1,1,6038,0.29161795845439453,33,2500,0,0,0,0,0,0,0,0,0,0,0,0,0,0,0,0
568.806,0,1,1,1,0,17121,0.2760882365279509,35,2500,21038,0,54109,27371,64182,0,29098,31398,35518,0,601,6224,24615,0,17323,30129
568.826,1,1,0,1,1,5993,0.2917569896622393,33,2500,0,0,0,0,0,0,0,0,0,0,0,0,0,0,0,0
568.843,0,1,1,1,0,17121,0.27602400008390066,35,2500,21038,0,54109,27371,64182,0,29098,31398,35518,0,601,6224,24615,0,17323,30129
568.863,1,1,0,1,1,6005,0.2917569896622393,33,2500,0,0,0,0,0,0,0,0,0,0,0,0,0,0,0,0
568.88,0,1,1,1,0,17131,0.27615247297200113,35,2500,21038,0,54109,27371,64182,0,29098,31398,35518,0,601,6224,24615,0,17323,30129
568.899,1,1,0,1,1,6011,0.29161795845439453,33,2500,0,0,0,0,0,0,0,0,0,0,0,0,0,0,0,0
568.917,0,1,1,1,0,17132,0.27615247297200113,35,2500,21038,0,54109,27371,64182,0,29098,31398,35518,0,601,6224,24615,0,17323,30129
568.937,1,1,0,1,1,6036,0.29161795845439453,33,2500,0,0,0,0,0,0,0,0,0,0,0,0,0,0,0,0
568.954,0,1,1,1,0,17132,0.27602400008390066,35,2500,21038,0,54109,27371,64182,0,29098,31398,35518,0,601,6224,24615,0,17323,30129
568.973,1,1,0,1,1,6076,0.29161795845439453,33,2500,0,0,0,0,0,0,0,0,0,0,0,0,0,0,0,0
568.991,0,1,1,1,0,17132,0.2760882365279509,35,2500,21038,0,54109,27371,64182,0,29098,31398,35518,0,601,6224,24615,0,17323,30129
569.01,1,1,0,1,1,6063,0.29161795845439453,33,2500,0,0,0,0,0,0,0,0,0,0,0,0,0,0,0,0
569.028,0,1,1,1,0,17132,0.27615247297200113,35,2500,21038,0,54109,27371,64182,0,29098,31398,35518,0,601,6224,24615,0,17323,30129
569.047,1,1,0,1,1,6005,0.2915484428504721,33,2500,0,0,0,0,0,0,0,0,0,0,0,0,0,0,0,0
569.065,0,1,1,1,0,17137,0.27621670941605136,35,2500,21038,0,54109,27371,64182,0,29098,31398,35518,0,601,6224,24615,0,17323,30129
569.084,1,1,0,1,1,5983,0.2909923180190931,33,2500,0,0,0,0,0,0,0,0,0,0,0,0,0,0,0,0
569.102,0,1,1,1,0,17137,0.27615247297200113,35,2500,21038,0,54109,27371,64182,0,29098,31398,35518,0,601,6224,24615,0,17323,30129
569.121,1,1,0,1,1,5885,0.2907837712073259,33,2500,0,0,0,0,0,0,0,0,0,0,0,0,0,0,0,0
569.139,0,1,1,1,0,17139,0.2760882365279509,35,2500,21038,0,54109,27371,64182,0,29098,31398,35518,0,601,6224,24615,0,17323,30129
569.158,1,1,0,1,1,5874,0.29064473999948115,33,2500,0,0,0,0,0,0,0,0,0,0,0,0,0,0,0,0
569.176,0,1,1,1,0,17137,0.27615247297200113,35,2500,21038,0,54109,27371,64182,0,29098,31398,35518,0,601,6224,24615,0,17323,30129
569.195,1,1,0,1,1,5851,0.2905752243955588,33,2500,0,0,0,0,0,0,0,0,0,0,0,0,0,0,0,0
569.213,0,1,1,1,0,17139,0.27615247297200113,35,2500,21038,0,54109,27371,64182,0,29098,31398,35518,0,601,6224,24615,0,17323,30129
569.232,1,1,0,1,1,5873,0.2907142556034035,33,2500,0,0,0,0,0,0,0,0,0,0,0,0,0,0,0,0
569.25,0,1,1,1,0,17142,0.27615247297200113,35,2500,21038,0,54109,27371,64182,0,29098,31398,35518,0,601,6224,24615,0,17323,30129
569.269,1,1,0,1,1,5887,0.2905057087916364,33,2500,0,0,0,0,0,0,0,0,0,0,0,0,0,0,0,0
569.287,0,1,1,1,0,17139,0.27621670941605136,35,2500,21038,0,54109,27371,64182,0,29098,31398,35518,0,601,6224,24615,0,17323,30129
569.306,1,1,0,1,1,6012,0.2896020059406454,33,2500,0,0,0,0,0,0,0,0,0,0,0,0,0,0,0,0
569.324,0,1,1,1,0,17143,0.27615247297200113,35,2500,21038,0,54109,27371,64182,0,29098,31398,35518,0,601,6224,24615,0,17323,30129
569.343,1,1,0,1,1,6091,0.28862878748573206,33,2500,0,0,0,0,0,0,0,0,0,0,0,0,0,0,0,0
569.361,0,1,1,1,0,17142,0.2760882365279509,35,2500,21038,0,54109,27371,64182,0,29098,31398,35518,0,601,6224,24615,0,17323,30129
569.38,1,1,0,1,1,6234,0.2877946002386635,33,2500,0,0,0,0,0,0,0,0,0,0,0,0,0,0,0,0
569.398,0,1,1,1,0,17141,0.27595976363985036,35,2500,21038,0,54109,27371,64182,0,29098,31398,35518,0,601,6224,24615,0,17323,30129
569.417,1,1,0,1,1,6257,0.2875165378229739,33,2500,0,0,0,0,0,0,0,0,0,0,0,0,0,0,0,0
569.435,0,1,1,1,0,16932,0.27595976363985036,35,2500,21038,0,54109,27371,64182,0,29098,31398,35518,0,601,6224,24615,0,17323,30129
569.454,1,1,0,1,1,6291,0.2875860534268963,33,2500,0,0,0,0,0,0,0,0,0,0,0,0,0,0,0,0
569.472,0,1,1,1,0,17142,0.27602400008390066,35,2500,21038,0,54109,27371,64182,0,29098,31398,35518,0,601,6224,24615,0,17323,30129
569.491,1,1,0,1,1,6290,0.2875165378229739,33,2500,0,0,0,0,0,0,0,0,0,0,0,0,0,0,0,0
569.509,0,1,1,1,0,17142,0.27595976363985036,35,2500,21038,0,54109,27371,64182,0,29098,31398,35518,0,601,6224,24615,0,17323,30129
569.528,1,1,0,1,1,6291,0.2875165378229739,33,2500,0,0,0,0,0,0,0,0,0,0,0,0,0,0,0,0
569.546,0,1,1,1,0,17144,0.27615247297200113,35,2500,21038,0,54109,27371,64182,0,29098,31398,35518,0,601,6224,24615,0,17323,30129
569.565,1,1,0,1,1,6283,0.28744702221905155,33,2500,0,0,0,0,0,0,0,0,0,0,0,0,0,0,0,0
569.583,0,1,1,1,0,17141,0.27595976363985036,35,2500,21038,0,54109,27371,64182,0,29098,31398,35518,0,601,6224,24615,0,17323,30129
569.602,1,1,0,1,1,6304,0.2872384754072844,33,2500,0,0,0,0,0,0,0,0,0,0,0,0,0,0,0,0
569.62,0,1,1,1,0,17143,0.27602400008390066,35,2500,21038,0,54109,27371,64182,0,29098,31398,35518,0,601,6224,24615,0,17323,30129
569.639,1,1,0,1,1,6261,0.2872384754072844,33,2500,0,0,0,0,0,0,0,0,0,0,0,0,0,0,0,0
569.657,0,1,1,1,0,17143,0.27595976363985036,35,2500,21038,0,54109,27371,64182,0,29098,31398,35518,0,601,6224,24615,0,17323,30129
569.676,1,1,0,1,1,6269,0.2872384754072844,33,2500,0,0,0,0,0,0,0,0,0,0,0,0,0,0,0,0
569.694,0,1,1,1,0,17141,0.27595976363985036,35,2500,21038,0,54109,27371,64182,0,29098,31398,35518,0,601,6224,24615,0,17323,30129
569.713,1,1,0,1,1,6309,0.28716895980336204,33,2500,0,0,0,0,0,0,0,0,0,0,0,0,0,0,0,0
569.731,0,1,1,1,0,17144,0.2760882365279509,35,2500,21038,0,54109,27371,64182,0,29098,31398,35518,0,601,6224,24615,0,17323,30129
569.75,1,1,0,1,1,6310,0.28696041299159486,33,2500,0,0,0,0,0,0,0,0,0,0,0,0,0,0,0,0
569.768,0,1,1,1,0,17143,0.27595976363985036,35,2500,21038,0,54109,27371,64182,0,29098,31398,35518,0,601,6224,24615,0,17323,30129
569.787,1,1,0,1,1,6305,0.28696041299159486,33,2500,0,0,0,0,0,0,0,0,0,0,0,0,0,0,0,0
569.805,0,1,1,1,0,17143,0.27602400008390066,35,2500,21038,0,54109,27371,64182,0,29098,31398,35518,0,601,6224,24615,0,17323,30129
569.824,1,1,0,1,1,6311,0.2868908973876725,33,2500,0,0,0,0,0,0,0,0,0,0,0,0,0,0,0,0
569.842,0,1,1,1,0,17143,0.2758955271958001,35,2500,21038,0,54109,27371,64182,0,29098,31398,35518,0,601,6224,24615,0,17323,30129
569.861,1,1,0,1,1,6332,0.2868213817837501,33,2500,0,0,0,0,0,0,0,0,0,0,0,0,0,0,0,0
569.879,0,1,1,1,0,16932,0.2757028178636494,35,2500,21038,0,54109,27371,64182,0,29098,31398,35518,0,601,6224,24615,0,17323,30129
569.898,1,1,0,1,1,6337,0.2868908973876725,33,2500,0,0,0,0,0,0,0,0,0,0,0,0,0,0,0,0
569.916,0,1,1,1,0,17144,0.2758955271958001,35,2500,21038,0,54109,27371,64182,0,29098,31398,35518,0,601,6224,24615,0,17323,30129
569.935,1,1,0,1,1,6356,0.2868213817837501,33,2500,0,0,0,0,0,0,0,0,0,0,0,0,0,0,0,0
569.952,0,1,1,1,0,17143,0.2758955271958001,35,2500,21038,0,54109,27371,64182,0,29098,31398,35518,0,601,6224,24615,0,17323,30129
569.972,1,1,0,1,1,6376,0.286612834971983,33,2500,0,0,0,0,0,0,0,0,0,0,0,0,0,0,0,0
569.99,0,1,1,1,0,17007,0.27576705430769965,36,2500,21038,0,54109,27371,64182,0,29098,31398,35518,0,601,6224,24615,0,17323,30129
570.009,1,1,0,1,1,6388,0.28668235057590535,33,2500,0,0,0,0,0,0,0,0,0,0,0,0,0,0,0,0
570.026,0,1,1,1,0,16918,0.2756385814195992,35,2500,21038,0,54109,27371,64182,0,29098,31398,35518,0,601,6224,24615,0,17323,30129
570.046,1,1,0,1,1,6404,0.28668235057590535,33,2500,0,0,0,0,0,0,0,0,0,0,0,0,0,0,0,0
570.063,0,1,1,1,0,16907,0.2756385814195992,35,2500,21038,0,54109,27371,64182,0,29098,31398,35518,0,601,6224,24615,0,17323,30129
570.083,1,1,0,1,1,6390,0.2864738037641382,33,2500,0,0,0,0,0,0,0,0,0,0,0,0,0,0,0,0
570.1,0,1,1,1,0,17144,0.27576705430769965,35,2500,21038,0,54109,27371,64182,0,29098,31398,35518,0,601,6224,24615,0,17323,30129
570.12,1,1,0,1,1,6405,0.2865433193680606,33,2500,0,0,0,0,0,0,0,0,0,0,0,0,0,0,0,0
570.137,0,1,1,1,0,16932,0.27557434497554895,35,2500,21038,0,54109,27371,64182,0,29098,31398,35518,0,601,6224,24615,0,17323,30129
570.157,1,1,0,1,1,6381,0.28640428816021585,33,2500,0,0,0,0,0,0,0,0,0,0,0,0,0,0,0,0
570.174,0,1,1,1,0,17003,0.2758312907517499,35,2500,21038,0,54109,27371,64182,0,29098,31398,35518,0,601,6224,24615,0,17323,30129
570.194,1,1,0,1,1,6391,0.2863347725562934,33,2500,0,0,0,0,0,0,0,0,0,0,0,0,0,0,0,0
570.211,0,1,1,1,0,16908,0.27576705430769965,35,2500,21038,0,54109,27371,64182,0,29098,31398,35518,0,601,6224,24615,0,17323,30129
570.231,1,1,0,1,1,6403,0.2864738037641382,33,2500,0,0,0,0,0,0,0,0,0,0,0,0,0,0,0,0
570.248,0,1,1,1,0,16908,0.27557434497554895,35,2500,21038,0,54109,27371,64182,0,29098,31398,35518,0,601,6224,24615,0,17323,30129
570.268,1,1,0,1,1,6437,0.2863347725562934,33,2500,0,0,0,0,0,0,0,0,0,0,0,0,0,0,0,0
570.285,0,1,1,1,0,17144,0.2758312907517499,35,2500,21038,0,54109,27371,64182,0,29098,31398,35518,0,601,6224,24615,0,17323,30129
570.305,1,1,0,1,1,6395,0.28619574134844866,33,2500,0,0,0,0,0,0,0,0,0,0,0,0,0,0,0,0
570.322,0,1,1,1,0,17143,0.2758312907517499,35,2500,21038,0,54109,27371,64182,0,29098,31398,35518,0,601,6224,24615,0,17323,30129
570.342,1,1,0,1,1,6331,0.28626525695237104,33,2500,0,0,0,0,0,0,0,0,0,0,0,0,0,0,0,0
570.359,0,1,1,1,0,17144,0.2758955271958001,35,2500,21038,0,54109,27371,64182,0,29098,31398,35518,0,601,6224,24615,0,17323,30129
570.379,1,1,0,1,1,6304,0.28626525695237104,33,2500,0,0,0,0,0,0,0,0,0,0,0,0,0,0,0,0
570.396,0,1,1,1,0,17144,0.2758955271958001,35,2500,21038,0,54109,27371,64182,0,29098,31398,35518,0,601,6224,24615,0,17323,30129
570.416,1,1,0,1,1,6247,0.2860567101406039,33,2500,0,0,0,0,0,0,0,0,0,0,0,0,0,0,0,0
570.433,0,1,1,1,0,17143,0.2758312907517499,35,2500,21038,0,54109,27371,64182,0,29098,31398,35518,0,601,6224,24615,0,17323,30129
570.453,1,1,0,1,1,6284,0.2860567101406039,33,2500,0,0,0,0,0,0,0,0,0,0,0,0,0,0,0,0
570.47,0,1,1,1,0,17143,0.2758955271958001,35,2500,21038,0,54109,27371,64182,0,29098,31398,35518,0,601,6224,24615,0,17323,30129
570.49,1,1,0,1,1,6207,0.2857786477249144,33,2500,0,0,0,0,0,0,0,0,0,0,0,0,0,0,0,0
570.507,0,1,1,1,0,17142,0.2758955271958001,35,2500,21038,0,54109,27371,64182,0,29098,31398,35518,0,601,6224,24615,0,17323,30129
570.527,1,1,0,1,1,6187,0.2857786477249144,33,2500,0,0,0,0,0,0,0,0,0,0,0,0,0,0,0,0
570.544,0,1,1,1,0,17142,0.27595976363985036,35,2500,21038,0,54109,27371,64182,0,29098,31398,35518,0,601,6224,24615,0,17323,30129
570.564,1,1,0,1,1,6167,0.2858481633288368,33,2500,0,0,0,0,0,0,0,0,0,0,0,0,0,0,0,0
570.581,0,1,1,1,0,17142,0.27595976363985036,35,2500,21038,0,54109,27371,64182,0,29098,31398,35518,0,601,6224,24615,0,17323,30129
570.601,1,1,0,1,1,6161,0.2857786477249144,33,2500,0,0,0,0,0,0,0,0,0,0,0,0,0,0,0,0
570.618,0,1,1,1,0,17143,0.27615247297200113,35,2500,21038,0,54109,27371,64182,0,29098,31398,35518,0,601,6224,24615,0,17323,30129
570.638,1,1,0,1,1,6181,0.28550058530922484,33,2500,0,0,0,0,0,0,0,0,0,0,0,0,0,0,0,0
570.655,0,1,1,1,0,17142,0.2758312907517499,35,2500,21038,0,54109,27371,64182,0,29098,31398,35518,0,601,6224,24615,0,17323,30129
570.675,1,1,0,1,1,6189,0.28515300728961296,33,2500,0,0,0,0,0,0,0,0,0,0,0,0,0,0,0,0
570.692,0,1,1,1,0,17142,0.2758312907517499,35,2500,21038,0,54109,27371,64182,0,29098,31398,35518,0,601,6224,24615,0,17323,30129
570.712,1,1,0,1,1,6220,0.2850834916856906,33,2500,0,0,0,0,0,0,0,0,0,0,0,0,0,0,0,0
570.729,0,1,1,1,0,17141,0.27602400008390066,35,2500,21038,0,54109,27371,64182,0,29098,31398,35518,0,601,6224,24615,0,17323,30129
570.749,1,1,0,1,1,6226,0.2852920384974577,33,2500,0,0,0,0,0,0,0,0,0,0,0,0,0,0,0,0
570.766,0,1,1,1,0,17144,0.27602400008390066,35,2500,21038,0,54109,27371,64182,0,29098,31398,35518,0,601,6224,24615,0,17323,30129
570.786,1,1,0,1,1,6223,0.284805429270001,33,2500,0,0,0,0,0,0,0,0,0,0,0,0,0,0,0,0
570.803,0,1,1,1,0,17144,0.27576705430769965,35,2500,21038,0,54109,27371,64182,0,29098,31398,35518,0,601,6224,24615,0,17323,30129
570.823,1,1,0,1,1,6195,0.28445785125038914,33,2500,0,0,0,0,0,0,0,0,0,0,0,0,0,0,0,0
570.84,0,1,1,1,0,17143,0.2758955271958001,35,2500,21038,0,54109,27371,64182,0,29098,31398,35518,0,601,6224,24615,0,17323,30129
570.86,1,1,0,1,1,6223,0.28431882004254433,33,2500,0,0,0,0,0,0,0,0,0,0,0,0,0,0,0,0
570.877,0,1,1,1,0,17143,0.27576705430769965,35,2500,21038,0,54109,27371,64182,0,29098,31398,35518,0,601,6224,24615,0,17323,30129
570.897,1,1,0,1,1,6264,0.28424930443862195,33,2500,0,0,0,0,0,0,0,0,0,0,0,0,0,0,0,0
570.914,0,1,1,1,0,16908,0.2757028178636494,35,2500,21038,0,54109,27371,64182,0,29098,31398,35518,0,601,6224,24615,0,17323,30129
570.934,1,1,0,1,1,6339,0.2843883356464667,33,2500,0,0,0,0,0,0,0,0,0,0,0,0,0,0,0,0
570.951,0,1,1,1,0,17143,0.2757028178636494,35,2500,21038,0,54109,27371,64182,0,29098,31398,35518,0,601,6224,24615,0,17323,30129
570.971,1,1,0,1,1,6393,0.28424930443862195,33,2500,0,0,0,0,0,0,0,0,0,0,0,0,0,0,0,0
570.988,0,1,1,1,0,17144,0.2758955271958001,35,2500,21038,0,54109,27371,64182,0,29098,31398,35518,0,601,6224,24615,0,17323,30129
571.008,1,1,0,1,1,6466,0.2841797888346996,33,2500,0,0,0,0,0,0,0,0,0,0,0,0,0,0,0,0
571.025,0,1,1,1,0,17144,0.2758312907517499,35,2500,21038,0,54109,27371,64182,0,29098,31398,35518,0,601,6224,24615,0,17323,30129
571.045,1,1,0,1,1,6467,0.28397124202293245,33,2500,0,0,0,0,0,0,0,0,0,0,0,0,0,0,0,0
571.062,0,1,1,1,0,17141,0.2758312907517499,35,2500,21038,0,54109,27371,64182,0,29098,31398,35518,0,601,6224,24615,0,17323,30129
571.082,1,1,0,1,1,6489,0.2838322108150877,33,2500,0,0,0,0,0,0,0,0,0,0,0,0,0,0,0,0
571.099,0,1,1,1,0,17144,0.2758312907517499,35,2500,21038,0,54109,27371,64182,0,29098,31398,35518,0,601,6224,24615,0,17323,30129
571.119,1,1,0,1,1,6549,0.2838322108150877,33,2500,0,0,0,0,0,0,0,0,0,0,0,0,0,0,0,0
571.136,0,1,1,1,0,17143,0.27576705430769965,35,2500,21038,0,54109,27371,64182,0,29098,31398,35518,0,601,6224,24615,0,17323,30129
571.156,1,1,0,1,1,6576,0.2836931796072429,33,2500,0,0,0,0,0,0,0,0,0,0,0,0,0,0,0,0
571.173,0,1,1,1,0,17138,0.2758955271958001,35,2500,21038,0,54109,27371,64182,0,29098,31398,35518,0,601,6224,24615,0,17323,30129
571.193,1,1,0,1,1,6603,0.2836236640033205,33,2500,0,0,0,0,0,0,0,0,0,0,0,0,0,0,0,0
571.21,0,1,1,1,0,17136,0.27595976363985036,35,2500,21038,0,54109,27371,64182,0,29098,31398,35518,0,601,6224,24615,0,17323,30129
571.23,1,1,0,1,1,6581,0.28355414839939813,33,2500,0,0,0,0,0,0,0,0,0,0,0,0,0,0,0,0
571.247,0,1,1,1,0,17132,0.27595976363985036,35,2500,21038,0,54109,27371,64182,0,29098,31398,35518,0,601,6224,24615,0,17323,30129
571.267,1,1,0,1,1,6535,0.2834151171915534,33,2500,0,0,0,0,0,0,0,0,0,0,0,0,0,0,0,0
571.284,0,1,1,1,0,17121,0.2758955271958001,35,2500,21038,0,54109,27371,64182,0,29098,31398,35518,0,601,6224,24615,0,17323,30129
571.304,1,1,0,1,1,6550,0.2834151171915534,33,2500,0,0,0,0,0,0,0,0,0,0,0,0,0,0,0,0
571.321,0,1,1,1,0,17121,0.2758955271958001,35,2500,21038,0,54109,27371,64182,0,29098,31398,35518,0,601,6224,24615,0,17323,30129
571.341,1,1,0,1,1,6563,0.283345601587631,33,2500,0,0,0,0,0,0,0,0,0,0,0,0,0,0,0,0
571.358,0,1,1,1,0,17121,0.2760882365279509,35,2500,21038,0,54109,27371,64182,0,29098,31398,35518,0,601,6224,24615,0,17323,30129
571.378,1,1,0,1,1,6482,0.28320657037978625,33,2500,0,0,0,0,0,0,0,0,0,0,0,0,0,0,0,0
571.395,0,1,1,1,0,17102,0.27595976363985036,35,2500,21038,0,54109,27371,64182,0,29098,31398,35518,0,601,6224,24615,0,17323,30129
571.415,1,1,0,1,1,6454,0.28320657037978625,33,2500,0,0,0,0,0,0,0,0,0,0,0,0,0,0,0,0
571.432,0,1,1,1,0,17121,0.27602400008390066,35,2500,21038,0,54109,27371,64182,0,29098,31398,35518,0,601,6224,24615,0,17323,30129
571.452,1,1,0,1,1,6420,0.2831370547758639,33,2500,0,0,0,0,0,0,0,0,0,0,0,0,0,0,0,0
571.469,0,1,1,1,0,17121,0.2758955271958001,35,2500,21038,0,54109,27371,64182,0,29098,31398,35518,0,601,6224,24615,0,17323,30129
571.489,1,1,0,1,1,6359,0.28299802356801906,33,2500,0,0,0,0,0,0,0,0,0,0,0,0,0,0,0,0
571.506,0,1,1,1,0,17121,0.2758955271958001,35,2500,21038,0,54109,27371,64182,0,29098,31398,35518,0,601,6224,24615,0,17323,30129
571.526,1,1,0,1,1,6310,0.2828589923601743,33,2500,0,0,0,0,0,0,0,0,0,0,0,0,0,0,0,0
571.543,0,1,1,1,0,17132,0.27595976363985036,35,2500,21038,0,54109,27371,64182,0,29098,31398,35518,0,601,6224,24615,0,17323,30129
571.563,1,1,0,1,1,6254,0.2828589923601743,33,2500,0,0,0,0,0,0,0,0,0,0,0,0,0,0,0,0
571.58,0,1,1,1,0,17132,0.27595976363985036,35,2500,21038,0,54109,27371,64182,0,29098,31398,35518,0,601,6224,24615,0,17323,30129
571.6,1,1,0,1,1,6215,0.2829285079640967,33,2500,0,0,0,0,0,0,0,0,0,0,0,0,0,0,0,0
571.617,0,1,1,1,0,17132,0.27602400008390066,35,2500,21038,0,54109,27371,64182,0,29098,31398,35518,0,601,6224,24615,0,17323,30129
571.637,1,1,0,1,1,6184,0.2828589923601743,33,2500,0,0,0,0,0,0,0,0,0,0,0,0,0,0,0,0
571.654,0,1,1,1,0,17121,0.2758955271958001,35,2500,21038,0,54109,27371,64182,0,29098,31398,35518,0,601,6224,24615,0,17323,30129
571.674,1,1,0,1,1,6167,0.2828589923601743,33,2500,0,0,0,0,0,0,0,0,0,0,0,0,0,0,0,0
571.691,0,1,1,1,0,17119,0.2758955271958001,35,2500,21038,0,54109,27371,64182,0,29098,31398,35518,0,601,6224,24615,0,17323,30129
571.711,1,1,0,1,1,6157,0.2829285079640967,33,2500,0,0,0,0,0,0,0,0,0,0,0,0,0,0,0,0
571.728,0,1,1,1,0,17121,0.2760882365279509,35,2500,21038,0,54109,27371,64182,0,29098,31398,35518,0,601,6224,24615,0,17323,30129
571.748,1,1,0,1,1,6181,0.28306753917194144,33,2500,0,0,0,0,0,0,0,0,0,0,0,0,0,0,0,0
571.765,0,1,1,1,0,17121,0.27595976363985036,35,2500,21038,0,54109,27371,64182,0,29098,31398,35518,0,601,6224,24615,0,17323,30129
571.785,1,1,0,1,1,6177,0.28306753917194144,33,2500,0,0,0,0,0,0,0,0,0,0,0,0,0,0,0,0
571.802,0,1,1,1,0,17102,0.27595976363985036,35,2500,21038,0,54109,27371,64182,0,29098,31398,35518,0,601,6224,24615,0,17323,30129
571.822,1,1,0,1,1,6141,0.2831370547758639,33,2500,0,0,0,0,0,0,0,0,0,0,0,0,0,0,0,0
571.839,0,1,1,1,0,17102,0.27595976363985036,35,2500,21038,0,54109,27371,64182,0,29098,31398,35518,0,601,6224,24615,0,17323,30129
571.858,1,1,0,1,1,6096,0.2832760859837086,33,2500,0,0,0,0,0,0,0,0,0,0,0,0,0,0,0,0
571.876,0,1,1,1,0,17088,0.2760882365279509,35,2500,21038,0,54109,27371,64182,0,29098,31398,35518,0,601,6224,24615,0,17323,30129
571.895,1,1,0,1,1,6102,0.28320657037978625,33,2500,0,0,0,0,0,0,0,0,0,0,0,0,0,0,0,0
571.913,0,1,1,1,0,17030,0.27602400008390066,35,2500,21038,0,54109,27371,64182,0,29098,31398,35518,0,601,6224,24615,0,17323,30129
571.932,1,1,0,1,1,6072,0.28299802356801906,33,2500,0,0,0,0,0,0,0,0,0,0,0,0,0,0,0,0
571.95,0,1,1,1,0,17005,0.27595976363985036,36,2500,21038,0,54109,27371,64182,0,29098,31398,35518,0,601,6224,24615,0,17323,30129
571.969,1,1,0,1,1,6047,0.28299802356801906,33,2500,0,0,0,0,0,0,0,0,0,0,0,0,0,0,0,0
571.987,0,1,1,1,0,17055,0.2758955271958001,35,2500,21038,0,54109,27371,64182,0,29098,31398,35518,0,601,6224,24615,0,17323,30129
572.006,1,1,0,1,1,6038,0.2828589923601743,33,2500,0,0,0,0,0,0,0,0,0,0,0,0,0,0,0,0
572.024,0,1,1,1,0,17077,0.27602400008390066,35,2500,21038,0,54109,27371,64182,0,29098,31398,35518,0,601,6224,24615,0,17323,30129
572.043,1,1,0,1,1,6069,0.28278947675625193,33,2500,0,0,0,0,0,0,0,0,0,0,0,0,0,0,0,0
572.061,0,1,1,1,0,17102,0.27595976363985036,35,2500,21038,0,54109,27371,64182,0,29098,31398,35518,0,601,6224,24615,0,17323,30129
572.08,1,1,0,1,1,6033,0.2826504455484072,33,2500,0,0,0,0,0,0,0,0,0,0,0,0,0,0,0,0
572.098,0,1,1,1,0,17102,0.27602400008390066,35,2500,21038,0,54109,27371,64182,0,29098,31398,35518,0,601,6224,24615,0,17323,30129
572.117,1,1,0,1,1,6042,0.28299802356801906,33,2500,0,0,0,0,0,0,0,0,0,0,0,0,0,0,0,0
572.135,0,1,1,1,0,17121,0.27602400008390066,35,2500,21038,0,54109,27371,64182,0,29098,31398,35518,0,601,6224,24615,0,17323,30129
572.154,1,1,0,1,1,6136,0.28306753917194144,33,2500,0,0,0,0,0,0,0,0,0,0,0,0,0,0,0,0
572.172,0,1,1,1,0,17119,0.2758955271958001,35,2500,21038,0,54109,27371,64182,0,29098,31398,35518,0,601,6224,24615,0,17323,30129
572.191,1,1,0,1,1,6220,0.2836236640033205,33,2500,0,0,0,0,0,0,0,0,0,0,0,0,0,0,0,0
572.209,0,1,1,1,0,17118,0.2758312907517499,35,2500,21038,0,54109,27371,64182,0,29098,31398,35518,0,601,6224,24615,0,17323,30129
572.228,1,1,0,1,1,6351,0.2838322108150877,33,2500,0,0,0,0,0,0,0,0,0,0,0,0,0,0,0,0
572.246,0,1,1,1,0,17102,0.2757028178636494,35,2500,21038,0,54109,27371,64182,0,29098,31398,35518,0,601,6224,24615,0,17323,30129
572.265,1,1,0,1,1,6462,0.2840407576268548,33,2500,0,0,0,0,0,0,0,0,0,0,0,0,0,0,0,0
572.283,0,1,1,1,0,17102,0.27576705430769965,35,2500,21038,0,54109,27371,64182,0,29098,31398,35518,0,601,6224,24615,0,17323,30129
572.302,1,1,0,1,1,6590,0.2843883356464667,33,2500,0,0,0,0,0,0,0,0,0,0,0,0,0,0,0,0
572.32,0,1,1,1,0,17102,0.2757028178636494,35,2500,21038,0,54109,27371,64182,0,29098,31398,35518,0,601,6224,24615,0,17323,30129
572.339,1,1,0,1,1,6664,0.28445785125038914,33,2500,0,0,0,0,0,0,0,0,0,0,0,0,0,0,0,0
572.357,0,1,1,1,0,17121,0.27576705430769965,35,2500,21038,0,54109,27371,64182,0,29098,31398,35518,0,601,6224,24615,0,17323,30129
572.376,1,1,0,1,1,6705,0.2845968824582339,33,2500,0,0,0,0,0,0,0,0,0,0,0,0,0,0,0,0
572.394,0,1,1,1,0,17088,0.2758312907517499,35,2500,21038,0,54109,27371,64182,0,29098,31398,35518,0,601,6224,24615,0,17323,30129
572.413,1,1,0,1,1,6696,0.28473591366607864,33,2500,0,0,0,0,0,0,0,0,0,0,0,0,0,0,0,0
572.431,0,1,1,1,0,17121,0.2758312907517499,35,2500,21038,0,54109,27371,64182,0,29098,31398,35518,0,601,6224,24615,0,17323,30129
572.45,1,1,0,1,1,6646,0.284805429270001,33,2500,0,0,0,0,0,0,0,0,0,0,0,0,0,0,0,0
572.468,0,1,1,1,0,17102,0.2757028178636494,35,2500,21038,0,54109,27371,64182,0,29098,31398,35518,0,601,6224,24615,0,17323,30129
572.487,1,1,0,1,1,6530,0.28466639806215627,33,2500,0,0,0,0,0,0,0,0,0,0,0,0,0,0,0,0
572.505,0,1,1,1,0,17121,0.2757028178636494,35,2500,21038,0,54109,27371,64182,0,29098,31398,35518,0,601,6224,24615,0,17323,30129
572.524,1,1,0,1,1,6421,0.2845273668543115,33,2500,0,0,0,0,0,0,0,0,0,0,0,0,0,0,0,0
572.542,0,1,1,1,0,17119,0.2757028178636494,35,2500,21038,0,54109,27371,64182,0,29098,31398,35518,0,601,6224,24615,0,17323,30129
572.561,1,1,0,1,1,6352,0.28431882004254433,33,2500,0,0,0,0,0,0,0,0,0,0,0,0,0,0,0,0
572.579,0,1,1,1,0,17077,0.2758312907517499,35,2500,21038,0,54109,27371,64182,0,29098,31398,35518,0,601,6224,24615,0,17323,30129
572.598,1,1,0,1,1,6415,0.28431882004254433,33,2500,0,0,0,0,0,0,0,0,0,0,0,0,0,0,0,0
572.616,0,1,1,1,0,16966,0.27557434497554895,36,2500,21038,0,54109,27371,64182,0,29098,31398,35518,0,601,6224,24615,0,17323,30129
572.635,1,1,0,1,1,6470,0.28431882004254433,33,2500,0,0,0,0,0,0,0,0,0,0,0,0,0,0,0,0
572.653,0,1,1,1,0,17087,0.27576705430769965,35,2500,21038,0,54109,27371,64182,0,29098,31398,35518,0,601,6224,24615,0,17323,30129
572.672,1,1,0,1,1,6486,0.28431882004254433,33,2500,0,0,0,0,0,0,0,0,0,0,0,0,0,0,0,0
572.69,0,1,1,1,0,17102,0.2758312907517499,35,2500,21038,0,54109,27371,64182,0,29098,31398,35518,0,601,6224,24615,0,17323,30129
572.709,1,1,0,1,1,6487,0.28445785125038914,33,2500,0,0,0,0,0,0,0,0,0,0,0,0,0,0,0,0
572.727,0,1,1,1,0,17058,0.2757028178636494,35,2500,21038,0,54109,27371,64182,0,29098,31398,35518,0,601,6224,24615,0,17323,30129
572.746,1,1,0,1,1,6445,0.28431882004254433,33,2500,0,0,0,0,0,0,0,0,0,0,0,0,0,0,0,0
572.764,0,1,1,1,0,17059,0.2758955271958001,35,2500,21038,0,54109,27371,64182,0,29098,31398,35518,0,601,6224,24615,0,17323,30129
572.783,1,1,0,1,1,6371,0.2841797888346996,33,2500,0,0,0,0,0,0,0,0,0,0,0,0,0,0,0,0
572.801,0,1,1,1,0,17088,0.27576705430769965,35,2500,21038,0,54109,27371,64182,0,29098,31398,35518,0,601,6224,24615,0,17323,30129
572.82,1,1,0,1,1,6348,0.28424930443862195,33,2500,0,0,0,0,0,0,0,0,0,0,0,0,0,0,0,0
572.838,0,1,1,1,0,17059,0.27576705430769965,35,2500,21038,0,54109,27371,64182,0,29098,31398,35518,0,601,6224,24615,0,17323,30129
572.857,1,1,0,1,1,6342,0.2843883356464667,33,2500,0,0,0,0,0,0,0,0,0,0,0,0,0,0,0,0
572.874,0,1,1,1,0,17102,0.2758312907517499,35,2500,21038,0,54109,27371,64182,0,29098,31398,35518,0,601,6224,24615,0,17323,30129
572.894,1,1,0,1,1,6339,0.2843883356464667,33,2500,0,0,0,0,0,0,0,0,0,0,0,0,0,0,0,0
572.911,0,1,1,1,0,17020,0.2756385814195992,35,2500,21038,0,54109,27371,64182,0,29098,31398,35518,0,601,6224,24615,0,17323,30129
572.931,1,1,0,1,1,6342,0.28424930443862195,33,2500,0,0,0,0,0,0,0,0,0,0,0,0,0,0,0,0
572.948,0,1,1,1,0,17059,0.2758312907517499,35,2500,21038,0,54109,27371,64182,0,29098,31398,35518,0,601,6224,24615,0,17323,30129
572.968,1,1,0,1,1,6348,0.28424930443862195,33,2500,0,0,0,0,0,0,0,0,0,0,0,0,0,0,0,0
572.985,0,1,1,1,0,17088,0.27576705430769965,35,2500,21038,0,54109,27371,64182,0,29098,31398,35518,0,601,6224,24615,0,17323,30129
573.005,1,1,0,1,1,6342,0.2841797888346996,33,2500,0,0,0,0,0,0,0,0,0,0,0,0,0,0,0,0
573.022,0,1,1,1,0,17087,0.27576705430769965,35,2500,21038,0,54109,27371,64182,0,29098,31398,35518,0,601,6224,24615,0,17323,30129
573.042,1,1,0,1,1,6364,0.28424930443862195,33,2500,0,0,0,0,0,0,0,0,0,0,0,0,0,0,0,0
573.059,0,1,1,1,0,17033,0.2757028178636494,35,2500,21038,0,54109,27371,64182,0,29098,31398,35518,0,601,6224,24615,0,17323,30129
573.079,1,1,0,1,1,6414,0.28431882004254433,33,2500,0,0,0,0,0,0,0,0,0,0,0,0,0,0,0,0
573.096,0,1,1,1,0,17102,0.2758312907517499,35,2500,21038,0,54109,27371,64182,0,29098,31398,35518,0,601,6224,24615,0,17323,30129
573.116,1,1,0,1,1,6441,0.2841102732307772,33,2500,0,0,0,0,0,0,0,0,0,0,0,0,0,0,0,0
573.133,0,1,1,1,0,17020,0.2758312907517499,35,2500,21038,0,54109,27371,64182,0,29098,31398,35518,0,601,6224,24615,0,17323,30129
573.153,1,1,0,1,1,6513,0.2841797888346996,33,2500,0,0,0,0,0,0,0,0,0,0,0,0,0,0,0,0
573.17,0,1,1,1,0,17088,0.2758955271958001,35,2500,21038,0,54109,27371,64182,0,29098,31398,35518,0,601,6224,24615,0,17323,30129
573.19,1,1,0,1,1,6573,0.2841797888346996,33,2500,0,0,0,0,0,0,0,0,0,0,0,0,0,0,0,0
573.207,0,1,1,1,0,17077,0.2758955271958001,35,2500,21038,0,54109,27371,64182,0,29098,31398,35518,0,601,6224,24615,0,17323,30129
573.227,1,1,0,1,1,6566,0.2841102732307772,33,2500,0,0,0,0,0,0,0,0,0,0,0,0,0,0,0,0
573.244,0,1,1,1,0,17020,0.27595976363985036,35,2500,21038,0,54109,27371,64182,0,29098,31398,35518,0,601,6224,24615,0,17323,30129
573.264,1,1,0,1,1,6631,0.2841797888346996,33,2500,0,0,0,0,0,0,0,0,0,0,0,0,0,0,0,0
573.281,0,1,1,1,0,16907,0.2758955271958001,34,2500,21038,0,54109,27371,64182,0,29098,31398,35518,0,601,6224,24615,0,17323,30129
573.301,1,1,0,1,1,6656,0.2841102732307772,33,2500,0,0,0,0,0,0,0,0,0,0,0,0,0,0,0,0
573.318,0,1,1,1,0,16903,0.27602400008390066,34,2500,21038,0,54109,27371,64182,0,29098,31398,35518,0,601,6224,24615,0,17323,30129
573.338,1,1,0,1,1,6623,0.2841797888346996,33,2500,0,0,0,0,0,0,0,0,0,0,0,0,0,0,0,0
573.355,0,1,1,1,0,16910,0.27595976363985036,34,2500,21038,0,54109,27371,64182,0,29098,31398,35518,0,601,6224,24615,0,17323,30129
573.375,1,1,0,1,1,6598,0.2841102732307772,33,2500,0,0,0,0,0,0,0,0,0,0,0,0,0,0,0,0
573.392,0,1,1,1,0,17013,0.27615247297200113,35,2500,21038,0,54109,27371,64182,0,29098,31398,35518,0,601,6224,24615,0,17323,30129
573.412,1,1,0,1,1,6519,0.2838322108150877,33,2500,0,0,0,0,0,0,0,0,0,0,0,0,0,0,0,0
573.429,0,1,1,1,0,16904,0.2758955271958001,34,2500,21038,0,54109,27371,64182,0,29098,31398,35518,0,601,6224,24615,0,17323,30129
573.449,1,1,0,1,1,6439,0.28390172641901007,33,2500,0,0,0,0,0,0,0,0,0,0,0,0,0,0,0,0
573.466,0,1,1,1,0,16971,0.27602400008390066,36,2500,21038,0,54109,27371,64182,0,29098,31398,35518,0,601,6224,24615,0,17323,30129
573.486,1,1,0,1,1,6382,0.28390172641901007,33,2500,0,0,0,0,0,0,0,0,0,0,0,0,0,0,0,0
573.503,0,1,1,1,0,16913,0.2758312907517499,34,2500,21038,0,54109,27371,64182,0,29098,31398,35518,0,601,6224,24615,0,17323,30129
573.523,1,1,0,1,1,6320,0.28397124202293245,33,2500,0,0,0,0,0,0,0,0,0,0,0,0,0,0,0,0
573.54,0,1,1,1,0,17005,0.27595976363985036,36,2500,21038,0,54109,27371,64182,0,29098,31398,35518,0,601,6224,24615,0,17323,30129
573.56,1,1,0,1,1,6261,0.2837626952111653,33,2500,0,0,0,0,0,0,0,0,0,0,0,0,0,0,0,0
573.577,0,1,1,1,0,16907,0.2758312907517499,34,2500,21038,0,54109,27371,64182,0,29098,31398,35518,0,601,6224,24615,0,17323,30129
573.597,1,1,0,1,1,6202,0.2838322108150877,33,2500,0,0,0,0,0,0,0,0,0,0,0,0,0,0,0,0
573.614,0,1,1,1,0,16911,0.2758312907517499,34,2500,21038,0,54109,27371,64182,0,29098,31398,35518,0,601,6224,24615,0,17323,30129
573.634,1,1,0,1,1,6195,0.2837626952111653,33,2500,0,0,0,0,0,0,0,0,0,0,0,0,0,0,0,0
573.651,0,1,1,1,0,16968,0.27576705430769965,36,2500,21038,0,54109,27371,64182,0,29098,31398,35518,0,601,6224,24615,0,17323,30129
573.671,1,1,0,1,1,6231,0.28348463279547575,33,2500,0,0,0,0,0,0,0,0,0,0,0,0,0,0,0,0
573.688,0,1,1,1,0,17005,0.27576705430769965,36,2500,21038,0,54109,27371,64182,0,29098,31398,35518,0,601,6224,24615,0,17323,30129
573.708,1,1,0,1,1,6259,0.2837626952111653,33,2500,0,0,0,0,0,0,0,0,0,0,0,0,0,0,0,0
573.725,0,1,1,1,0,17088,0.27595976363985036,35,2500,21038,0,54109,27371,64182,0,29098,31398,35518,0,601,6224,24615,0,17323,30129
573.745,1,1,0,1,1,6321,0.2838322108150877,33,2500,0,0,0,0,0,0,0,0,0,0,0,0,0,0,0,0
573.762,0,1,1,1,0,17058,0.27576705430769965,35,2500,21038,0,54109,27371,64182,0,29098,31398,35518,0,601,6224,24615,0,17323,30129
573.782,1,1,0,1,1,6331,0.2836236640033205,33,2500,0,0,0,0,0,0,0,0,0,0,0,0,0,0,0,0
573.799,0,1,1,1,0,17077,0.27576705430769965,35,2500,21038,0,54109,27371,64182,0,29098,31398,35518,0,601,6224,24615,0,17323,30129
573.819,1,1,0,1,1,6351,0.2837626952111653,33,2500,0,0,0,0,0,0,0,0,0,0,0,0,0,0,0,0
573.836,0,1,1,1,0,17077,0.27576705430769965,35,2500,21038,0,54109,27371,64182,0,29098,31398,35518,0,601,6224,24615,0,17323,30129
573.856,1,1,0,1,1,6378,0.28355414839939813,33,2500,0,0,0,0,0,0,0,0,0,0,0,0,0,0,0,0
573.873,0,1,1,1,0,17027,0.2758312907517499,36,2500,21038,0,54109,27371,64182,0,29098,31398,35518,0,601,6224,24615,0,17323,30129
573.893,1,1,0,1,1,6391,0.2836931796072429,33,2500,0,0,0,0,0,0,0,0,0,0,0,0,0,0,0,0
573.91,0,1,1,1,0,17001,0.2758312907517499,36,2500,21038,0,54109,27371,64182,0,29098,31398,35518,0,601,6224,24615,0,17323,30129
573.93,1,1,0,1,1,6440,0.2837626952111653,33,2500,0,0,0,0,0,0,0,0,0,0,0,0,0,0,0,0
573.947,0,1,1,1,0,17001,0.2758955271958001,36,2500,21038,0,54109,27371,64182,0,29098,31398,35518,0,601,6224,24615,0,17323,30129
573.967,1,1,0,1,1,6491,0.2838322108150877,33,2500,0,0,0,0,0,0,0,0,0,0,0,0,0,0,0,0
573.984,0,1,1,1,0,17059,0.2758312907517499,35,2500,21038,0,54109,27371,64182,0,29098,31398,35518,0,601,6224,24615,0,17323,30129
574.004,1,1,0,1,1,6512,0.28390172641901007,33,2500,0,0,0,0,0,0,0,0,0,0,0,0,0,0,0,0
574.021,0,1,1,1,0,17102,0.27595976363985036,35,2500,21038,0,54109,27371,64182,0,29098,31398,35518,0,601,6224,24615,0,17323,30129
574.041,1,1,0,1,1,6511,0.2840407576268548,33,2500,0,0,0,0,0,0,0,0,0,0,0,0,0,0,0,0
574.058,0,1,1,1,0,17059,0.2758955271958001,35,2500,21038,0,54109,27371,64182,0,29098,31398,35518,0,601,6224,24615,0,17323,30129
574.078,1,1,0,1,1,6498,0.28397124202293245,33,2500,0,0,0,0,0,0,0,0,0,0,0,0,0,0,0,0
574.095,0,1,1,1,0,17059,0.27595976363985036,35,2500,21038,0,54109,27371,64182,0,29098,31398,35518,0,601,6224,24615,0,17323,30129
574.115,1,1,0,1,1,6408,0.28397124202293245,33,2500,0,0,0,0,0,0,0,0,0,0,0,0,0,0,0,0
574.132,0,1,1,1,0,17088,0.27602400008390066,35,2500,21038,0,54109,27371,64182,0,29098,31398,35518,0,601,6224,24615,0,17323,30129
574.152,1,1,0,1,1,6315,0.28390172641901007,33,2500,0,0,0,0,0,0,0,0,0,0,0,0,0,0,0,0
574.169,0,1,1,1,0,17102,0.2758312907517499,35,2500,21038,0,54109,27371,64182,0,29098,31398,35518,0,601,6224,24615,0,17323,30129
574.189,1,1,0,1,1,6270,0.28390172641901007,33,2500,0,0,0,0,0,0,0,0,0,0,0,0,0,0,0,0
574.206,0,1,1,1,0,17103,0.2756385814195992,35,2500,21038,0,54109,27371,64182,0,29098,31398,35518,0,601,6224,24615,0,17323,30129
574.226,1,1,0,1,1,6246,0.2840407576268548,33,2500,0,0,0,0,0,0,0,0,0,0,0,0,0,0,0,0
574.243,0,1,1,1,0,17121,0.2758312907517499,35,2500,21038,0,54109,27371,64182,0,29098,31398,35518,0,601,6224,24615,0,17323,30129
574.263,1,1,0,1,1,6269,0.28390172641901007,33,2500,0,0,0,0,0,0,0,0,0,0,0,0,0,0,0,0
574.28,0,1,1,1,0,17132,0.2758312907517499,35,2500,21038,0,54109,27371,64182,0,29098,31398,35518,0,601,6224,24615,0,17323,30129
574.3,1,1,0,1,1,6342,0.28397124202293245,33,2500,0,0,0,0,0,0,0,0,0,0,0,0,0,0,0,0
574.317,0,1,1,1,0,17132,0.2757028178636494,35,2500,21038,0,54109,27371,64182,0,29098,31398,35518,0,601,6224,24615,0,17323,30129
574.337,1,1,0,1,1,6430,0.2838322108150877,33,2500,0,0,0,0,0,0,0,0,0,0,0,0,0,0,0,0
574.354,0,1,1,1,0,17136,0.2758955271958001,35,2500,21038,0,54109,27371,64182,0,29098,31398,35518,0,601,6224,24615,0,17323,30129
574.374,1,1,0,1,1,6564,0.2836931796072429,33,2500,0,0,0,0,0,0,0,0,0,0,0,0,0,0,0,0
574.391,0,1,1,1,0,17121,0.27576705430769965,35,2500,21038,0,54109,27371,64182,0,29098,31398,35518,0,601,6224,24615,0,17323,30129
574.411,1,1,0,1,1,6597,0.2836931796072429,33,2500,0,0,0,0,0,0,0,0,0,0,0,0,0,0,0,0
574.428,0,1,1,1,0,17132,0.2757028178636494,35,2500,21038,0,54109,27371,64182,0,29098,31398,35518,0,601,6224,24615,0,17323,30129
574.448,1,1,0,1,1,6571,0.2836236640033205,33,2500,0,0,0,0,0,0,0,0,0,0,0,0,0,0,0,0
574.465,0,1,1,1,0,17132,0.2757028178636494,35,2500,21038,0,54109,27371,64182,0,29098,31398,35518,0,601,6224,24615,0,17323,30129
574.485,1,1,0,1,1,6546,0.2836931796072429,33,2500,0,0,0,0,0,0,0,0,0,0,0,0,0,0,0,0
574.502,0,1,1,1,0,17121,0.2756385814195992,35,2500,21038,0,54109,27371,64182,0,29098,31398,35518,0,601,6224,24615,0,17323,30129
574.522,1,1,0,1,1,6472,0.2836931796072429,33,2500,0,0,0,0,0,0,0,0,0,0,0,0,0,0,0,0
574.539,0,1,1,1,0,17121,0.2757028178636494,35,2500,21038,0,54109,27371,64182,0,29098,31398,35518,0,601,6224,24615,0,17323,30129
574.559,1,1,0,1,1,6421,0.2836931796072429,33,2500,0,0,0,0,0,0,0,0,0,0,0,0,0,0,0,0
574.576,0,1,1,1,0,17121,0.2757028178636494,35,2500,21038,0,54109,27371,64182,0,29098,31398,35518,0,601,6224,24615,0,17323,30129
574.596,1,1,0,1,1,6413,0.2836931796072429,33,2500,0,0,0,0,0,0,0,0,0,0,0,0,0,0,0,0
574.613,0,1,1,1,0,17136,0.27576705430769965,35,2500,21038,0,54109,27371,64182,0,29098,31398,35518,0,601,6224,24615,0,17323,30129
574.633,1,1,0,1,1,6343,0.28348463279547575,33,2500,0,0,0,0,0,0,0,0,0,0,0,0,0,0,0,0
574.65,0,1,1,1,0,17132,0.27576705430769965,35,2500,21038,0,54109,27371,64182,0,29098,31398,35518,0,601,6224,24615,0,17323,30129
574.67,1,1,0,1,1,6349,0.28348463279547575,33,2500,0,0,0,0,0,0,0,0,0,0,0,0,0,0,0,0
574.687,0,1,1,1,0,17132,0.27576705430769965,35,2500,21038,0,54109,27371,64182,0,29098,31398,35518,0,601,6224,24615,0,17323,30129
574.707,1,1,0,1,1,6355,0.28355414839939813,33,2500,0,0,0,0,0,0,0,0,0,0,0,0,0,0,0,0
574.724,0,1,1,1,0,17128,0.27576705430769965,35,2500,21038,0,54109,27371,64182,0,29098,31398,35518,0,601,6224,24615,0,17323,30129
574.744,1,1,0,1,1,6334,0.2836236640033205,33,2500,0,0,0,0,0,0,0,0,0,0,0,0,0,0,0,0
574.761,0,1,1,1,0,17102,0.2758312907517499,35,2500,21038,0,54109,27371,64182,0,29098,31398,35518,0,601,6224,24615,0,17323,30129
574.78,1,1,0,1,1,6367,0.2837626952111653,33,2500,0,0,0,0,0,0,0,0,0,0,0,0,0,0,0,0
574.798,0,1,1,1,0,17102,0.2756385814195992,35,2500,21038,0,54109,27371,64182,0,29098,31398,35518,0,601,6224,24615,0,17323,30129
574.817,1,1,0,1,1,6367,0.2836931796072429,33,2500,0,0,0,0,0,0,0,0,0,0,0,0,0,0,0,0
574.835,0,1,1,1,0,17120,0.2758312907517499,35,2500,21038,0,54109,27371,64182,0,29098,31398,35518,0,601,6224,24615,0,17323,30129
574.854,1,1,0,1,1,6365,0.2837626952111653,33,2500,0,0,0,0,0,0,0,0,0,0,0,0,0,0,0,0
574.872,0,1,1,1,0,17132,0.27576705430769965,35,2500,21038,0,54109,27371,64182,0,29098,31398,35518,0,601,6224,24615,0,17323,30129
574.891,1,1,0,1,1,6364,0.28397124202293245,33,2500,0,0,0,0,0,0,0,0,0,0,0,0,0,0,0,0
574.909,0,1,1,1,0,17121,0.2757028178636494,35,2500,21038,0,54109,27371,64182,0,29098,31398,35518,0,601,6224,24615,0,17323,30129
574.928,1,1,0,1,1,6444,0.2841102732307772,33,2500,0,0,0,0,0,0,0,0,0,0,0,0,0,0,0,0
574.946,0,1,1,1,0,17121,0.2757028178636494,35,2500,21038,0,54109,27371,64182,0,29098,31398,35518,0,601,6224,24615,0,17323,30129
574.965,1,1,0,1,1,6475,0.28424930443862195,33,2500,0,0,0,0,0,0,0,0,0,0,0,0,0,0,0,0
574.983,0,1,1,1,0,17132,0.2757028178636494,35,2500,21038,0,54109,27371,64182,0,29098,31398,35518,0,601,6224,24615,0,17323,30129
575.002,1,1,0,1,1,6541,0.2843883356464667,33,2500,0,0,0,0,0,0,0,0,0,0,0,0,0,0,0,0
575.02,0,1,1,1,0,17132,0.27557434497554895,35,2500,21038,0,54109,27371,64182,0,29098,31398,35518,0,601,6224,24615,0,17323,30129
575.039,1,1,0,1,1,6557,0.28431882004254433,33,2500,0,0,0,0,0,0,0,0,0,0,0,0,0,0,0,0
575.057,0,1,1,1,0,17128,0.27557434497554895,35,2500,21038,0,54109,27371,64182,0,29098,31398,35518,0,601,6224,24615,0,17323,30129
575.076,1,1,0,1,1,6559,0.2843883356464667,33,2500,0,0,0,0,0,0,0,0,0,0,0,0,0,0,0,0
575.094,0,1,1,1,0,17132,0.27557434497554895,35,2500,21038,0,54109,27371,64182,0,29098,31398,35518,0,601,6224,24615,0,17323,30129
575.113,1,1,0,1,1,6475,0.2843883356464667,33,2500,0,0,0,0,0,0,0,0,0,0,0,0,0,0,0,0
575.131,0,1,1,1,0,17121,0.27557434497554895,35,2500,21038,0,54109,27371,64182,0,29098,31398,35518,0,601,6224,24615,0,17323,30129
575.15,1,1,0,1,1,6407,0.2843883356464667,33,2500,0,0,0,0,0,0,0,0,0,0,0,0,0,0,0,0
575.168,0,1,1,1,0,17121,0.2757028178636494,35,2500,21038,0,54109,27371,64182,0,29098,31398,35518,0,601,6224,24615,0,17323,30129
575.187,1,1,0,1,1,6335,0.28445785125038914,33,2500,0,0,0,0,0,0,0,0,0,0,0,0,0,0,0,0
575.205,0,1,1,1,0,17104,0.2757028178636494,35,2500,21038,0,54109,27371,64182,0,29098,31398,35518,0,601,6224,24615,0,17323,30129
575.224,1,1,0,1,1,6307,0.28445785125038914,33,2500,0,0,0,0,0,0,0,0,0,0,0,0,0,0,0,0
575.242,0,1,1,1,0,17001,0.2757028178636494,36,2500,21038,0,54109,27371,64182,0,29098,31398,35518,0,601,6224,24615,0,17323,30129
575.261,1,1,0,1,1,6323,0.28431882004254433,33,2500,0,0,0,0,0,0,0,0,0,0,0,0,0,0,0,0
575.279,0,1,1,1,0,17102,0.2757028178636494,35,2500,21038,0,54109,27371,64182,0,29098,31398,35518,0,601,6224,24615,0,17323,30129
575.298,1,1,0,1,1,6400,0.2843883356464667,33,2500,0,0,0,0,0,0,0,0,0,0,0,0,0,0,0,0
575.316,0,1,1,1,0,16963,0.2757028178636494,36,2500,21038,0,54109,27371,64182,0,29098,31398,35518,0,601,6224,24615,0,17323,30129
575.335,1,1,0,1,1,6504,0.2841797888346996,33,2500,0,0,0,0,0,0,0,0,0,0,0,0,0,0,0,0
575.353,0,1,1,1,0,17002,0.27576705430769965,36,2500,21038,0,54109,27371,64182,0,29098,31398,35518,0,601,6224,24615,0,17323,30129
575.372,1,1,0,1,1,6554,0.2841797888346996,33,2500,0,0,0,0,0,0,0,0,0,0,0,0,0,0,0,0
575.39,0,1,1,1,0,16883,0.27576705430769965,34,2500,21038,0,54109,27371,64182,0,29098,31398,35518,0,601,6224,24615,0,17323,30129
575.409,1,1,0,1,1,6572,0.2841102732307772,33,2500,0,0,0,0,0,0,0,0,0,0,0,0,0,0,0,0
575.427,0,1,1,1,0,16917,0.2758955271958001,34,2500,21038,0,54109,27371,64182,0,29098,31398,35518,0,601,6224,24615,0,17323,30129
575.446,1,1,0,1,1,6530,0.2838322108150877,33,2500,0,0,0,0,0,0,0,0,0,0,0,0,0,0,0,0
575.464,0,1,1,1,0,17141,0.27615247297200113,35,2500,21038,0,54109,27371,64182,0,29098,31398,35518,0,601,6224,24615,0,17323,30129
