time[s],SensorID,event,mask,tL.num_valid_targets,tL.reserved,tL.targets[0].amplitude,tL.targets[0].range,tL.targets[0].reserved[0],tL.targets[0].reserved[1],tL.targets[1].amplitude,tL.targets[1].range,tL.targets[1].reserved[0],tL.targets[1].reserved[1],tL.targets[2].amplitude,tL.targets[2].range,tL.targets[2].reserved[0],tL.targets[2].reserved[1],tL.targets[3].amplitude,tL.targets[3].range,tL.targets[3].reserved[0],tL.targets[3].reserved[1],tL.targets[4].amplitude,tL.targets[4].range,tL.targets[4].reserved[0],tL.targets[4].reserved[1]
592.404,0,1,1,1,0,17141,0.2862375946878895,40,2500,21038,0,54109,27371,64182,0,29098,31398,35518,0,601,6224,24615,0,17323,30129
592.424,1,1,0,1,1,5361,0.2870299285955173,33,2500,0,0,0,0,0,0,0,0,0,0,0,0,0,0,0,0
592.441,0,1,1,1,0,17141,0.28636606757599,40,2500,21038,0,54109,27371,64182,0,29098,31398,35518,0,601,6224,24615,0,17323,30129
592.461,1,1,0,1,1,5219,0.28696041299159486,33,2500,0,0,0,0,0,0,0,0,0,0,0,0,0,0,0,0
592.478,0,1,1,1,0,17141,0.28636606757599,38,2500,21038,0,54109,27371,64182,0,29098,31398,35518,0,601,6224,24615,0,17323,30129
592.498,1,1,0,1,1,5136,0.2868908973876725,33,2500,0,0,0,0,0,0,0,0,0,0,0,0,0,0,0,0
592.515,0,1,1,1,0,17141,0.28630183113193974,40,2500,21038,0,54109,27371,64182,0,29098,31398,35518,0,601,6224,24615,0,17323,30129
592.535,1,1,0,1,1,5046,0.28668235057590535,33,2500,0,0,0,0,0,0,0,0,0,0,0,0,0,0,0,0
592.552,0,1,1,1,0,17141,0.2864945404640905,40,2500,21038,0,54109,27371,64182,0,29098,31398,35518,0,601,6224,24615,0,17323,30129
592.572,1,1,0,1,1,4974,0.28668235057590535,33,2500,0,0,0,0,0,0,0,0,0,0,0,0,0,0,0,0
592.589,0,1,1,1,0,17141,0.28630183113193974,39,2500,21038,0,54109,27371,64182,0,29098,31398,35518,0,601,6224,24615,0,17323,30129
592.609,1,1,0,1,1,4926,0.2864738037641382,33,2500,0,0,0,0,0,0,0,0,0,0,0,0,0,0,0,0
592.626,0,1,1,1,0,17141,0.28617335824383927,38,2500,21038,0,54109,27371,64182,0,29098,31398,35518,0,601,6224,24615,0,17323,30129
592.646,1,1,0,1,1,4903,0.2864738037641382,33,2500,0,0,0,0,0,0,0,0,0,0,0,0,0,0,0,0
592.663,0,1,1,1,0,17141,0.2859806489116885,37,2500,21038,0,54109,27371,64182,0,29098,31398,35518,0,601,6224,24615,0,17323,30129
592.682,1,1,0,1,1,4936,0.2864738037641382,33,2500,0,0,0,0,0,0,0,0,0,0,0,0,0,0,0,0
592.7,0,1,1,1,0,17141,0.28610912179978903,38,2500,21038,0,54109,27371,64182,0,29098,31398,35518,0,601,6224,24615,0,17323,30129
592.719,1,1,0,1,1,5042,0.2864738037641382,33,2500,0,0,0,0,0,0,0,0,0,0,0,0,0,0,0,0
592.737,0,1,1,1,0,17141,0.28610912179978903,37,2500,21038,0,54109,27371,64182,0,29098,31398,35518,0,601,6224,24615,0,17323,30129
592.756,1,1,0,1,1,5200,0.28675186617982773,33,2500,0,0,0,0,0,0,0,0,0,0,0,0,0,0,0,0
592.774,0,1,1,1,0,17140,0.28610912179978903,37,2500,21038,0,54109,27371,64182,0,29098,31398,35518,0,601,6224,24615,0,17323,30129
592.793,1,1,0,1,1,5304,0.28696041299159486,33,2500,0,0,0,0,0,0,0,0,0,0,0,0,0,0,0,0
592.811,0,1,1,1,0,17140,0.2860448853557388,37,2500,21038,0,54109,27371,64182,0,29098,31398,35518,0,601,6224,24615,0,17323,30129
592.83,1,1,0,1,1,5426,0.28709944419943967,33,2500,0,0,0,0,0,0,0,0,0,0,0,0,0,0,0,0
592.848,0,1,1,1,0,17118,0.28610912179978903,36,2500,21038,0,54109,27371,64182,0,29098,31398,35518,0,601,6224,24615,0,17323,30129
592.867,1,1,0,1,1,5515,0.2873079910112068,33,2500,0,0,0,0,0,0,0,0,0,0,0,0,0,0,0,0
592.885,0,1,1,1,0,17141,0.2860448853557388,38,2500,21038,0,54109,27371,64182,0,29098,31398,35518,0,601,6224,24615,0,17323,30129
592.904,1,1,0,1,1,5592,0.2875165378229739,33,2500,0,0,0,0,0,0,0,0,0,0,0,0,0,0,0,0
592.922,0,1,1,1,0,17141,0.2860448853557388,37,2500,21038,0,54109,27371,64182,0,29098,31398,35518,0,601,6224,24615,0,17323,30129
592.941,1,1,0,1,1,5638,0.28744702221905155,33,2500,0,0,0,0,0,0,0,0,0,0,0,0,0,0,0,0
592.959,0,1,1,1,0,17141,0.28617335824383927,37,2500,21038,0,54109,27371,64182,0,29098,31398,35518,0,601,6224,24615,0,17323,30129
592.978,1,1,0,1,1,5675,0.2877250846347411,33,2500,0,0,0,0,0,0,0,0,0,0,0,0,0,0,0,0
592.996,0,1,1,1,0,16991,0.28591641246763827,38,2500,21038,0,54109,27371,64182,0,29098,31398,35518,0,601,6224,24615,0,17323,30129
593.015,1,1,0,1,1,5673,0.28786411584258587,33,2500,0,0,0,0,0,0,0,0,0,0,0,0,0,0,0,0
593.033,0,1,1,1,0,17022,0.28572370313548756,36,2500,21038,0,54109,27371,64182,0,29098,31398,35518,0,601,6224,24615,0,17323,30129
593.052,1,1,0,1,1,5651,0.2877946002386635,33,2500,0,0,0,0,0,0,0,0,0,0,0,0,0,0,0,0
593.07,0,1,1,1,0,17068,0.28591641246763827,37,2500,21038,0,54109,27371,64182,0,29098,31398,35518,0,601,6224,24615,0,17323,30129
593.089,1,1,0,1,1,5639,0.28786411584258587,33,2500,0,0,0,0,0,0,0,0,0,0,0,0,0,0,0,0
593.107,0,1,1,1,0,17068,0.2859806489116885,37,2500,21038,0,54109,27371,64182,0,29098,31398,35518,0,601,6224,24615,0,17323,30129
593.126,1,1,0,1,1,5608,0.28786411584258587,33,2500,0,0,0,0,0,0,0,0,0,0,0,0,0,0,0,0
593.144,0,1,1,1,0,16963,0.2857879395795378,36,2500,21038,0,54109,27371,64182,0,29098,31398,35518,0,601,6224,24615,0,17323,30129
593.163,1,1,0,1,1,5536,0.28786411584258587,33,2500,0,0,0,0,0,0,0,0,0,0,0,0,0,0,0,0
593.181,0,1,1,1,0,16921,0.28591641246763827,36,2500,21038,0,54109,27371,64182,0,29098,31398,35518,0,601,6224,24615,0,17323,30129
593.2,1,1,0,1,1,5548,0.28786411584258587,33,2500,0,0,0,0,0,0,0,0,0,0,0,0,0,0,0,0
593.218,0,1,1,1,0,17013,0.28591641246763827,38,2500,21038,0,54109,27371,64182,0,29098,31398,35518,0,601,6224,24615,0,17323,30129
593.237,1,1,0,1,1,5583,0.288072662654353,33,2500,0,0,0,0,0,0,0,0,0,0,0,0,0,0,0,0
593.255,0,1,1,1,0,17051,0.28591641246763827,38,2500,21038,0,54109,27371,64182,0,29098,31398,35518,0,601,6224,24615,0,17323,30129
593.274,1,1,0,1,1,5562,0.28814217825827537,33,2500,0,0,0,0,0,0,0,0,0,0,0,0,0,0,0,0
593.292,0,1,1,1,0,16849,0.28591641246763827,35,2500,21038,0,54109,27371,64182,0,29098,31398,35518,0,601,6224,24615,0,17323,30129
593.311,1,1,0,1,1,5564,0.28821169386219775,33,2500,0,0,0,0,0,0,0,0,0,0,0,0,0,0,0,0
593.329,0,1,1,1,0,16838,0.28591641246763827,35,2500,21038,0,54109,27371,64182,0,29098,31398,35518,0,601,6224,24615,0,17323,30129
593.348,1,1,0,1,1,5546,0.28821169386219775,33,2500,0,0,0,0,0,0,0,0,0,0,0,0,0,0,0,0
593.366,0,1,1,1,0,17091,0.28636606757599,36,2500,21038,0,54109,27371,64182,0,29098,31398,35518,0,601,6224,24615,0,17323,30129
593.385,1,1,0,1,1,5532,0.2882812094661201,33,2500,0,0,0,0,0,0,0,0,0,0,0,0,0,0,0,0
593.403,0,1,1,1,0,17141,0.28617335824383927,37,2500,21038,0,54109,27371,64182,0,29098,31398,35518,0,601,6224,24615,0,17323,30129
593.422,1,1,0,1,1,5545,0.28835072507004256,33,2500,0,0,0,0,0,0,0,0,0,0,0,0,0,0,0,0
593.44,0,1,1,1,0,17022,0.28610912179978903,36,2500,21038,0,54109,27371,64182,0,29098,31398,35518,0,601,6224,24615,0,17323,30129
593.459,1,1,0,1,1,5502,0.28835072507004256,33,2500,0,0,0,0,0,0,0,0,0,0,0,0,0,0,0,0
593.477,0,1,1,1,0,17101,0.28610912179978903,36,2500,21038,0,54109,27371,64182,0,29098,31398,35518,0,601,6224,24615,0,17323,30129
593.496,1,1,0,1,1,5418,0.28835072507004256,33,2500,0,0,0,0,0,0,0,0,0,0,0,0,0,0,0,0
593.514,0,1,1,1,0,17049,0.28617335824383927,36,2500,21038,0,54109,27371,64182,0,29098,31398,35518,0,601,6224,24615,0,17323,30129
593.533,1,1,0,1,1,5385,0.28835072507004256,33,2500,0,0,0,0,0,0,0,0,0,0,0,0,0,0,0,0
593.551,0,1,1,1,0,17118,0.28617335824383927,36,2500,21038,0,54109,27371,64182,0,29098,31398,35518,0,601,6224,24615,0,17323,30129
593.57,1,1,0,1,1,5317,0.2882812094661201,33,2500,0,0,0,0,0,0,0,0,0,0,0,0,0,0,0,0
593.588,0,1,1,1,0,17123,0.28610912179978903,36,2500,21038,0,54109,27371,64182,0,29098,31398,35518,0,601,6224,24615,0,17323,30129
593.607,1,1,0,1,1,5252,0.28842024067396493,33,2500,0,0,0,0,0,0,0,0,0,0,0,0,0,0,0,0
593.625,0,1,1,1,0,17101,0.28610912179978903,36,2500,21038,0,54109,27371,64182,0,29098,31398,35518,0,601,6224,24615,0,17323,30129
593.644,1,1,0,1,1,5219,0.2885592718818097,33,2500,0,0,0,0,0,0,0,0,0,0,0,0,0,0,0,0
593.662,0,1,1,1,0,17022,0.2860448853557388,36,2500,21038,0,54109,27371,64182,0,29098,31398,35518,0,601,6224,24615,0,17323,30129
593.681,1,1,0,1,1,5160,0.28842024067396493,33,2500,0,0,0,0,0,0,0,0,0,0,0,0,0,0,0,0
593.699,0,1,1,1,0,17043,0.28585217602358803,36,2500,21038,0,54109,27371,64182,0,29098,31398,35518,0,601,6224,24615,0,17323,30129
593.718,1,1,0,1,1,5170,0.28869830308965444,33,2500,0,0,0,0,0,0,0,0,0,0,0,0,0,0,0,0
593.736,0,1,1,1,0,17049,0.2859806489116885,36,2500,21038,0,54109,27371,64182,0,29098,31398,35518,0,601,6224,24615,0,17323,30129
593.755,1,1,0,1,1,5170,0.2887678186935768,33,2500,0,0,0,0,0,0,0,0,0,0,0,0,0,0,0,0
593.772,0,1,1,1,0,16974,0.2857879395795378,38,2500,21038,0,54109,27371,64182,0,29098,31398,35518,0,601,6224,24615,0,17323,30129
593.792,1,1,0,1,1,5190,0.28862878748573206,33,2500,0,0,0,0,0,0,0,0,0,0,0,0,0,0,0,0
593.809,0,1,1,1,0,16963,0.28585217602358803,36,2500,21038,0,54109,27371,64182,0,29098,31398,35518,0,601,6224,24615,0,17323,30129
593.829,1,1,0,1,1,5178,0.2888373342974992,33,2500,0,0,0,0,0,0,0,0,0,0,0,0,0,0,0,0
593.846,0,1,1,1,0,16974,0.2859806489116885,38,2500,21038,0,54109,27371,64182,0,29098,31398,35518,0,601,6224,24615,0,17323,30129
593.866,1,1,0,1,1,5204,0.2888373342974992,33,2500,0,0,0,0,0,0,0,0,0,0,0,0,0,0,0,0
593.883,0,1,1,1,0,17022,0.2857879395795378,36,2500,21038,0,54109,27371,64182,0,29098,31398,35518,0,601,6224,24615,0,17323,30129
593.903,1,1,0,1,1,5230,0.2888373342974992,33,2500,0,0,0,0,0,0,0,0,0,0,0,0,0,0,0,0
593.92,0,1,1,1,0,16912,0.2856594666914373,36,2500,21038,0,54109,27371,64182,0,29098,31398,35518,0,601,6224,24615,0,17323,30129
593.94,1,1,0,1,1,5230,0.288976365505344,33,2500,0,0,0,0,0,0,0,0,0,0,0,0,0,0,0,0
593.957,0,1,1,1,0,17068,0.28572370313548756,37,2500,21038,0,54109,27371,64182,0,29098,31398,35518,0,601,6224,24615,0,17323,30129
593.977,1,1,0,1,1,5194,0.2888373342974992,33,2500,0,0,0,0,0,0,0,0,0,0,0,0,0,0,0,0
593.994,0,1,1,1,0,17092,0.2857879395795378,37,2500,21038,0,54109,27371,64182,0,29098,31398,35518,0,601,6224,24615,0,17323,30129
594.014,1,1,0,1,1,5196,0.28862878748573206,33,2500,0,0,0,0,0,0,0,0,0,0,0,0,0,0,0,0
594.031,0,1,1,1,0,17068,0.2856594666914373,37,2500,21038,0,54109,27371,64182,0,29098,31398,35518,0,601,6224,24615,0,17323,30129
594.051,1,1,0,1,1,5159,0.2887678186935768,33,2500,0,0,0,0,0,0,0,0,0,0,0,0,0,0,0,0
594.068,0,1,1,1,0,16951,0.2855952302473871,38,2500,21038,0,54109,27371,64182,0,29098,31398,35518,0,601,6224,24615,0,17323,30129
594.088,1,1,0,1,1,5171,0.28890684990142157,33,2500,0,0,0,0,0,0,0,0,0,0,0,0,0,0,0,0
594.105,0,1,1,1,0,17022,0.28585217602358803,36,2500,21038,0,54109,27371,64182,0,29098,31398,35518,0,601,6224,24615,0,17323,30129
594.125,1,1,0,1,1,5134,0.28862878748573206,33,2500,0,0,0,0,0,0,0,0,0,0,0,0,0,0,0,0
594.142,0,1,1,1,0,17049,0.28572370313548756,36,2500,21038,0,54109,27371,64182,0,29098,31398,35518,0,601,6224,24615,0,17323,30129
594.162,1,1,0,1,1,5166,0.2885592718818097,33,2500,0,0,0,0,0,0,0,0,0,0,0,0,0,0,0,0
594.179,0,1,1,1,0,17075,0.28572370313548756,36,2500,21038,0,54109,27371,64182,0,29098,31398,35518,0,601,6224,24615,0,17323,30129
594.199,1,1,0,1,1,5182,0.2884897562778873,33,2500,0,0,0,0,0,0,0,0,0,0,0,0,0,0,0,0
594.216,0,1,1,1,0,17049,0.28585217602358803,36,2500,21038,0,54109,27371,64182,0,29098,31398,35518,0,601,6224,24615,0,17323,30129
594.236,1,1,0,1,1,5240,0.28842024067396493,33,2500,0,0,0,0,0,0,0,0,0,0,0,0,0,0,0,0
594.253,0,1,1,1,0,17123,0.28585217602358803,36,2500,21038,0,54109,27371,64182,0,29098,31398,35518,0,601,6224,24615,0,17323,30129
594.273,1,1,0,1,1,5280,0.28835072507004256,33,2500,0,0,0,0,0,0,0,0,0,0,0,0,0,0,0,0
594.29,0,1,1,1,0,17091,0.2857879395795378,36,2500,21038,0,54109,27371,64182,0,29098,31398,35518,0,601,6224,24615,0,17323,30129
594.31,1,1,0,1,1,5326,0.28821169386219775,33,2500,0,0,0,0,0,0,0,0,0,0,0,0,0,0,0,0
594.327,0,1,1,1,0,17141,0.28591641246763827,38,2500,21038,0,54109,27371,64182,0,29098,31398,35518,0,601,6224,24615,0,17323,30129
594.347,1,1,0,1,1,5369,0.28821169386219775,33,2500,0,0,0,0,0,0,0,0,0,0,0,0,0,0,0,0
594.364,0,1,1,1,0,17012,0.2855952302473871,38,2500,21038,0,54109,27371,64182,0,29098,31398,35518,0,601,6224,24615,0,17323,30129
594.384,1,1,0,1,1,5425,0.28814217825827537,33,2500,0,0,0,0,0,0,0,0,0,0,0,0,0,0,0,0
594.401,0,1,1,1,0,16843,0.2856594666914373,35,2500,21038,0,54109,27371,64182,0,29098,31398,35518,0,601,6224,24615,0,17323,30129
594.421,1,1,0,1,1,5417,0.28821169386219775,33,2500,0,0,0,0,0,0,0,0,0,0,0,0,0,0,0,0
594.438,0,1,1,1,0,17087,0.28572370313548756,37,2500,21038,0,54109,27371,64182,0,29098,31398,35518,0,601,6224,24615,0,17323,30129
594.458,1,1,0,1,1,5436,0.2882812094661201,33,2500,0,0,0,0,0,0,0,0,0,0,0,0,0,0,0,0
594.475,0,1,1,1,0,16941,0.28572370313548756,36,2500,21038,0,54109,27371,64182,0,29098,31398,35518,0,601,6224,24615,0,17323,30129
594.495,1,1,0,1,1,5415,0.28842024067396493,33,2500,0,0,0,0,0,0,0,0,0,0,0,0,0,0,0,0
594.512,0,1,1,1,0,17068,0.28585217602358803,37,2500,21038,0,54109,27371,64182,0,29098,31398,35518,0,601,6224,24615,0,17323,30129
594.532,1,1,0,1,1,5410,0.2884897562778873,33,2500,0,0,0,0,0,0,0,0,0,0,0,0,0,0,0,0
594.549,0,1,1,1,0,16834,0.2857879395795378,35,2500,21038,0,54109,27371,64182,0,29098,31398,35518,0,601,6224,24615,0,17323,30129
594.569,1,1,0,1,1,5377,0.28842024067396493,33,2500,0,0,0,0,0,0,0,0,0,0,0,0,0,0,0,0
594.586,0,1,1,1,0,16974,0.2857879395795378,38,2500,21038,0,54109,27371,64182,0,29098,31398,35518,0,601,6224,24615,0,17323,30129
594.606,1,1,0,1,1,5345,0.28842024067396493,33,2500,0,0,0,0,0,0,0,0,0,0,0,0,0,0,0,0
594.623,0,1,1,1,0,17068,0.2860448853557388,37,2500,21038,0,54109,27371,64182,0,29098,31398,35518,0,601,6224,24615,0,17323,30129
594.643,1,1,0,1,1,5327,0.28862878748573206,33,2500,0,0,0,0,0,0,0,0,0,0,0,0,0,0,0,0
594.66,0,1,1,1,0,17014,0.28585217602358803,38,2500,21038,0,54109,27371,64182,0,29098,31398,35518,0,601,6224,24615,0,17323,30129
594.68,1,1,0,1,1,5296,0.28842024067396493,33,2500,0,0,0,0,0,0,0,0,0,0,0,0,0,0,0,0
594.697,0,1,1,1,0,16992,0.28591641246763827,38,2500,21038,0,54109,27371,64182,0,29098,31398,35518,0,601,6224,24615,0,17323,30129
594.717,1,1,0,1,1,5245,0.28842024067396493,33,2500,0,0,0,0,0,0,0,0,0,0,0,0,0,0,0,0
594.734,0,1,1,1,0,16995,0.28591641246763827,36,2500,21038,0,54109,27371,64182,0,29098,31398,35518,0,601,6224,24615,0,17323,30129
594.754,1,1,0,1,1,5193,0.28842024067396493,33,2500,0,0,0,0,0,0,0,0,0,0,0,0,0,0,0,0
594.771,0,1,1,1,0,16912,0.2859806489116885,36,2500,21038,0,54109,27371,64182,0,29098,31398,35518,0,601,6224,24615,0,17323,30129
594.791,1,1,0,1,1,5106,0.28821169386219775,33,2500,0,0,0,0,0,0,0,0,0,0,0,0,0,0,0,0
594.808,0,1,1,1,0,17022,0.28591641246763827,36,2500,21038,0,54109,27371,64182,0,29098,31398,35518,0,601,6224,24615,0,17323,30129
594.828,1,1,0,1,1,5039,0.28814217825827537,33,2500,0,0,0,0,0,0,0,0,0,0,0,0,0,0,0,0
594.845,0,1,1,1,0,17049,0.2859806489116885,36,2500,21038,0,54109,27371,64182,0,29098,31398,35518,0,601,6224,24615,0,17323,30129
594.865,1,1,0,1,1,4996,0.28786411584258587,33,2500,0,0,0,0,0,0,0,0,0,0,0,0,0,0,0,0
594.882,0,1,1,1,0,17123,0.2860448853557388,36,2500,21038,0,54109,27371,64182,0,29098,31398,35518,0,601,6224,24615,0,17323,30129
594.902,1,1,0,1,1,5005,0.2877946002386635,33,2500,0,0,0,0,0,0,0,0,0,0,0,0,0,0,0,0
594.919,0,1,1,1,0,17087,0.28591641246763827,36,2500,21038,0,54109,27371,64182,0,29098,31398,35518,0,601,6224,24615,0,17323,30129
594.939,1,1,0,1,1,4997,0.2876555690308187,33,2500,0,0,0,0,0,0,0,0,0,0,0,0,0,0,0,0
594.956,0,1,1,1,0,17141,0.28591641246763827,37,2500,21038,0,54109,27371,64182,0,29098,31398,35518,0,601,6224,24615,0,17323,30129
594.976,1,1,0,1,1,5031,0.2876555690308187,33,2500,0,0,0,0,0,0,0,0,0,0,0,0,0,0,0,0
594.993,0,1,1,1,0,17141,0.28610912179978903,39,2500,21038,0,54109,27371,64182,0,29098,31398,35518,0,601,6224,24615,0,17323,30129
595.013,1,1,0,1,1,5047,0.2876555690308187,33,2500,0,0,0,0,0,0,0,0,0,0,0,0,0,0,0,0
595.03,0,1,1,1,0,17141,0.28610912179978903,37,2500,21038,0,54109,27371,64182,0,29098,31398,35518,0,601,6224,24615,0,17323,30129
595.05,1,1,0,1,1,5086,0.2875860534268963,33,2500,0,0,0,0,0,0,0,0,0,0,0,0,0,0,0,0
595.067,0,1,1,1,0,17141,0.28617335824383927,39,2500,21038,0,54109,27371,64182,0,29098,31398,35518,0,601,6224,24615,0,17323,30129
595.087,1,1,0,1,1,5131,0.2875165378229739,33,2500,0,0,0,0,0,0,0,0,0,0,0,0,0,0,0,0
595.104,0,1,1,1,0,17141,0.2862375946878895,38,2500,21038,0,54109,27371,64182,0,29098,31398,35518,0,601,6224,24615,0,17323,30129
595.124,1,1,0,1,1,5143,0.2876555690308187,33,2500,0,0,0,0,0,0,0,0,0,0,0,0,0,0,0,0
595.141,0,1,1,1,0,17141,0.2862375946878895,38,2500,21038,0,54109,27371,64182,0,29098,31398,35518,0,601,6224,24615,0,17323,30129
595.161,1,1,0,1,1,5186,0.28786411584258587,33,2500,0,0,0,0,0,0,0,0,0,0,0,0,0,0,0,0
595.178,0,1,1,1,0,17141,0.28630183113193974,39,2500,21038,0,54109,27371,64182,0,29098,31398,35518,0,601,6224,24615,0,17323,30129
595.198,1,1,0,1,1,5222,0.2877250846347411,33,2500,0,0,0,0,0,0,0,0,0,0,0,0,0,0,0,0
595.215,0,1,1,1,0,17141,0.28630183113193974,39,2500,21038,0,54109,27371,64182,0,29098,31398,35518,0,601,6224,24615,0,17323,30129
595.235,1,1,0,1,1,5212,0.2876555690308187,33,2500,0,0,0,0,0,0,0,0,0,0,0,0,0,0,0,0
595.252,0,1,1,1,0,17141,0.28617335824383927,39,2500,21038,0,54109,27371,64182,0,29098,31398,35518,0,601,6224,24615,0,17323,30129
595.272,1,1,0,1,1,5239,0.2877946002386635,33,2500,0,0,0,0,0,0,0,0,0,0,0,0,0,0,0,0
595.289,0,1,1,1,0,17141,0.2860448853557388,37,2500,21038,0,54109,27371,64182,0,29098,31398,35518,0,601,6224,24615,0,17323,30129
595.309,1,1,0,1,1,5277,0.28793363144650824,33,2500,0,0,0,0,0,0,0,0,0,0,0,0,0,0,0,0
595.326,0,1,1,1,0,17141,0.28617335824383927,38,2500,21038,0,54109,27371,64182,0,29098,31398,35518,0,601,6224,24615,0,17323,30129
595.346,1,1,0,1,1,5293,0.288072662654353,33,2500,0,0,0,0,0,0,0,0,0,0,0,0,0,0,0,0
595.363,0,1,1,1,0,17141,0.28636606757599,37,2500,21038,0,54109,27371,64182,0,29098,31398,35518,0,601,6224,24615,0,17323,30129
595.383,1,1,0,1,1,5334,0.28821169386219775,33,2500,0,0,0,0,0,0,0,0,0,0,0,0,0,0,0,0
595.4,0,1,1,1,0,17140,0.28610912179978903,37,2500,21038,0,54109,27371,64182,0,29098,31398,35518,0,601,6224,24615,0,17323,30129
595.42,1,1,0,1,1,5319,0.28821169386219775,33,2500,0,0,0,0,0,0,0,0,0,0,0,0,0,0,0,0
595.437,0,1,1,1,0,17141,0.28617335824383927,37,2500,21038,0,54109,27371,64182,0,29098,31398,35518,0,601,6224,24615,0,17323,30129
595.457,1,1,0,1,1,5336,0.28835072507004256,33,2500,0,0,0,0,0,0,0,0,0,0,0,0,0,0,0,0
595.474,0,1,1,1,0,17140,0.28617335824383927,37,2500,21038,0,54109,27371,64182,0,29098,31398,35518,0,601,6224,24615,0,17323,30129
595.494,1,1,0,1,1,5380,0.2885592718818097,33,2500,0,0,0,0,0,0,0,0,0,0,0,0,0,0,0,0
595.511,0,1,1,1,0,17140,0.28617335824383927,37,2500,21038,0,54109,27371,64182,0,29098,31398,35518,0,601,6224,24615,0,17323,30129
595.531,1,1,0,1,1,5364,0.28862878748573206,33,2500,0,0,0,0,0,0,0,0,0,0,0,0,0,0,0,0
595.548,0,1,1,1,0,17141,0.28610912179978903,37,2500,21038,0,54109,27371,64182,0,29098,31398,35518,0,601,6224,24615,0,17323,30129
595.567,1,1,0,1,1,5320,0.28862878748573206,33,2500,0,0,0,0,0,0,0,0,0,0,0,0,0,0,0,0
595.585,0,1,1,1,0,17140,0.28610912179978903,37,2500,21038,0,54109,27371,64182,0,29098,31398,35518,0,601,6224,24615,0,17323,30129
595.604,1,1,0,1,1,5365,0.28869830308965444,33,2500,0,0,0,0,0,0,0,0,0,0,0,0,0,0,0,0
595.622,0,1,1,1,0,17140,0.28617335824383927,37,2500,21038,0,54109,27371,64182,0,29098,31398,35518,0,601,6224,24615,0,17323,30129
595.641,1,1,0,1,1,5329,0.2885592718818097,33,2500,0,0,0,0,0,0,0,0,0,0,0,0,0,0,0,0
595.659,0,1,1,1,0,17141,0.2862375946878895,37,2500,21038,0,54109,27371,64182,0,29098,31398,35518,0,601,6224,24615,0,17323,30129
595.678,1,1,0,1,1,5362,0.2888373342974992,33,2500,0,0,0,0,0,0,0,0,0,0,0,0,0,0,0,0
595.696,0,1,1,1,0,17141,0.2862375946878895,37,2500,21038,0,54109,27371,64182,0,29098,31398,35518,0,601,6224,24615,0,17323,30129
595.715,1,1,0,1,1,5371,0.28869830308965444,33,2500,0,0,0,0,0,0,0,0,0,0,0,0,0,0,0,0
595.733,0,1,1,1,0,17141,0.28610912179978903,37,2500,21038,0,54109,27371,64182,0,29098,31398,35518,0,601,6224,24615,0,17323,30129
595.752,1,1,0,1,1,5337,0.2885592718818097,33,2500,0,0,0,0,0,0,0,0,0,0,0,0,0,0,0,0
595.77,0,1,1,1,0,17139,0.28617335824383927,37,2500,21038,0,54109,27371,64182,0,29098,31398,35518,0,601,6224,24615,0,17323,30129
595.789,1,1,0,1,1,5383,0.28862878748573206,33,2500,0,0,0,0,0,0,0,0,0,0,0,0,0,0,0,0
595.807,0,1,1,1,0,17141,0.2859806489116885,37,2500,21038,0,54109,27371,64182,0,29098,31398,35518,0,601,6224,24615,0,17323,30129
595.826,1,1,0,1,1,5329,0.2884897562778873,33,2500,0,0,0,0,0,0,0,0,0,0,0,0,0,0,0,0
595.844,0,1,1,1,0,17141,0.28630183113193974,37,2500,21038,0,54109,27371,64182,0,29098,31398,35518,0,601,6224,24615,0,17323,30129
595.863,1,1,0,1,1,5307,0.2884897562778873,33,2500,0,0,0,0,0,0,0,0,0,0,0,0,0,0,0,0
595.881,0,1,1,1,0,17141,0.2860448853557388,37,2500,21038,0,54109,27371,64182,0,29098,31398,35518,0,601,6224,24615,0,17323,30129
595.9,1,1,0,1,1,5335,0.2885592718818097,33,2500,0,0,0,0,0,0,0,0,0,0,0,0,0,0,0,0
595.918,0,1,1,1,0,17140,0.28617335824383927,37,2500,21038,0,54109,27371,64182,0,29098,31398,35518,0,601,6224,24615,0,17323,30129
595.937,1,1,0,1,1,5302,0.2882812094661201,33,2500,0,0,0,0,0,0,0,0,0,0,0,0,0,0,0,0
595.955,0,1,1,1,0,17141,0.2862375946878895,37,2500,21038,0,54109,27371,64182,0,29098,31398,35518,0,601,6224,24615,0,17323,30129
595.974,1,1,0,1,1,5296,0.28835072507004256,33,2500,0,0,0,0,0,0,0,0,0,0,0,0,0,0,0,0
595.992,0,1,1,1,0,17140,0.28617335824383927,37,2500,21038,0,54109,27371,64182,0,29098,31398,35518,0,601,6224,24615,0,17323,30129
596.011,1,1,0,1,1,5287,0.28835072507004256,33,2500,0,0,0,0,0,0,0,0,0,0,0,0,0,0,0,0
596.029,0,1,1,1,0,17141,0.28617335824383927,37,2500,21038,0,54109,27371,64182,0,29098,31398,35518,0,601,6224,24615,0,17323,30129
596.048,1,1,0,1,1,5312,0.28835072507004256,33,2500,0,0,0,0,0,0,0,0,0,0,0,0,0,0,0,0
596.066,0,1,1,1,0,17141,0.28610912179978903,37,2500,21038,0,54109,27371,64182,0,29098,31398,35518,0,601,6224,24615,0,17323,30129
596.085,1,1,0,1,1,5304,0.28835072507004256,33,2500,0,0,0,0,0,0,0,0,0,0,0,0,0,0,0,0
596.103,0,1,1,1,0,17141,0.2860448853557388,37,2500,21038,0,54109,27371,64182,0,29098,31398,35518,0,601,6224,24615,0,17323,30129
596.122,1,1,0,1,1,5296,0.2882812094661201,33,2500,0,0,0,0,0,0,0,0,0,0,0,0,0,0,0,0
596.14,0,1,1,1,0,17087,0.28610912179978903,36,2500,21038,0,54109,27371,64182,0,29098,31398,35518,0,601,6224,24615,0,17323,30129
596.159,1,1,0,1,1,5212,0.2880031470504306,33,2500,0,0,0,0,0,0,0,0,0,0,0,0,0,0,0,0
596.177,0,1,1,1,0,17141,0.2860448853557388,37,2500,21038,0,54109,27371,64182,0,29098,31398,35518,0,601,6224,24615,0,17323,30129
596.196,1,1,0,1,1,5159,0.288072662654353,33,2500,0,0,0,0,0,0,0,0,0,0,0,0,0,0,0,0
596.214,0,1,1,1,0,17140,0.28610912179978903,37,2500,21038,0,54109,27371,64182,0,29098,31398,35518,0,601,6224,24615,0,17323,30129
596.233,1,1,0,1,1,5088,0.28793363144650824,33,2500,0,0,0,0,0,0,0,0,0,0,0,0,0,0,0,0
596.251,0,1,1,1,0,17141,0.2859806489116885,37,2500,21038,0,54109,27371,64182,0,29098,31398,35518,0,601,6224,24615,0,17323,30129
596.27,1,1,0,1,1,4986,0.2876555690308187,33,2500,0,0,0,0,0,0,0,0,0,0,0,0,0,0,0,0
596.288,0,1,1,1,0,17141,0.28610912179978903,37,2500,21038,0,54109,27371,64182,0,29098,31398,35518,0,601,6224,24615,0,17323,30129
596.307,1,1,0,1,1,4940,0.2877946002386635,33,2500,0,0,0,0,0,0,0,0,0,0,0,0,0,0,0,0
596.325,0,1,1,1,0,17140,0.28617335824383927,37,2500,21038,0,54109,27371,64182,0,29098,31398,35518,0,601,6224,24615,0,17323,30129
596.344,1,1,0,1,1,4920,0.2876555690308187,33,2500,0,0,0,0,0,0,0,0,0,0,0,0,0,0,0,0
596.362,0,1,1,1,0,17141,0.2860448853557388,37,2500,21038,0,54109,27371,64182,0,29098,31398,35518,0,601,6224,24615,0,17323,30129
596.381,1,1,0,1,1,4904,0.2877946002386635,33,2500,0,0,0,0,0,0,0,0,0,0,0,0,0,0,0,0
596.399,0,1,1,1,0,17141,0.28591641246763827,37,2500,21038,0,54109,27371,64182,0,29098,31398,35518,0,601,6224,24615,0,17323,30129
596.418,1,1,0,1,1,4956,0.2877250846347411,33,2500,0,0,0,0,0,0,0,0,0,0,0,0,0,0,0,0
596.436,0,1,1,1,0,17141,0.28617335824383927,37,2500,21038,0,54109,27371,64182,0,29098,31398,35518,0,601,6224,24615,0,17323,30129
596.455,1,1,0,1,1,4976,0.2877946002386635,33,2500,0,0,0,0,0,0,0,0,0,0,0,0,0,0,0,0
596.473,0,1,1,1,0,17141,0.2860448853557388,37,2500,21038,0,54109,27371,64182,0,29098,31398,35518,0,601,6224,24615,0,17323,30129
596.492,1,1,0,1,1,5018,0.2877946002386635,33,2500,0,0,0,0,0,0,0,0,0,0,0,0,0,0,0,0
596.51,0,1,1,1,0,17141,0.28610912179978903,37,2500,21038,0,54109,27371,64182,0,29098,31398,35518,0,601,6224,24615,0,17323,30129
596.529,1,1,0,1,1,5072,0.28793363144650824,33,2500,0,0,0,0,0,0,0,0,0,0,0,0,0,0,0,0
596.547,0,1,1,1,0,17141,0.2860448853557388,37,2500,21038,0,54109,27371,64182,0,29098,31398,35518,0,601,6224,24615,0,17323,30129
596.566,1,1,0,1,1,5107,0.28814217825827537,33,2500,0,0,0,0,0,0,0,0,0,0,0,0,0,0,0,0
596.584,0,1,1,1,0,17141,0.2860448853557388,37,2500,21038,0,54109,27371,64182,0,29098,31398,35518,0,601,6224,24615,0,17323,30129
596.603,1,1,0,1,1,5121,0.28814217825827537,33,2500,0,0,0,0,0,0,0,0,0,0,0,0,0,0,0,0
596.621,0,1,1,1,0,17139,0.2862375946878895,38,2500,21038,0,54109,27371,64182,0,29098,31398,35518,0,601,6224,24615,0,17323,30129
596.64,1,1,0,1,1,5118,0.28814217825827537,33,2500,0,0,0,0,0,0,0,0,0,0,0,0,0,0,0,0
596.658,0,1,1,1,0,17141,0.28610912179978903,38,2500,21038,0,54109,27371,64182,0,29098,31398,35518,0,601,6224,24615,0,17323,30129
596.677,1,1,0,1,1,5175,0.28842024067396493,33,2500,0,0,0,0,0,0,0,0,0,0,0,0,0,0,0,0
596.694,0,1,1,1,0,17131,0.28617335824383927,37,2500,21038,0,54109,27371,64182,0,29098,31398,35518,0,601,6224,24615,0,17323,30129
596.714,1,1,0,1,1,5155,0.2882812094661201,33,2500,0,0,0,0,0,0,0,0,0,0,0,0,0,0,0,0
596.732,0,1,1,1,0,17141,0.2859806489116885,38,2500,21038,0,54109,27371,64182,0,29098,31398,35518,0,601,6224,24615,0,17323,30129
596.751,1,1,0,1,1,5190,0.28835072507004256,33,2500,0,0,0,0,0,0,0,0,0,0,0,0,0,0,0,0
596.768,0,1,1,1,0,17141,0.28610912179978903,38,2500,21038,0,54109,27371,64182,0,29098,31398,35518,0,601,6224,24615,0,17323,30129
596.788,1,1,0,1,1,5197,0.2885592718818097,33,2500,0,0,0,0,0,0,0,0,0,0,0,0,0,0,0,0
596.805,0,1,1,1,0,17141,0.2862375946878895,38,2500,21038,0,54109,27371,64182,0,29098,31398,35518,0,601,6224,24615,0,17323,30129
596.825,1,1,0,1,1,5200,0.28842024067396493,33,2500,0,0,0,0,0,0,0,0,0,0,0,0,0,0,0,0
596.842,0,1,1,1,0,17141,0.28610912179978903,38,2500,21038,0,54109,27371,64182,0,29098,31398,35518,0,601,6224,24615,0,17323,30129
596.862,1,1,0,1,1,5199,0.2885592718818097,33,2500,0,0,0,0,0,0,0,0,0,0,0,0,0,0,0,0
596.879,0,1,1,1,0,17141,0.2860448853557388,37,2500,21038,0,54109,27371,64182,0,29098,31398,35518,0,601,6224,24615,0,17323,30129
596.899,1,1,0,1,1,5138,0.28842024067396493,33,2500,0,0,0,0,0,0,0,0,0,0,0,0,0,0,0,0
596.916,0,1,1,1,0,17139,0.28610912179978903,38,2500,21038,0,54109,27371,64182,0,29098,31398,35518,0,601,6224,24615,0,17323,30129
596.936,1,1,0,1,1,5101,0.28835072507004256,33,2500,0,0,0,0,0,0,0,0,0,0,0,0,0,0,0,0
596.953,0,1,1,1,0,17139,0.28617335824383927,38,2500,21038,0,54109,27371,64182,0,29098,31398,35518,0,601,6224,24615,0,17323,30129
596.973,1,1,0,1,1,5096,0.28842024067396493,33,2500,0,0,0,0,0,0,0,0,0,0,0,0,0,0,0,0
596.99,0,1,1,1,0,17139,0.28617335824383927,38,2500,21038,0,54109,27371,64182,0,29098,31398,35518,0,601,6224,24615,0,17323,30129
597.01,1,1,0,1,1,5030,0.288072662654353,33,2500,0,0,0,0,0,0,0,0,0,0,0,0,0,0,0,0
597.027,0,1,1,1,0,17139,0.2860448853557388,37,2500,21038,0,54109,27371,64182,0,29098,31398,35518,0,601,6224,24615,0,17323,30129
597.047,1,1,0,1,1,5019,0.288072662654353,33,2500,0,0,0,0,0,0,0,0,0,0,0,0,0,0,0,0
597.064,0,1,1,1,0,17139,0.28617335824383927,37,2500,21038,0,54109,27371,64182,0,29098,31398,35518,0,601,6224,24615,0,17323,30129
597.084,1,1,0,1,1,4997,0.28814217825827537,33,2500,0,0,0,0,0,0,0,0,0,0,0,0,0,0,0,0
597.101,0,1,1,1,0,17139,0.2862375946878895,37,2500,21038,0,54109,27371,64182,0,29098,31398,35518,0,601,6224,24615,0,17323,30129
597.121,1,1,0,1,1,4987,0.288072662654353,33,2500,0,0,0,0,0,0,0,0,0,0,0,0,0,0,0,0
597.138,0,1,1,1,0,17141,0.2862375946878895,38,2500,21038,0,54109,27371,64182,0,29098,31398,35518,0,601,6224,24615,0,17323,30129
597.158,1,1,0,1,1,4961,0.2880031470504306,33,2500,0,0,0,0,0,0,0,0,0,0,0,0,0,0,0,0
597.175,0,1,1,1,0,17139,0.28617335824383927,37,2500,21038,0,54109,27371,64182,0,29098,31398,35518,0,601,6224,24615,0,17323,30129
597.195,1,1,0,1,1,4928,0.28786411584258587,33,2500,0,0,0,0,0,0,0,0,0,0,0,0,0,0,0,0
597.212,0,1,1,1,0,17138,0.28630183113193974,37,2500,21038,0,54109,27371,64182,0,29098,31398,35518,0,601,6224,24615,0,17323,30129
597.232,1,1,0,1,1,4927,0.2880031470504306,33,2500,0,0,0,0,0,0,0,0,0,0,0,0,0,0,0,0
597.249,0,1,1,1,0,17141,0.2862375946878895,37,2500,21038,0,54109,27371,64182,0,29098,31398,35518,0,601,6224,24615,0,17323,30129
597.269,1,1,0,1,1,4935,0.28786411584258587,33,2500,0,0,0,0,0,0,0,0,0,0,0,0,0,0,0,0
597.286,0,1,1,1,0,17141,0.2862375946878895,37,2500,21038,0,54109,27371,64182,0,29098,31398,35518,0,601,6224,24615,0,17323,30129
597.306,1,1,0,1,1,4944,0.28793363144650824,33,2500,0,0,0,0,0,0,0,0,0,0,0,0,0,0,0,0
597.323,0,1,1,1,0,17138,0.2862375946878895,37,2500,21038,0,54109,27371,64182,0,29098,31398,35518,0,601,6224,24615,0,17323,30129
597.343,1,1,0,1,1,4994,0.2877946002386635,33,2500,0,0,0,0,0,0,0,0,0,0,0,0,0,0,0,0
597.36,0,1,1,1,0,17138,0.2862375946878895,37,2500,21038,0,54109,27371,64182,0,29098,31398,35518,0,601,6224,24615,0,17323,30129
597.38,1,1,0,1,1,5045,0.28786411584258587,33,2500,0,0,0,0,0,0,0,0,0,0,0,0,0,0,0,0
597.397,0,1,1,1,0,17138,0.2864945404640905,37,2500,21038,0,54109,27371,64182,0,29098,31398,35518,0,601,6224,24615,0,17323,30129
597.417,1,1,0,1,1,5027,0.2877946002386635,33,2500,0,0,0,0,0,0,0,0,0,0,0,0,0,0,0,0
597.434,0,1,1,1,0,17141,0.28643030402004027,37,2500,21038,0,54109,27371,64182,0,29098,31398,35518,0,601,6224,24615,0,17323,30129
597.454,1,1,0,1,1,5081,0.28793363144650824,33,2500,0,0,0,0,0,0,0,0,0,0,0,0,0,0,0,0
597.471,0,1,1,1,0,17141,0.28655877690814074,38,2500,21038,0,54109,27371,64182,0,29098,31398,35518,0,601,6224,24615,0,17323,30129
597.491,1,1,0,1,1,5131,0.28793363144650824,33,2500,0,0,0,0,0,0,0,0,0,0,0,0,0,0,0,0
597.508,0,1,1,1,0,17141,0.28636606757599,38,2500,21038,0,54109,27371,64182,0,29098,31398,35518,0,601,6224,24615,0,17323,30129
597.528,1,1,0,1,1,5209,0.288072662654353,33,2500,0,0,0,0,0,0,0,0,0,0,0,0,0,0,0,0
597.545,0,1,1,1,0,17139,0.28636606757599,38,2500,21038,0,54109,27371,64182,0,29098,31398,35518,0,601,6224,24615,0,17323,30129
597.565,1,1,0,1,1,5219,0.2880031470504306,33,2500,0,0,0,0,0,0,0,0,0,0,0,0,0,0,0,0
597.582,0,1,1,1,0,17141,0.286623013352191,38,2500,21038,0,54109,27371,64182,0,29098,31398,35518,0,601,6224,24615,0,17323,30129
597.602,1,1,0,1,1,5268,0.28821169386219775,33,2500,0,0,0,0,0,0,0,0,0,0,0,0,0,0,0,0
597.619,0,1,1,1,0,17139,0.2864945404640905,37,2500,21038,0,54109,27371,64182,0,29098,31398,35518,0,601,6224,24615,0,17323,30129
597.639,1,1,0,1,1,5317,0.28821169386219775,33,2500,0,0,0,0,0,0,0,0,0,0,0,0,0,0,0,0
597.656,0,1,1,1,0,17141,0.28643030402004027,37,2500,21038,0,54109,27371,64182,0,29098,31398,35518,0,601,6224,24615,0,17323,30129
597.676,1,1,0,1,1,5382,0.2882812094661201,33,2500,0,0,0,0,0,0,0,0,0,0,0,0,0,0,0,0
597.693,0,1,1,1,0,17141,0.28643030402004027,38,2500,21038,0,54109,27371,64182,0,29098,31398,35518,0,601,6224,24615,0,17323,30129
597.713,1,1,0,1,1,5394,0.28835072507004256,33,2500,0,0,0,0,0,0,0,0,0,0,0,0,0,0,0,0
597.73,0,1,1,1,0,17140,0.28636606757599,38,2500,21038,0,54109,27371,64182,0,29098,31398,35518,0,601,6224,24615,0,17323,30129
597.75,1,1,0,1,1,5425,0.28842024067396493,33,2500,0,0,0,0,0,0,0,0,0,0,0,0,0,0,0,0
597.767,0,1,1,1,0,17141,0.28636606757599,38,2500,21038,0,54109,27371,64182,0,29098,31398,35518,0,601,6224,24615,0,17323,30129
597.787,1,1,0,1,1,5439,0.2882812094661201,33,2500,0,0,0,0,0,0,0,0,0,0,0,0,0,0,0,0
597.804,0,1,1,1,0,17141,0.28636606757599,38,2500,21038,0,54109,27371,64182,0,29098,31398,35518,0,601,6224,24615,0,17323,30129
597.824,1,1,0,1,1,5489,0.2885592718818097,33,2500,0,0,0,0,0,0,0,0,0,0,0,0,0,0,0,0
597.841,0,1,1,1,0,17020,0.28610912179978903,36,2500,21038,0,54109,27371,64182,0,29098,31398,35518,0,601,6224,24615,0,17323,30129
597.861,1,1,0,1,1,5506,0.2885592718818097,33,2500,0,0,0,0,0,0,0,0,0,0,0,0,0,0,0,0
597.878,0,1,1,1,0,16995,0.2859806489116885,36,2500,21038,0,54109,27371,64182,0,29098,31398,35518,0,601,6224,24615,0,17323,30129
597.898,1,1,0,1,1,5539,0.28869830308965444,33,2500,0,0,0,0,0,0,0,0,0,0,0,0,0,0,0,0
597.915,0,1,1,1,0,16994,0.28585217602358803,36,2500,21038,0,54109,27371,64182,0,29098,31398,35518,0,601,6224,24615,0,17323,30129
597.935,1,1,0,1,1,5558,0.28862878748573206,33,2500,0,0,0,0,0,0,0,0,0,0,0,0,0,0,0,0
597.952,0,1,1,1,0,16840,0.28572370313548756,35,2500,21038,0,54109,27371,64182,0,29098,31398,35518,0,601,6224,24615,0,17323,30129
597.972,1,1,0,1,1,5575,0.28869830308965444,33,2500,0,0,0,0,0,0,0,0,0,0,0,0,0,0,0,0
597.989,0,1,1,1,0,17029,0.28585217602358803,37,2500,21038,0,54109,27371,64182,0,29098,31398,35518,0,601,6224,24615,0,17323,30129
598.009,1,1,0,1,1,5541,0.28862878748573206,33,2500,0,0,0,0,0,0,0,0,0,0,0,0,0,0,0,0
598.026,0,1,1,1,0,17086,0.28591641246763827,37,2500,21038,0,54109,27371,64182,0,29098,31398,35518,0,601,6224,24615,0,17323,30129
598.046,1,1,0,1,1,5538,0.2884897562778873,33,2500,0,0,0,0,0,0,0,0,0,0,0,0,0,0,0,0
598.063,0,1,1,1,0,17105,0.28585217602358803,37,2500,21038,0,54109,27371,64182,0,29098,31398,35518,0,601,6224,24615,0,17323,30129
598.083,1,1,0,1,1,5475,0.2884897562778873,33,2500,0,0,0,0,0,0,0,0,0,0,0,0,0,0,0,0
598.1,0,1,1,1,0,16858,0.2857879395795378,35,2500,21038,0,54109,27371,64182,0,29098,31398,35518,0,601,6224,24615,0,17323,30129
598.12,1,1,0,1,1,5422,0.2884897562778873,33,2500,0,0,0,0,0,0,0,0,0,0,0,0,0,0,0,0
598.137,0,1,1,1,0,17119,0.2860448853557388,37,2500,21038,0,54109,27371,64182,0,29098,31398,35518,0,601,6224,24615,0,17323,30129
598.157,1,1,0,1,1,5356,0.2885592718818097,33,2500,0,0,0,0,0,0,0,0,0,0,0,0,0,0,0,0
598.174,0,1,1,1,0,17121,0.2857879395795378,37,2500,21038,0,54109,27371,64182,0,29098,31398,35518,0,601,6224,24615,0,17323,30129
598.194,1,1,0,1,1,5341,0.2885592718818097,33,2500,0,0,0,0,0,0,0,0,0,0,0,0,0,0,0,0
598.211,0,1,1,1,0,17119,0.28591641246763827,37,2500,21038,0,54109,27371,64182,0,29098,31398,35518,0,601,6224,24615,0,17323,30129
598.231,1,1,0,1,1,5302,0.2885592718818097,33,2500,0,0,0,0,0,0,0,0,0,0,0,0,0,0,0,0
598.248,0,1,1,1,0,17134,0.2860448853557388,37,2500,21038,0,54109,27371,64182,0,29098,31398,35518,0,601,6224,24615,0,17323,30129
598.268,1,1,0,1,1,5333,0.28869830308965444,33,2500,0,0,0,0,0,0,0,0,0,0,0,0,0,0,0,0
598.285,0,1,1,1,0,17119,0.28591641246763827,37,2500,21038,0,54109,27371,64182,0,29098,31398,35518,0,601,6224,24615,0,17323,30129
598.305,1,1,0,1,1,5356,0.28862878748573206,33,2500,0,0,0,0,0,0,0,0,0,0,0,0,0,0,0,0
598.322,0,1,1,1,0,17104,0.28585217602358803,37,2500,21038,0,54109,27371,64182,0,29098,31398,35518,0,601,6224,24615,0,17323,30129
598.342,1,1,0,1,1,5339,0.2887678186935768,33,2500,0,0,0,0,0,0,0,0,0,0,0,0,0,0,0,0
598.359,0,1,1,1,0,17089,0.2857879395795378,37,2500,21038,0,54109,27371,64182,0,29098,31398,35518,0,601,6224,24615,0,17323,30129
