time[s],SensorID,event,mask,tL.num_valid_targets,tL.reserved,tL.targets[0].amplitude,tL.targets[0].range,tL.targets[0].reserved[0],tL.targets[0].reserved[1],tL.targets[1].amplitude,tL.targets[1].range,tL.targets[1].reserved[0],tL.targets[1].reserved[1],tL.targets[2].amplitude,tL.targets[2].range,tL.targets[2].reserved[0],tL.targets[2].reserved[1],tL.targets[3].amplitude,tL.targets[3].range,tL.targets[3].reserved[0],tL.targets[3].reserved[1],tL.targets[4].amplitude,tL.targets[4].range,tL.targets[4].reserved[0],tL.targets[4].reserved[1]
61.589,1,1,25,1,1,16881,0.41058380681818185,48,2500,7919,0,40375,20783,19812,0,5527,28698,29800,0,45489,47546,60647,0,33522,38069
61.606,0,1,1,1,0,16824,0.35169076060312565,45,2500,16942,0,54109,27371,64150,0,29090,31398,35518,0,89,6224,24871,0,17323,30129
61.626,1,1,25,1,1,16978,0.41079261363636366,47,2500,7919,0,40375,20783,19812,0,5527,28698,29800,0,45489,47546,60647,0,33522,38069
61.643,0,1,1,1,0,16791,0.35175484419653,45,2500,16942,0,54109,27371,64150,0,29090,31398,35518,0,89,6224,24871,0,17323,30129
61.663,1,1,25,1,1,16985,0.4110014204545455,47,2500,7919,0,40375,20783,19812,0,5527,28698,29800,0,45489,47546,60647,0,33522,38069
61.68,0,1,1,1,0,16724,0.35181892778993434,45,2500,16942,0,54109,27371,64150,0,29090,31398,35518,0,89,6224,24871,0,17323,30129
61.7,1,1,25,1,1,16908,0.41107102272727275,49,2500,7919,0,40375,20783,19812,0,5527,28698,29800,0,45489,47546,60647,0,33522,38069
61.717,0,1,1,1,0,16498,0.35175484419653,45,2500,16942,0,54109,27371,64150,0,29090,31398,35518,0,89,6224,24871,0,17323,30129
61.737,1,1,25,1,1,16922,0.41107102272727275,49,2500,7919,0,40375,20783,19812,0,5527,28698,29800,0,45489,47546,60647,0,33522,38069
61.754,0,1,1,1,0,16575,0.3518830113833387,46,2500,16942,0,54109,27371,64150,0,29090,31398,35518,0,89,6224,24871,0,17323,30129
61.774,1,1,25,1,1,16920,0.41127982954545456,47,2500,7919,0,40375,20783,19812,0,5527,28698,29800,0,45489,47546,60647,0,33522,38069
61.791,0,1,1,1,0,16614,0.35181892778993434,45,2500,16942,0,54109,27371,64150,0,29090,31398,35518,0,89,6224,24871,0,17323,30129
61.811,1,1,25,1,1,16881,0.41114062500000004,48,2500,7919,0,40375,20783,19812,0,5527,28698,29800,0,45489,47546,60647,0,33522,38069
61.828,0,1,1,1,0,16508,0.3516266770097213,45,2500,16942,0,54109,27371,64150,0,29090,31398,35518,0,89,6224,24871,0,17323,30129
61.848,1,1,25,1,1,17026,0.41127982954545456,47,2500,7919,0,40375,20783,19812,0,5527,28698,29800,0,45489,47546,60647,0,33522,38069
61.865,0,1,1,1,0,16659,0.35169076060312565,46,2500,16942,0,54109,27371,64150,0,29090,31398,35518,0,89,6224,24871,0,17323,30129
61.885,1,1,25,1,1,16881,0.4112102272727273,48,2500,7919,0,40375,20783,19812,0,5527,28698,29800,0,45489,47546,60647,0,33522,38069
61.902,0,1,1,1,0,16739,0.35181892778993434,46,2500,16942,0,54109,27371,64150,0,29090,31398,35518,0,89,6224,24871,0,17323,30129
61.922,1,1,25,1,1,17122,0.4114886363636364,47,2500,7919,0,40375,20783,19812,0,5527,28698,29800,0,45489,47546,60647,0,33522,38069
61.939,0,1,1,1,0,16526,0.35169076060312565,46,2500,16942,0,54109,27371,64150,0,29090,31398,35518,0,89,6224,24871,0,17323,30129
61.959,1,1,25,1,1,16881,0.41134943181818184,48,2500,7919,0,40375,20783,19812,0,5527,28698,29800,0,45489,47546,60647,0,33522,38069
61.976,0,1,1,1,0,16485,0.3519470949767431,46,2500,16942,0,54109,27371,64150,0,29090,31398,35518,0,89,6224,24871,0,17323,30129
61.996,1,1,25,1,1,16871,0.41127982954545456,49,2500,7919,0,40375,20783,19812,0,5527,28698,29800,0,45489,47546,60647,0,33522,38069
62.013,0,1,1,1,0,16378,0.3518830113833387,46,2500,16942,0,54109,27371,64150,0,29090,31398,35518,0,89,6224,24871,0,17323,30129
62.032,1,1,25,1,1,16883,0.4114886363636364,49,2500,7919,0,40375,20783,19812,0,5527,28698,29800,0,45489,47546,60647,0,33522,38069
62.05,0,1,1,1,0,16316,0.35201117857014746,46,2500,16942,0,54109,27371,64150,0,29090,31398,35518,0,89,6224,24871,0,17323,30129
62.069,1,1,25,1,1,17086,0.4116974431818182,47,2500,7919,0,40375,20783,19812,0,5527,28698,29800,0,45489,47546,60647,0,33522,38069
62.087,0,1,1,1,0,17150,0.3531646832514259,50,2500,16942,0,54109,27371,64150,0,29090,31398,35518,0,89,6224,24871,0,17323,30129
62.106,1,1,25,1,1,17170,0.4117670454545455,47,2500,7919,0,40375,20783,19812,0,5527,28698,29800,0,45489,47546,60647,0,33522,38069
62.124,0,1,1,1,0,17230,0.35329285043823466,53,2500,16942,0,54109,27371,64150,0,29090,31398,35518,0,89,6224,24871,0,17323,30129
62.143,1,1,25,1,1,16874,0.4114886363636364,47,2500,7919,0,40375,20783,19812,0,5527,28698,29800,0,45489,47546,60647,0,33522,38069
62.161,0,1,1,1,0,17231,0.3532287668448303,51,2500,16942,0,54109,27371,64150,0,29090,31398,35518,0,89,6224,24871,0,17323,30129
62.18,1,1,25,1,1,16871,0.41141903409090913,49,2500,7919,0,40375,20783,19812,0,5527,28698,29800,0,45489,47546,60647,0,33522,38069
62.198,0,1,1,1,0,17231,0.3531646832514259,52,2500,16942,0,54109,27371,64150,0,29090,31398,35518,0,89,6224,24871,0,17323,30129
62.217,1,1,25,1,1,17082,0.41162784090909094,47,2500,7919,0,40375,20783,19812,0,5527,28698,29800,0,45489,47546,60647,0,33522,38069
62.235,0,1,1,1,0,17231,0.3528442652844041,52,2500,16942,0,54109,27371,64150,0,29090,31398,35518,0,89,6224,24871,0,17323,30129
62.254,1,1,25,1,1,16922,0.41162784090909094,49,2500,7919,0,40375,20783,19812,0,5527,28698,29800,0,45489,47546,60647,0,33522,38069
62.272,0,1,1,1,0,17026,0.35258793091078666,50,2500,16942,0,54109,27371,64150,0,29090,31398,35518,0,89,6224,24871,0,17323,30129
62.291,1,1,25,1,1,16914,0.41134943181818184,47,2500,7919,0,40375,20783,19812,0,5527,28698,29800,0,45489,47546,60647,0,33522,38069
62.309,0,1,1,1,0,17231,0.3527160980975954,52,2500,16942,0,54109,27371,64150,0,29090,31398,35518,0,89,6224,24871,0,17323,30129
62.328,1,1,25,1,1,16988,0.4114886363636364,47,2500,7919,0,40375,20783,19812,0,5527,28698,29800,0,45489,47546,60647,0,33522,38069
62.346,0,1,1,1,0,16446,0.3516266770097213,46,2500,16942,0,54109,27371,64150,0,29090,31398,35518,0,89,6224,24871,0,17323,30129
62.365,1,1,25,1,1,17030,0.41141903409090913,47,2500,7919,0,40375,20783,19812,0,5527,28698,29800,0,45489,47546,60647,0,33522,38069
62.383,0,1,1,1,0,16343,0.3514344262295082,45,2500,16942,0,54109,27371,64150,0,29090,31398,35518,0,89,6224,24871,0,17323,30129
62.402,1,1,25,1,1,17023,0.4114886363636364,47,2500,7919,0,40375,20783,19812,0,5527,28698,29800,0,45489,47546,60647,0,33522,38069
62.42,0,1,1,1,0,16502,0.35137034263610384,45,2500,16942,0,54109,27371,64150,0,29090,31398,35518,0,89,6224,24871,0,17323,30129
62.439,1,1,25,1,1,17068,0.4112102272727273,47,2500,7919,0,40375,20783,19812,0,5527,28698,29800,0,45489,47546,60647,0,33522,38069
62.457,0,1,1,1,0,16528,0.35130625904269946,44,2500,16942,0,54109,27371,64150,0,29090,31398,35518,0,89,6224,24871,0,17323,30129
62.476,1,1,25,1,1,17206,0.41114062500000004,48,2500,7919,0,40375,20783,19812,0,5527,28698,29800,0,45489,47546,60647,0,33522,38069
62.494,0,1,1,1,0,16756,0.3514985098229126,44,2500,16942,0,54109,27371,64150,0,29090,31398,35518,0,89,6224,24871,0,17323,30129
62.513,1,1,25,1,1,17111,0.41086221590909094,47,2500,7919,0,40375,20783,19812,0,5527,28698,29800,0,45489,47546,60647,0,33522,38069
62.531,0,1,1,1,0,16956,0.3514985098229126,44,2500,16942,0,54109,27371,64150,0,29090,31398,35518,0,89,6224,24871,0,17323,30129
62.55,1,1,25,1,1,17216,0.41086221590909094,48,2500,7919,0,40375,20783,19812,0,5527,28698,29800,0,45489,47546,60647,0,33522,38069
62.568,0,1,1,1,0,16913,0.35130625904269946,45,2500,16942,0,54109,27371,64150,0,29090,31398,35518,0,89,6224,24871,0,17323,30129
62.587,1,1,25,1,1,17220,0.4107230113636364,48,2500,7919,0,40375,20783,19812,0,5527,28698,29800,0,45489,47546,60647,0,33522,38069
62.605,0,1,1,1,0,16940,0.3511140082624864,44,2500,16942,0,54109,27371,64150,0,29090,31398,35518,0,89,6224,24871,0,17323,30129
62.624,1,1,25,1,1,17110,0.41023579545454547,47,2500,7919,0,40375,20783,19812,0,5527,28698,29800,0,45489,47546,60647,0,33522,38069
62.642,0,1,1,1,0,16999,0.3511780918558908,44,2500,16942,0,54109,27371,64150,0,29090,31398,35518,0,89,6224,24871,0,17323,30129
62.661,1,1,25,1,1,17152,0.41023579545454547,47,2500,7919,0,40375,20783,19812,0,5527,28698,29800,0,45489,47546,60647,0,33522,38069
62.679,0,1,1,1,0,17057,0.3511780918558908,44,2500,16942,0,54109,27371,64150,0,29090,31398,35518,0,89,6224,24871,0,17323,30129
62.698,1,1,25,1,1,17220,0.4099573863636364,48,2500,7919,0,40375,20783,19812,0,5527,28698,29800,0,45489,47546,60647,0,33522,38069
62.716,0,1,1,1,0,17065,0.3511140082624864,44,2500,16942,0,54109,27371,64150,0,29090,31398,35518,0,89,6224,24871,0,17323,30129
62.735,1,1,25,1,1,17225,0.41002698863636367,48,2500,7919,0,40375,20783,19812,0,5527,28698,29800,0,45489,47546,60647,0,33522,38069
62.753,0,1,1,1,0,17094,0.3509858410756777,44,2500,16942,0,54109,27371,64150,0,29090,31398,35518,0,89,6224,24871,0,17323,30129
62.772,1,1,25,1,1,17225,0.40981818181818186,48,2500,7919,0,40375,20783,19812,0,5527,28698,29800,0,45489,47546,60647,0,33522,38069
62.79,0,1,1,1,0,17097,0.35092175748227333,44,2500,16942,0,54109,27371,64150,0,29090,31398,35518,0,89,6224,24871,0,17323,30129
62.809,1,1,25,1,1,17218,0.40974857954545457,48,2500,7919,0,40375,20783,19812,0,5527,28698,29800,0,45489,47546,60647,0,33522,38069
62.827,0,1,1,1,0,16916,0.3507935902954646,44,2500,16942,0,54109,27371,64150,0,29090,31398,35518,0,89,6224,24871,0,17323,30129
62.846,1,1,25,1,1,17230,0.40981818181818186,48,2500,7919,0,40375,20783,19812,0,5527,28698,29800,0,45489,47546,60647,0,33522,38069
62.864,0,1,1,1,0,17004,0.3509858410756777,45,2500,16942,0,54109,27371,64150,0,29090,31398,35518,0,89,6224,24871,0,17323,30129
62.883,1,1,25,1,1,17218,0.41002698863636367,48,2500,7919,0,40375,20783,19812,0,5527,28698,29800,0,45489,47546,60647,0,33522,38069
62.901,0,1,1,1,0,17002,0.351049924669082,45,2500,16942,0,54109,27371,64150,0,29090,31398,35518,0,89,6224,24871,0,17323,30129
62.92,1,1,25,1,1,17225,0.41044460227272733,48,2500,7919,0,40375,20783,19812,0,5527,28698,29800,0,45489,47546,60647,0,33522,38069
62.938,0,1,1,1,0,17116,0.35130625904269946,44,2500,16942,0,54109,27371,64150,0,29090,31398,35518,0,89,6224,24871,0,17323,30129
62.957,1,1,25,1,1,17225,0.41058380681818185,48,2500,7919,0,40375,20783,19812,0,5527,28698,29800,0,45489,47546,60647,0,33522,38069
62.974,0,1,1,1,0,17086,0.35130625904269946,44,2500,16942,0,54109,27371,64150,0,29090,31398,35518,0,89,6224,24871,0,17323,30129
62.994,1,1,25,1,1,17218,0.4107230113636364,48,2500,7919,0,40375,20783,19812,0,5527,28698,29800,0,45489,47546,60647,0,33522,38069
63.011,0,1,1,1,0,17041,0.3511780918558908,44,2500,16942,0,54109,27371,64150,0,29090,31398,35518,0,89,6224,24871,0,17323,30129
63.031,1,1,25,1,1,17218,0.41093181818181823,48,2500,7919,0,40375,20783,19812,0,5527,28698,29800,0,45489,47546,60647,0,33522,38069
63.048,0,1,1,1,0,16936,0.3509858410756777,44,2500,16942,0,54109,27371,64150,0,29090,31398,35518,0,89,6224,24871,0,17323,30129
63.068,1,1,25,1,1,17220,0.41086221590909094,48,2500,7919,0,40375,20783,19812,0,5527,28698,29800,0,45489,47546,60647,0,33522,38069
63.085,0,1,1,1,0,17108,0.3509858410756777,44,2500,16942,0,54109,27371,64150,0,29090,31398,35518,0,89,6224,24871,0,17323,30129
63.105,1,1,25,1,1,17225,0.41079261363636366,48,2500,7919,0,40375,20783,19812,0,5527,28698,29800,0,45489,47546,60647,0,33522,38069
63.122,0,1,1,1,0,16818,0.3506013395152515,44,2500,16942,0,54109,27371,64150,0,29090,31398,35518,0,89,6224,24871,0,17323,30129
63.142,1,1,25,1,1,17225,0.41051420454545456,48,2500,7919,0,40375,20783,19812,0,5527,28698,29800,0,45489,47546,60647,0,33522,38069
63.159,0,1,1,1,0,16844,0.35047317232844283,44,2500,16942,0,54109,27371,64150,0,29090,31398,35518,0,89,6224,24871,0,17323,30129
63.179,1,1,25,1,1,17225,0.41058380681818185,48,2500,7919,0,40375,20783,19812,0,5527,28698,29800,0,45489,47546,60647,0,33522,38069
63.196,0,1,1,1,0,16843,0.3503450051416341,44,2500,16942,0,54109,27371,64150,0,29090,31398,35518,0,89,6224,24871,0,17323,30129
63.216,1,1,25,1,1,17230,0.41044460227272733,48,2500,7919,0,40375,20783,19812,0,5527,28698,29800,0,45489,47546,60647,0,33522,38069
63.233,0,1,1,1,0,16856,0.350152754361421,44,2500,16942,0,54109,27371,64150,0,29090,31398,35518,0,89,6224,24871,0,17323,30129
63.253,1,1,25,1,1,17230,0.41037500000000005,48,2500,7919,0,40375,20783,19812,0,5527,28698,29800,0,45489,47546,60647,0,33522,38069
63.27,0,1,1,1,0,16850,0.3503450051416341,44,2500,16942,0,54109,27371,64150,0,29090,31398,35518,0,89,6224,24871,0,17323,30129
63.29,1,1,25,1,1,17157,0.40988778409090915,49,2500,7919,0,40375,20783,19812,0,5527,28698,29800,0,45489,47546,60647,0,33522,38069
63.307,0,1,1,1,0,16831,0.3503450051416341,44,2500,16942,0,54109,27371,64150,0,29090,31398,35518,0,89,6224,24871,0,17323,30129
63.327,1,1,25,1,1,16861,0.4094005681818182,47,2500,7919,0,40375,20783,19812,0,5527,28698,29800,0,45489,47546,60647,0,33522,38069
63.344,0,1,1,1,0,16890,0.3506013395152515,44,2500,16942,0,54109,27371,64150,0,29090,31398,35518,0,89,6224,24871,0,17323,30129
63.364,1,1,25,1,1,16876,0.40953977272727277,48,2500,7919,0,40375,20783,19812,0,5527,28698,29800,0,45489,47546,60647,0,33522,38069
63.381,0,1,1,1,0,16822,0.35053725592184715,44,2500,16942,0,54109,27371,64150,0,29090,31398,35518,0,89,6224,24871,0,17323,30129
63.401,1,1,25,1,1,16878,0.4096789772727273,48,2500,7919,0,40375,20783,19812,0,5527,28698,29800,0,45489,47546,60647,0,33522,38069
63.418,0,1,1,1,0,16875,0.35085767388886896,46,2500,16942,0,54109,27371,64150,0,29090,31398,35518,0,89,6224,24871,0,17323,30129
63.438,1,1,25,1,1,16853,0.41009659090909095,47,2500,7919,0,40375,20783,19812,0,5527,28698,29800,0,45489,47546,60647,0,33522,38069
63.455,0,1,1,1,0,16945,0.3511780918558908,45,2500,16942,0,54109,27371,64150,0,29090,31398,35518,0,89,6224,24871,0,17323,30129
63.475,1,1,25,1,1,17018,0.41044460227272733,47,2500,7919,0,40375,20783,19812,0,5527,28698,29800,0,45489,47546,60647,0,33522,38069
63.492,0,1,1,1,0,17045,0.3514985098229126,45,2500,16942,0,54109,27371,64150,0,29090,31398,35518,0,89,6224,24871,0,17323,30129
63.512,1,1,25,1,1,16875,0.41065340909090914,48,2500,7919,0,40375,20783,19812,0,5527,28698,29800,0,45489,47546,60647,0,33522,38069
63.529,0,1,1,1,0,16841,0.3514985098229126,45,2500,16942,0,54109,27371,64150,0,29090,31398,35518,0,89,6224,24871,0,17323,30129
63.549,1,1,25,1,1,16864,0.41093181818181823,48,2500,7919,0,40375,20783,19812,0,5527,28698,29800,0,45489,47546,60647,0,33522,38069
63.566,0,1,1,1,0,16960,0.35175484419653,45,2500,16942,0,54109,27371,64150,0,29090,31398,35518,0,89,6224,24871,0,17323,30129
63.586,1,1,25,1,1,17050,0.41114062500000004,49,2500,7919,0,40375,20783,19812,0,5527,28698,29800,0,45489,47546,60647,0,33522,38069
63.603,0,1,1,1,0,16941,0.35175484419653,44,2500,16942,0,54109,27371,64150,0,29090,31398,35518,0,89,6224,24871,0,17323,30129
63.623,1,1,25,1,1,16849,0.41086221590909094,47,2500,7919,0,40375,20783,19812,0,5527,28698,29800,0,45489,47546,60647,0,33522,38069
63.64,0,1,1,1,0,16910,0.35175484419653,45,2500,16942,0,54109,27371,64150,0,29090,31398,35518,0,89,6224,24871,0,17323,30129
63.66,1,1,25,1,1,16877,0.4110014204545455,48,2500,7919,0,40375,20783,19812,0,5527,28698,29800,0,45489,47546,60647,0,33522,38069
63.677,0,1,1,1,0,16861,0.3516266770097213,45,2500,16942,0,54109,27371,64150,0,29090,31398,35518,0,89,6224,24871,0,17323,30129
63.697,1,1,25,1,1,16873,0.41093181818181823,48,2500,7919,0,40375,20783,19812,0,5527,28698,29800,0,45489,47546,60647,0,33522,38069
63.714,0,1,1,1,0,16951,0.35181892778993434,45,2500,16942,0,54109,27371,64150,0,29090,31398,35518,0,89,6224,24871,0,17323,30129
63.734,1,1,25,1,1,16867,0.41093181818181823,48,2500,7919,0,40375,20783,19812,0,5527,28698,29800,0,45489,47546,60647,0,33522,38069
63.751,0,1,1,1,0,16822,0.3516266770097213,45,2500,16942,0,54109,27371,64150,0,29090,31398,35518,0,89,6224,24871,0,17323,30129
63.771,1,1,25,1,1,16860,0.41079261363636366,47,2500,7919,0,40375,20783,19812,0,5527,28698,29800,0,45489,47546,60647,0,33522,38069
63.788,0,1,1,1,0,16883,0.35169076060312565,45,2500,16942,0,54109,27371,64150,0,29090,31398,35518,0,89,6224,24871,0,17323,30129
63.808,1,1,25,1,1,16856,0.41079261363636366,48,2500,7919,0,40375,20783,19812,0,5527,28698,29800,0,45489,47546,60647,0,33522,38069
63.825,0,1,1,1,0,16868,0.3516266770097213,45,2500,16942,0,54109,27371,64150,0,29090,31398,35518,0,89,6224,24871,0,17323,30129
63.845,1,1,25,1,1,17064,0.41093181818181823,47,2500,7919,0,40375,20783,19812,0,5527,28698,29800,0,45489,47546,60647,0,33522,38069
63.862,0,1,1,1,0,16921,0.35169076060312565,45,2500,16942,0,54109,27371,64150,0,29090,31398,35518,0,89,6224,24871,0,17323,30129
63.882,1,1,25,1,1,17120,0.4112102272727273,47,2500,7919,0,40375,20783,19812,0,5527,28698,29800,0,45489,47546,60647,0,33522,38069
63.899,0,1,1,1,0,16847,0.35181892778993434,45,2500,16942,0,54109,27371,64150,0,29090,31398,35518,0,89,6224,24871,0,17323,30129
63.919,1,1,25,1,1,17178,0.41141903409090913,47,2500,7919,0,40375,20783,19812,0,5527,28698,29800,0,45489,47546,60647,0,33522,38069
63.936,0,1,1,1,0,16793,0.35181892778993434,45,2500,16942,0,54109,27371,64150,0,29090,31398,35518,0,89,6224,24871,0,17323,30129
63.956,1,1,25,1,1,17218,0.41155823863636365,48,2500,7919,0,40375,20783,19812,0,5527,28698,29800,0,45489,47546,60647,0,33522,38069
63.973,0,1,1,1,0,16677,0.35175484419653,45,2500,16942,0,54109,27371,64150,0,29090,31398,35518,0,89,6224,24871,0,17323,30129
63.993,1,1,25,1,1,17217,0.4116974431818182,48,2500,7919,0,40375,20783,19812,0,5527,28698,29800,0,45489,47546,60647,0,33522,38069
64.01,0,1,1,1,0,16785,0.35181892778993434,45,2500,16942,0,54109,27371,64150,0,29090,31398,35518,0,89,6224,24871,0,17323,30129
64.03,1,1,25,1,1,17219,0.41190625000000003,48,2500,7919,0,40375,20783,19812,0,5527,28698,29800,0,45489,47546,60647,0,33522,38069
64.047,0,1,1,1,0,16906,0.3518830113833387,45,2500,16942,0,54109,27371,64150,0,29090,31398,35518,0,89,6224,24871,0,17323,30129
64.067,1,1,25,1,1,17108,0.41155823863636365,47,2500,7919,0,40375,20783,19812,0,5527,28698,29800,0,45489,47546,60647,0,33522,38069
64.084,0,1,1,1,0,16897,0.35169076060312565,45,2500,16942,0,54109,27371,64150,0,29090,31398,35518,0,89,6224,24871,0,17323,30129
64.104,1,1,25,1,1,16931,0.41141903409090913,47,2500,7919,0,40375,20783,19812,0,5527,28698,29800,0,45489,47546,60647,0,33522,38069
64.121,0,1,1,1,0,17013,0.35175484419653,45,2500,16942,0,54109,27371,64150,0,29090,31398,35518,0,89,6224,24871,0,17323,30129
64.141,1,1,25,1,1,16878,0.41134943181818184,48,2500,7919,0,40375,20783,19812,0,5527,28698,29800,0,45489,47546,60647,0,33522,38069
64.158,0,1,1,1,0,16974,0.3515625934163169,45,2500,16942,0,54109,27371,64150,0,29090,31398,35518,0,89,6224,24871,0,17323,30129
64.178,1,1,25,1,1,16878,0.41127982954545456,48,2500,7919,0,40375,20783,19812,0,5527,28698,29800,0,45489,47546,60647,0,33522,38069
64.195,0,1,1,1,0,17042,0.3516266770097213,44,2500,16942,0,54109,27371,64150,0,29090,31398,35518,0,89,6224,24871,0,17323,30129
64.215,1,1,25,1,1,16937,0.41127982954545456,47,2500,7919,0,40375,20783,19812,0,5527,28698,29800,0,45489,47546,60647,0,33522,38069
64.232,0,1,1,1,0,17059,0.35169076060312565,45,2500,16942,0,54109,27371,64150,0,29090,31398,35518,0,89,6224,24871,0,17323,30129
64.252,1,1,25,1,1,16869,0.4112102272727273,47,2500,7919,0,40375,20783,19812,0,5527,28698,29800,0,45489,47546,60647,0,33522,38069
64.269,0,1,1,1,0,17005,0.3514985098229126,45,2500,16942,0,54109,27371,64150,0,29090,31398,35518,0,89,6224,24871,0,17323,30129
64.289,1,1,25,1,1,16857,0.41127982954545456,48,2500,7919,0,40375,20783,19812,0,5527,28698,29800,0,45489,47546,60647,0,33522,38069
64.306,0,1,1,1,0,17004,0.3514985098229126,44,2500,16942,0,54109,27371,64150,0,29090,31398,35518,0,89,6224,24871,0,17323,30129
64.326,1,1,25,1,1,17053,0.41141903409090913,49,2500,7919,0,40375,20783,19812,0,5527,28698,29800,0,45489,47546,60647,0,33522,38069
64.343,0,1,1,1,0,17017,0.35137034263610384,44,2500,16942,0,54109,27371,64150,0,29090,31398,35518,0,89,6224,24871,0,17323,30129
64.363,1,1,25,1,1,16878,0.4112102272727273,48,2500,7919,0,40375,20783,19812,0,5527,28698,29800,0,45489,47546,60647,0,33522,38069
64.38,0,1,1,1,0,17002,0.35137034263610384,45,2500,16942,0,54109,27371,64150,0,29090,31398,35518,0,89,6224,24871,0,17323,30129
64.4,1,1,25,1,1,16878,0.41114062500000004,48,2500,7919,0,40375,20783,19812,0,5527,28698,29800,0,45489,47546,60647,0,33522,38069
64.417,0,1,1,1,0,17066,0.35130625904269946,45,2500,16942,0,54109,27371,64150,0,29090,31398,35518,0,89,6224,24871,0,17323,30129
64.437,1,1,25,1,1,16878,0.4110014204545455,48,2500,7919,0,40375,20783,19812,0,5527,28698,29800,0,45489,47546,60647,0,33522,38069
64.454,0,1,1,1,0,17148,0.35137034263610384,44,2500,16942,0,54109,27371,64150,0,29090,31398,35518,0,89,6224,24871,0,17323,30129
64.474,1,1,25,1,1,16937,0.41093181818181823,47,2500,7919,0,40375,20783,19812,0,5527,28698,29800,0,45489,47546,60647,0,33522,38069
64.491,0,1,1,1,0,17072,0.35124217544929515,44,2500,16942,0,54109,27371,64150,0,29090,31398,35518,0,89,6224,24871,0,17323,30129
64.511,1,1,25,1,1,17218,0.41134943181818184,48,2500,7919,0,40375,20783,19812,0,5527,28698,29800,0,45489,47546,60647,0,33522,38069
64.528,0,1,1,1,0,16971,0.3511140082624864,45,2500,16942,0,54109,27371,64150,0,29090,31398,35518,0,89,6224,24871,0,17323,30129
64.548,1,1,25,1,1,17192,0.41134943181818184,47,2500,7919,0,40375,20783,19812,0,5527,28698,29800,0,45489,47546,60647,0,33522,38069
64.565,0,1,1,1,0,17060,0.35124217544929515,45,2500,16942,0,54109,27371,64150,0,29090,31398,35518,0,89,6224,24871,0,17323,30129
64.585,1,1,25,1,1,17204,0.41114062500000004,48,2500,7919,0,40375,20783,19812,0,5527,28698,29800,0,45489,47546,60647,0,33522,38069
64.602,0,1,1,1,0,17114,0.3511780918558908,44,2500,16942,0,54109,27371,64150,0,29090,31398,35518,0,89,6224,24871,0,17323,30129
64.622,1,1,25,1,1,17171,0.41127982954545456,47,2500,7919,0,40375,20783,19812,0,5527,28698,29800,0,45489,47546,60647,0,33522,38069
64.639,0,1,1,1,0,17081,0.3511780918558908,44,2500,16942,0,54109,27371,64150,0,29090,31398,35518,0,89,6224,24871,0,17323,30129
64.659,1,1,25,1,1,17167,0.4112102272727273,47,2500,7919,0,40375,20783,19812,0,5527,28698,29800,0,45489,47546,60647,0,33522,38069
64.676,0,1,1,1,0,17086,0.3511140082624864,44,2500,16942,0,54109,27371,64150,0,29090,31398,35518,0,89,6224,24871,0,17323,30129
64.696,1,1,25,1,1,17107,0.41134943181818184,47,2500,7919,0,40375,20783,19812,0,5527,28698,29800,0,45489,47546,60647,0,33522,38069
64.713,0,1,1,1,0,17059,0.3511140082624864,44,2500,16942,0,54109,27371,64150,0,29090,31398,35518,0,89,6224,24871,0,17323,30129
64.733,1,1,25,1,1,17072,0.41127982954545456,47,2500,7919,0,40375,20783,19812,0,5527,28698,29800,0,45489,47546,60647,0,33522,38069
64.75,0,1,1,1,0,16991,0.351049924669082,45,2500,16942,0,54109,27371,64150,0,29090,31398,35518,0,89,6224,24871,0,17323,30129
64.77,1,1,25,1,1,17218,0.4114886363636364,48,2500,7919,0,40375,20783,19812,0,5527,28698,29800,0,45489,47546,60647,0,33522,38069
64.787,0,1,1,1,0,17083,0.3511140082624864,44,2500,16942,0,54109,27371,64150,0,29090,31398,35518,0,89,6224,24871,0,17323,30129
64.807,1,1,25,1,1,16878,0.4112102272727273,48,2500,7919,0,40375,20783,19812,0,5527,28698,29800,0,45489,47546,60647,0,33522,38069
64.824,0,1,1,1,0,17051,0.3509858410756777,45,2500,16942,0,54109,27371,64150,0,29090,31398,35518,0,89,6224,24871,0,17323,30129
64.844,1,1,25,1,1,16877,0.41134943181818184,48,2500,7919,0,40375,20783,19812,0,5527,28698,29800,0,45489,47546,60647,0,33522,38069
64.861,0,1,1,1,0,17123,0.351049924669082,44,2500,16942,0,54109,27371,64150,0,29090,31398,35518,0,89,6224,24871,0,17323,30129
64.881,1,1,25,1,1,16878,0.4112102272727273,48,2500,7919,0,40375,20783,19812,0,5527,28698,29800,0,45489,47546,60647,0,33522,38069
64.898,0,1,1,1,0,17159,0.3511780918558908,44,2500,16942,0,54109,27371,64150,0,29090,31398,35518,0,89,6224,24871,0,17323,30129
64.918,1,1,25,1,1,16878,0.4112102272727273,48,2500,7919,0,40375,20783,19812,0,5527,28698,29800,0,45489,47546,60647,0,33522,38069
64.935,0,1,1,1,0,17125,0.3511140082624864,44,2500,16942,0,54109,27371,64150,0,29090,31398,35518,0,89,6224,24871,0,17323,30129
64.954,1,1,25,1,1,16875,0.4112102272727273,48,2500,7919,0,40375,20783,19812,0,5527,28698,29800,0,45489,47546,60647,0,33522,38069
64.972,0,1,1,1,0,17018,0.351049924669082,45,2500,16942,0,54109,27371,64150,0,29090,31398,35518,0,89,6224,24871,0,17323,30129
64.991,1,1,25,1,1,16876,0.41114062500000004,48,2500,7919,0,40375,20783,19812,0,5527,28698,29800,0,45489,47546,60647,0,33522,38069
65.009,0,1,1,1,0,17079,0.3511140082624864,44,2500,16942,0,54109,27371,64150,0,29090,31398,35518,0,89,6224,24871,0,17323,30129
65.028,1,1,25,1,1,16875,0.41107102272727275,48,2500,7919,0,40375,20783,19812,0,5527,28698,29800,0,45489,47546,60647,0,33522,38069
65.046,0,1,1,1,0,17085,0.351049924669082,44,2500,16942,0,54109,27371,64150,0,29090,31398,35518,0,89,6224,24871,0,17323,30129
65.065,1,1,25,1,1,16878,0.41107102272727275,48,2500,7919,0,40375,20783,19812,0,5527,28698,29800,0,45489,47546,60647,0,33522,38069
65.083,0,1,1,1,0,16980,0.3509858410756777,45,2500,16942,0,54109,27371,64150,0,29090,31398,35518,0,89,6224,24871,0,17323,30129
65.102,1,1,25,1,1,16861,0.41086221590909094,47,2500,7919,0,40375,20783,19812,0,5527,28698,29800,0,45489,47546,60647,0,33522,38069
65.12,0,1,1,1,0,17006,0.351049924669082,45,2500,16942,0,54109,27371,64150,0,29090,31398,35518,0,89,6224,24871,0,17323,30129
65.139,1,1,25,1,1,17132,0.41114062500000004,49,2500,7919,0,40375,20783,19812,0,5527,28698,29800,0,45489,47546,60647,0,33522,38069
65.157,0,1,1,1,0,17035,0.3511140082624864,45,2500,16942,0,54109,27371,64150,0,29090,31398,35518,0,89,6224,24871,0,17323,30129
65.176,1,1,25,1,1,17051,0.41107102272727275,49,2500,7919,0,40375,20783,19812,0,5527,28698,29800,0,45489,47546,60647,0,33522,38069
65.194,0,1,1,1,0,16899,0.3509858410756777,45,2500,16942,0,54109,27371,64150,0,29090,31398,35518,0,89,6224,24871,0,17323,30129
65.213,1,1,25,1,1,16875,0.41086221590909094,48,2500,7919,0,40375,20783,19812,0,5527,28698,29800,0,45489,47546,60647,0,33522,38069
65.231,0,1,1,1,0,16866,0.35085767388886896,45,2500,16942,0,54109,27371,64150,0,29090,31398,35518,0,89,6224,24871,0,17323,30129
65.25,1,1,25,1,1,16878,0.41086221590909094,48,2500,7919,0,40375,20783,19812,0,5527,28698,29800,0,45489,47546,60647,0,33522,38069
65.268,0,1,1,1,0,17039,0.351049924669082,45,2500,16942,0,54109,27371,64150,0,29090,31398,35518,0,89,6224,24871,0,17323,30129
65.287,1,1,25,1,1,17051,0.41093181818181823,49,2500,7919,0,40375,20783,19812,0,5527,28698,29800,0,45489,47546,60647,0,33522,38069
65.305,0,1,1,1,0,17092,0.3511780918558908,44,2500,16942,0,54109,27371,64150,0,29090,31398,35518,0,89,6224,24871,0,17323,30129
65.324,1,1,25,1,1,17230,0.4110014204545455,48,2500,7919,0,40375,20783,19812,0,5527,28698,29800,0,45489,47546,60647,0,33522,38069
65.342,0,1,1,1,0,16887,0.3509858410756777,45,2500,16942,0,54109,27371,64150,0,29090,31398,35518,0,89,6224,24871,0,17323,30129
65.361,1,1,25,1,1,16844,0.41079261363636366,47,2500,7919,0,40375,20783,19812,0,5527,28698,29800,0,45489,47546,60647,0,33522,38069
65.379,0,1,1,1,0,16839,0.35085767388886896,45,2500,16942,0,54109,27371,64150,0,29090,31398,35518,0,89,6224,24871,0,17323,30129
65.398,1,1,25,1,1,16875,0.4110014204545455,48,2500,7919,0,40375,20783,19812,0,5527,28698,29800,0,45489,47546,60647,0,33522,38069
65.416,0,1,1,1,0,16864,0.35092175748227333,45,2500,16942,0,54109,27371,64150,0,29090,31398,35518,0,89,6224,24871,0,17323,30129
65.435,1,1,25,1,1,16846,0.41079261363636366,47,2500,7919,0,40375,20783,19812,0,5527,28698,29800,0,45489,47546,60647,0,33522,38069
65.453,0,1,1,1,0,16856,0.35085767388886896,44,2500,16942,0,54109,27371,64150,0,29090,31398,35518,0,89,6224,24871,0,17323,30129
65.472,1,1,25,1,1,16877,0.41086221590909094,48,2500,7919,0,40375,20783,19812,0,5527,28698,29800,0,45489,47546,60647,0,33522,38069
65.49,0,1,1,1,0,16838,0.3506654231086559,44,2500,16942,0,54109,27371,64150,0,29090,31398,35518,0,89,6224,24871,0,17323,30129
65.509,1,1,25,1,1,17051,0.41107102272727275,49,2500,7919,0,40375,20783,19812,0,5527,28698,29800,0,45489,47546,60647,0,33522,38069
65.527,0,1,1,1,0,16830,0.35053725592184715,45,2500,16942,0,54109,27371,64150,0,29090,31398,35518,0,89,6224,24871,0,17323,30129
65.546,1,1,25,1,1,17051,0.4110014204545455,49,2500,7919,0,40375,20783,19812,0,5527,28698,29800,0,45489,47546,60647,0,33522,38069
65.564,0,1,1,1,0,16829,0.35047317232844283,44,2500,16942,0,54109,27371,64150,0,29090,31398,35518,0,89,6224,24871,0,17323,30129
65.583,1,1,25,1,1,16875,0.41093181818181823,48,2500,7919,0,40375,20783,19812,0,5527,28698,29800,0,45489,47546,60647,0,33522,38069
65.601,0,1,1,1,0,16852,0.35047317232844283,44,2500,16942,0,54109,27371,64150,0,29090,31398,35518,0,89,6224,24871,0,17323,30129
65.62,1,1,25,1,1,16877,0.41086221590909094,48,2500,7919,0,40375,20783,19812,0,5527,28698,29800,0,45489,47546,60647,0,33522,38069
65.638,0,1,1,1,0,16904,0.35053725592184715,44,2500,16942,0,54109,27371,64150,0,29090,31398,35518,0,89,6224,24871,0,17323,30129
65.657,1,1,25,1,1,16878,0.41093181818181823,48,2500,7919,0,40375,20783,19812,0,5527,28698,29800,0,45489,47546,60647,0,33522,38069
65.675,0,1,1,1,0,16835,0.35053725592184715,44,2500,16942,0,54109,27371,64150,0,29090,31398,35518,0,89,6224,24871,0,17323,30129
65.694,1,1,25,1,1,16879,0.41086221590909094,48,2500,7919,0,40375,20783,19812,0,5527,28698,29800,0,45489,47546,60647,0,33522,38069
65.712,0,1,1,1,0,16889,0.3506013395152515,44,2500,16942,0,54109,27371,64150,0,29090,31398,35518,0,89,6224,24871,0,17323,30129
65.731,1,1,25,1,1,16878,0.4107230113636364,48,2500,7919,0,40375,20783,19812,0,5527,28698,29800,0,45489,47546,60647,0,33522,38069
65.749,0,1,1,1,0,16838,0.35053725592184715,44,2500,16942,0,54109,27371,64150,0,29090,31398,35518,0,89,6224,24871,0,17323,30129
65.768,1,1,25,1,1,16842,0.41065340909090914,47,2500,7919,0,40375,20783,19812,0,5527,28698,29800,0,45489,47546,60647,0,33522,38069
65.786,0,1,1,1,0,16798,0.35053725592184715,44,2500,16942,0,54109,27371,64150,0,29090,31398,35518,0,89,6224,24871,0,17323,30129
65.805,1,1,25,1,1,16878,0.41065340909090914,48,2500,7919,0,40375,20783,19812,0,5527,28698,29800,0,45489,47546,60647,0,33522,38069
65.823,0,1,1,1,0,16793,0.35053725592184715,44,2500,16942,0,54109,27371,64150,0,29090,31398,35518,0,89,6224,24871,0,17323,30129
65.842,1,1,25,1,1,16858,0.41058380681818185,47,2500,7919,0,40375,20783,19812,0,5527,28698,29800,0,45489,47546,60647,0,33522,38069
65.86,0,1,1,1,0,16843,0.35053725592184715,44,2500,16942,0,54109,27371,64150,0,29090,31398,35518,0,89,6224,24871,0,17323,30129
65.879,1,1,25,1,1,16859,0.41051420454545456,47,2500,7919,0,40375,20783,19812,0,5527,28698,29800,0,45489,47546,60647,0,33522,38069
65.897,0,1,1,1,0,16834,0.35047317232844283,44,2500,16942,0,54109,27371,64150,0,29090,31398,35518,0,89,6224,24871,0,17323,30129
65.916,1,1,25,1,1,17230,0.41086221590909094,48,2500,7919,0,40375,20783,19812,0,5527,28698,29800,0,45489,47546,60647,0,33522,38069
65.933,0,1,1,1,0,16839,0.35053725592184715,44,2500,16942,0,54109,27371,64150,0,29090,31398,35518,0,89,6224,24871,0,17323,30129
65.953,1,1,25,1,1,17186,0.41086221590909094,49,2500,7919,0,40375,20783,19812,0,5527,28698,29800,0,45489,47546,60647,0,33522,38069
65.97,0,1,1,1,0,16829,0.35053725592184715,44,2500,16942,0,54109,27371,64150,0,29090,31398,35518,0,89,6224,24871,0,17323,30129
65.99,1,1,25,1,1,17230,0.41086221590909094,48,2500,7919,0,40375,20783,19812,0,5527,28698,29800,0,45489,47546,60647,0,33522,38069
66.007,0,1,1,1,0,16847,0.35047317232844283,44,2500,16942,0,54109,27371,64150,0,29090,31398,35518,0,89,6224,24871,0,17323,30129
66.027,1,1,25,1,1,17230,0.4107230113636364,48,2500,7919,0,40375,20783,19812,0,5527,28698,29800,0,45489,47546,60647,0,33522,38069
66.044,0,1,1,1,0,16804,0.35040908873503845,44,2500,16942,0,54109,27371,64150,0,29090,31398,35518,0,89,6224,24871,0,17323,30129
66.064,1,1,25,1,1,17230,0.4107230113636364,48,2500,7919,0,40375,20783,19812,0,5527,28698,29800,0,45489,47546,60647,0,33522,38069
66.081,0,1,1,1,0,16855,0.35040908873503845,44,2500,16942,0,54109,27371,64150,0,29090,31398,35518,0,89,6224,24871,0,17323,30129
