time[s],SensorID,event,mask,tL.num_valid_targets,tL.reserved,tL.targets[0].amplitude,tL.targets[0].range,tL.targets[0].reserved[0],tL.targets[0].reserved[1],tL.targets[1].amplitude,tL.targets[1].range,tL.targets[1].reserved[0],tL.targets[1].reserved[1],tL.targets[2].amplitude,tL.targets[2].range,tL.targets[2].reserved[0],tL.targets[2].reserved[1],tL.targets[3].amplitude,tL.targets[3].range,tL.targets[3].reserved[0],tL.targets[3].reserved[1],tL.targets[4].amplitude,tL.targets[4].range,tL.targets[4].reserved[0],tL.targets[4].reserved[1]
156.495,1,1,25,1,1,6197,0.5220170454545455,61,2500,7919,0,56503,20781,19748,0,5535,28954,29800,0,45489,47546,60647,0,33528,38069
156.512,0,1,1,1,0,17014,0.5017963722699328,64,2500,21038,0,54109,27242,63638,0,29098,31398,35518,0,601,6224,24615,0,17323,30129
156.532,1,1,25,1,1,6490,0.5231306818181819,61,2500,7919,0,56503,20781,19748,0,5535,28954,29800,0,45489,47546,60647,0,33528,38069
156.549,0,1,1,1,0,16858,0.501155344712102,62,2500,21038,0,54109,27242,63638,0,29098,31398,35518,0,601,6224,24615,0,17323,30129
156.569,1,1,25,1,1,6784,0.5237571022727273,61,2500,7919,0,56503,20781,19748,0,5535,28954,29800,0,45489,47546,60647,0,33528,38069
156.586,0,1,1,1,0,16987,0.5010912419563189,65,2500,21038,0,54109,27242,63638,0,29098,31398,35518,0,601,6224,24615,0,17323,30129
156.606,1,1,25,1,1,7046,0.5241747159090909,61,2500,7919,0,56503,20781,19748,0,5535,28954,29800,0,45489,47546,60647,0,33528,38069
156.623,0,1,1,1,0,16917,0.5009630364447527,62,2500,21038,0,54109,27242,63638,0,29098,31398,35518,0,601,6224,24615,0,17323,30129
156.643,1,1,25,1,1,7270,0.5245923295454545,61,2500,7919,0,56503,20781,19748,0,5535,28954,29800,0,45489,47546,60647,0,33528,38069
156.66,0,1,1,1,0,17018,0.501219447467885,63,2500,21038,0,54109,27242,63638,0,29098,31398,35518,0,601,6224,24615,0,17323,30129
156.68,1,1,25,1,1,7480,0.5248011363636365,61,2500,7919,0,56503,20781,19748,0,5535,28954,29800,0,45489,47546,60647,0,33528,38069
156.697,0,1,1,1,0,17230,0.501219447467885,64,2500,21038,0,54109,27242,63638,0,29098,31398,35518,0,601,6224,24615,0,17323,30129
156.717,1,1,25,1,1,7476,0.5244531250000001,61,2500,7919,0,56503,20781,19748,0,5535,28954,29800,0,45489,47546,60647,0,33528,38069
156.734,0,1,1,1,0,16960,0.5010912419563189,63,2500,21038,0,54109,27242,63638,0,29098,31398,35518,0,601,6224,24615,0,17323,30129
156.754,1,1,25,1,1,7302,0.5241747159090909,61,2500,7919,0,56503,20781,19748,0,5535,28954,29800,0,45489,47546,60647,0,33528,38069
156.771,0,1,1,1,0,17231,0.5017963722699328,64,2500,21038,0,54109,27242,63638,0,29098,31398,35518,0,601,6224,24615,0,17323,30129
156.791,1,1,25,1,1,6812,0.5222258522727273,61,2500,7919,0,56503,20781,19748,0,5535,28954,29800,0,45489,47546,60647,0,33528,38069
156.808,0,1,1,1,0,17173,0.5016681667583666,63,2500,21038,0,54109,27242,63638,0,29098,31398,35518,0,601,6224,24615,0,17323,30129
156.828,1,1,25,1,1,6265,0.5188849431818182,61,2500,7919,0,56503,20781,19748,0,5535,28954,29800,0,45489,47546,60647,0,33528,38069
156.845,0,1,1,1,0,17230,0.5017322695141497,64,2500,21038,0,54109,27242,63638,0,29098,31398,35518,0,601,6224,24615,0,17323,30129
156.865,1,1,25,1,1,5667,0.5095582386363637,61,2500,7919,0,56503,20781,19748,0,5535,28954,29800,0,45489,47546,60647,0,33528,38069
156.882,0,1,1,1,0,17231,0.5015399612468004,64,2500,21038,0,54109,27242,63638,0,29098,31398,35518,0,601,6224,24615,0,17323,30129
156.902,1,1,25,1,1,5056,0.5023892045454545,61,2500,7919,0,56503,20781,19748,0,5535,28954,29800,0,45489,47546,60647,0,33528,38069
156.919,0,1,1,1,0,17230,0.5019245777814989,64,2500,21038,0,54109,27242,63638,0,29098,31398,35518,0,601,6224,24615,0,17323,30129
156.938,1,1,25,1,1,4521,0.5148480113636364,62,2500,7919,0,56503,20781,19748,0,5535,28954,29800,0,45489,47546,60647,0,33528,38069
156.956,0,1,1,1,0,17230,0.5019245777814989,64,2500,21038,0,54109,27242,63638,0,29098,31398,35518,0,601,6224,24615,0,17323,30129
156.975,1,1,25,1,1,4122,0.5147784090909091,62,2500,7919,0,56503,20781,19748,0,5535,28954,29800,0,45489,47546,60647,0,33528,38069
156.993,0,1,1,1,0,17226,0.5020527832930651,64,2500,21038,0,54109,27242,63638,0,29098,31398,35518,0,601,6224,24615,0,17323,30129
157.012,1,1,25,1,1,3726,0.5232698863636364,62,2500,7919,0,56503,20781,19748,0,5535,28954,29800,0,45489,47546,60647,0,33528,38069
157.03,0,1,1,1,0,17226,0.5023732970719804,64,2500,21038,0,54109,27242,63638,0,29098,31398,35518,0,601,6224,24615,0,17323,30129
157.049,1,1,25,1,1,3308,0.5314133522727273,62,1200,7919,0,56503,20781,19748,0,5535,28954,29800,0,45489,47546,60647,0,33528,38069
157.067,0,1,1,1,0,17230,0.502822016362462,64,2500,21038,0,54109,27242,63638,0,29098,31398,35518,0,601,6224,24615,0,17323,30129
157.086,1,1,25,1,1,2911,0.5312741477272728,62,1200,7919,0,56503,20781,19748,0,5535,28954,29800,0,45489,47546,60647,0,33528,38069
157.104,0,1,1,1,0,17226,0.5030784273855943,64,2500,21038,0,54109,27242,63638,0,29098,31398,35518,0,601,6224,24615,0,17323,30129
157.123,1,1,25,1,1,2519,0.5309261363636364,62,1200,7919,0,56503,20781,19748,0,5535,28954,29800,0,45489,47546,60647,0,33528,38069
157.141,0,1,1,1,0,17219,0.503655352187642,64,2500,21038,0,54109,27242,63638,0,29098,31398,35518,0,601,6224,24615,0,17323,30129
157.16,1,1,25,1,1,2065,0.5302301136363636,63,1200,7919,0,56503,20781,19748,0,5535,28954,29800,0,45489,47546,60647,0,33528,38069
157.178,0,1,1,1,0,17226,0.5043604825012559,64,2500,21038,0,54109,27242,63638,0,29098,31398,35518,0,601,6224,24615,0,17323,30129
157.197,1,1,25,1,1,1754,0.5388607954545455,63,1200,7919,0,56503,20781,19748,0,5535,28954,29800,0,45489,47546,60647,0,33528,38069
157.215,0,1,1,1,0,17230,0.5048092017917374,64,2500,21038,0,54109,27242,63638,0,29098,31398,35518,0,601,6224,24615,0,17323,30129
157.234,1,1,25,1,1,3063,0.4863110795454546,56,2500,7919,0,56503,20781,19748,0,5535,28954,29800,0,45489,47546,60647,0,33528,38069
157.252,0,1,1,1,0,17230,0.5051297155706528,64,2500,21038,0,54109,27242,63638,0,29098,31398,35518,0,601,6224,24615,0,17323,30129
157.271,1,1,25,1,1,2666,0.4936193181818182,57,2500,7919,0,56503,20781,19748,0,5535,28954,29800,0,45489,47546,60647,0,33528,38069
157.289,0,1,1,1,0,17231,0.5053220238380021,64,2500,21038,0,54109,27242,63638,0,29098,31398,35518,0,601,6224,24615,0,17323,30129
157.308,1,1,25,1,1,3343,0.4870071022727273,56,2500,7919,0,56503,20781,19748,0,5535,28954,29800,0,45489,47546,60647,0,33528,38069
157.326,0,1,1,1,0,17230,0.505257921082219,64,2500,21038,0,54109,27242,63638,0,29098,31398,35518,0,601,6224,24615,0,17323,30129
157.345,1,1,25,1,1,3495,0.4873551136363637,56,2500,7919,0,56503,20781,19748,0,5535,28954,29800,0,45489,47546,60647,0,33528,38069
157.363,0,1,1,1,0,17230,0.5053861265937851,64,2500,21038,0,54109,27242,63638,0,29098,31398,35518,0,601,6224,24615,0,17323,30129
157.382,1,1,25,1,1,3606,0.4877727272727273,56,2500,7919,0,56503,20781,19748,0,5535,28954,29800,0,45489,47546,60647,0,33528,38069
157.4,0,1,1,1,0,17103,0.5053861265937851,63,2500,21038,0,54109,27242,63638,0,29098,31398,35518,0,601,6224,24615,0,17323,30129
157.419,1,1,25,1,1,3590,0.4879119318181819,56,2500,7919,0,56503,20781,19748,0,5535,28954,29800,0,45489,47546,60647,0,33528,38069
157.437,0,1,1,1,0,17230,0.5053220238380021,64,2500,21038,0,54109,27242,63638,0,29098,31398,35518,0,601,6224,24615,0,17323,30129
157.456,1,1,25,1,1,3444,0.4877727272727273,56,2500,7919,0,56503,20781,19748,0,5535,28954,29800,0,45489,47546,60647,0,33528,38069
157.474,0,1,1,1,0,17230,0.5050015100590867,64,2500,21038,0,54109,27242,63638,0,29098,31398,35518,0,601,6224,24615,0,17323,30129
157.493,1,1,25,1,1,3118,0.49459375000000005,57,2500,7919,0,56503,20781,19748,0,5535,28954,29800,0,45489,47546,60647,0,33528,38069
157.511,0,1,1,1,0,16987,0.5041681742339067,65,2500,21038,0,54109,27242,63638,0,29098,31398,35518,0,601,6224,24615,0,17323,30129
157.53,1,1,25,1,1,3015,0.49459375000000005,59,2500,7919,0,56503,20781,19748,0,5535,28954,29800,0,45489,47546,60647,0,33528,38069
157.548,0,1,1,1,0,17172,0.5037194549434251,63,2500,21038,0,54109,27242,63638,0,29098,31398,35518,0,601,6224,24615,0,17323,30129
157.567,1,1,25,1,1,3032,0.4947329545454546,61,2500,7919,0,56503,20781,19748,0,5535,28954,29800,0,45489,47546,60647,0,33528,38069
157.585,0,1,1,1,0,16998,0.5030143246298112,65,2500,21038,0,54109,27242,63638,0,29098,31398,35518,0,601,6224,24615,0,17323,30129
157.604,1,1,25,1,1,3189,0.5303693181818182,62,1200,7919,0,56503,20781,19748,0,5535,28954,29800,0,45489,47546,60647,0,33528,38069
157.622,0,1,1,1,0,16961,0.5021809888046312,63,2500,21038,0,54109,27242,63638,0,29098,31398,35518,0,601,6224,24615,0,17323,30129
157.641,1,1,25,1,1,3509,0.5307173295454546,62,1200,7919,0,56503,20781,19748,0,5535,28954,29800,0,45489,47546,60647,0,33528,38069
157.659,0,1,1,1,0,16998,0.5018604750257158,65,2500,21038,0,54109,27242,63638,0,29098,31398,35518,0,601,6224,24615,0,17323,30129
157.678,1,1,25,1,1,3887,0.5227130681818182,62,2500,7919,0,56503,20781,19748,0,5535,28954,29800,0,45489,47546,60647,0,33528,38069
157.696,0,1,1,1,0,16824,0.5016040640025835,62,2500,21038,0,54109,27242,63638,0,29098,31398,35518,0,601,6224,24615,0,17323,30129
157.715,1,1,25,1,1,4244,0.5148480113636364,62,2500,7919,0,56503,20781,19748,0,5535,28954,29800,0,45489,47546,60647,0,33528,38069
157.733,0,1,1,1,0,16960,0.5016040640025835,63,2500,21038,0,54109,27242,63638,0,29098,31398,35518,0,601,6224,24615,0,17323,30129
157.752,1,1,25,1,1,4531,0.5153352272727273,62,2500,7919,0,56503,20781,19748,0,5535,28954,29800,0,45489,47546,60647,0,33528,38069
157.77,0,1,1,1,0,17022,0.5016040640025835,64,2500,21038,0,54109,27242,63638,0,29098,31398,35518,0,601,6224,24615,0,17323,30129
157.789,1,1,25,1,1,4766,0.5157528409090909,62,2500,7919,0,56503,20781,19748,0,5535,28954,29800,0,45489,47546,60647,0,33528,38069
157.807,0,1,1,1,0,17022,0.5014117557352343,64,2500,21038,0,54109,27242,63638,0,29098,31398,35518,0,601,6224,24615,0,17323,30129
157.826,1,1,25,1,1,4854,0.5158920454545455,62,2500,7919,0,56503,20781,19748,0,5535,28954,29800,0,45489,47546,60647,0,33528,38069
157.844,0,1,1,1,0,16987,0.5016681667583666,65,2500,21038,0,54109,27242,63638,0,29098,31398,35518,0,601,6224,24615,0,17323,30129
157.863,1,1,25,1,1,4850,0.517284090909091,62,2500,7919,0,56503,20781,19748,0,5535,28954,29800,0,45489,47546,60647,0,33528,38069
157.881,0,1,1,1,0,16961,0.5012835502236681,63,2500,21038,0,54109,27242,63638,0,29098,31398,35518,0,601,6224,24615,0,17323,30129
157.9,1,1,25,1,1,4847,0.5167272727272728,62,2500,7919,0,56503,20781,19748,0,5535,28954,29800,0,45489,47546,60647,0,33528,38069
157.918,0,1,1,1,0,17014,0.5016040640025835,64,2500,21038,0,54109,27242,63638,0,29098,31398,35518,0,601,6224,24615,0,17323,30129
157.937,1,1,25,1,1,4813,0.5157528409090909,62,2500,7919,0,56503,20781,19748,0,5535,28954,29800,0,45489,47546,60647,0,33528,38069
157.954,0,1,1,1,0,16884,0.5015399612468004,63,2500,21038,0,54109,27242,63638,0,29098,31398,35518,0,601,6224,24615,0,17323,30129
157.974,1,1,25,1,1,4715,0.5155440340909091,62,2500,7919,0,56503,20781,19748,0,5535,28954,29800,0,45489,47546,60647,0,33528,38069
157.992,0,1,1,1,0,16960,0.5016040640025835,63,2500,21038,0,54109,27242,63638,0,29098,31398,35518,0,601,6224,24615,0,17323,30129
158.011,1,1,25,1,1,4615,0.5153352272727273,62,2500,7919,0,56503,20781,19748,0,5535,28954,29800,0,45489,47546,60647,0,33528,38069
158.028,0,1,1,1,0,16980,0.5014117557352343,65,2500,21038,0,54109,27242,63638,0,29098,31398,35518,0,601,6224,24615,0,17323,30129
158.048,1,1,25,1,1,4589,0.5151960227272728,62,2500,7919,0,56503,20781,19748,0,5535,28954,29800,0,45489,47546,60647,0,33528,38069
158.065,0,1,1,1,0,17014,0.5016681667583666,64,2500,21038,0,54109,27242,63638,0,29098,31398,35518,0,601,6224,24615,0,17323,30129
158.085,1,1,25,1,1,4595,0.5152656250000001,62,2500,7919,0,56503,20781,19748,0,5535,28954,29800,0,45489,47546,60647,0,33528,38069
158.102,0,1,1,1,0,17123,0.501988680537282,64,2500,21038,0,54109,27242,63638,0,29098,31398,35518,0,601,6224,24615,0,17323,30129
158.122,1,1,25,1,1,4627,0.5153352272727273,62,2500,7919,0,56503,20781,19748,0,5535,28954,29800,0,45489,47546,60647,0,33528,38069
158.139,0,1,1,1,0,17099,0.5019245777814989,64,2500,21038,0,54109,27242,63638,0,29098,31398,35518,0,601,6224,24615,0,17323,30129
158.159,1,1,25,1,1,4706,0.5157528409090909,62,2500,7919,0,56503,20781,19748,0,5535,28954,29800,0,45489,47546,60647,0,33528,38069
158.176,0,1,1,1,0,17095,0.5014758584910174,64,2500,21038,0,54109,27242,63638,0,29098,31398,35518,0,601,6224,24615,0,17323,30129
158.196,1,1,25,1,1,4754,0.51603125,62,2500,7919,0,56503,20781,19748,0,5535,28954,29800,0,45489,47546,60647,0,33528,38069
158.213,0,1,1,1,0,17001,0.5013476529794513,64,2500,21038,0,54109,27242,63638,0,29098,31398,35518,0,601,6224,24615,0,17323,30129
158.233,1,1,25,1,1,4787,0.5163096590909091,62,2500,7919,0,56503,20781,19748,0,5535,28954,29800,0,45489,47546,60647,0,33528,38069
158.25,0,1,1,1,0,16996,0.5012835502236681,64,2500,21038,0,54109,27242,63638,0,29098,31398,35518,0,601,6224,24615,0,17323,30129
158.27,1,1,25,1,1,4815,0.5236178977272727,62,2500,7919,0,56503,20781,19748,0,5535,28954,29800,0,45489,47546,60647,0,33528,38069
158.287,0,1,1,1,0,17056,0.5014758584910174,64,2500,21038,0,54109,27242,63638,0,29098,31398,35518,0,601,6224,24615,0,17323,30129
158.307,1,1,25,1,1,4876,0.5259843750000001,62,2500,7919,0,56503,20781,19748,0,5535,28954,29800,0,45489,47546,60647,0,33528,38069
158.324,0,1,1,1,0,17071,0.5014117557352343,64,2500,21038,0,54109,27242,63638,0,29098,31398,35518,0,601,6224,24615,0,17323,30129
158.344,1,1,25,1,1,4942,0.5265411931818182,62,2500,7919,0,56503,20781,19748,0,5535,28954,29800,0,45489,47546,60647,0,33528,38069
158.361,0,1,1,1,0,17057,0.5014758584910174,64,2500,21038,0,54109,27242,63638,0,29098,31398,35518,0,601,6224,24615,0,17323,30129
158.381,1,1,25,1,1,4942,0.5261235795454546,62,2500,7919,0,56503,20781,19748,0,5535,28954,29800,0,45489,47546,60647,0,33528,38069
158.398,0,1,1,1,0,17070,0.5015399612468004,64,2500,21038,0,54109,27242,63638,0,29098,31398,35518,0,601,6224,24615,0,17323,30129
158.418,1,1,25,1,1,4970,0.5257755681818183,62,2500,7919,0,56503,20781,19748,0,5535,28954,29800,0,45489,47546,60647,0,33528,38069
158.435,0,1,1,1,0,17056,0.5017322695141497,64,2500,21038,0,54109,27242,63638,0,29098,31398,35518,0,601,6224,24615,0,17323,30129
158.455,1,1,25,1,1,4992,0.5227826704545455,62,2500,7919,0,56503,20781,19748,0,5535,28954,29800,0,45489,47546,60647,0,33528,38069
158.472,0,1,1,1,0,16996,0.5014117557352343,64,2500,21038,0,54109,27242,63638,0,29098,31398,35518,0,601,6224,24615,0,17323,30129
158.492,1,1,25,1,1,5044,0.5185369318181818,61,2500,7919,0,56503,20781,19748,0,5535,28954,29800,0,45489,47546,60647,0,33528,38069
158.509,0,1,1,1,0,16983,0.5017963722699328,64,2500,21038,0,54109,27242,63638,0,29098,31398,35518,0,601,6224,24615,0,17323,30129
158.529,1,1,25,1,1,5101,0.5153352272727273,61,2500,7919,0,56503,20781,19748,0,5535,28954,29800,0,45489,47546,60647,0,33528,38069
158.546,0,1,1,1,0,17096,0.5016040640025835,64,2500,21038,0,54109,27242,63638,0,29098,31398,35518,0,601,6224,24615,0,17323,30129
158.566,1,1,25,1,1,5139,0.5132471590909091,61,2500,7919,0,56503,20781,19748,0,5535,28954,29800,0,45489,47546,60647,0,33528,38069
158.583,0,1,1,1,0,17056,0.5016681667583666,64,2500,21038,0,54109,27242,63638,0,29098,31398,35518,0,601,6224,24615,0,17323,30129
158.603,1,1,25,1,1,5236,0.5128295454545455,61,2500,7919,0,56503,20781,19748,0,5535,28954,29800,0,45489,47546,60647,0,33528,38069
158.62,0,1,1,1,0,17056,0.5015399612468004,64,2500,21038,0,54109,27242,63638,0,29098,31398,35518,0,601,6224,24615,0,17323,30129
158.64,1,1,25,1,1,5324,0.5138735795454545,61,2500,7919,0,56503,20781,19748,0,5535,28954,29800,0,45489,47546,60647,0,33528,38069
158.657,0,1,1,1,0,17056,0.5012835502236681,64,2500,21038,0,54109,27242,63638,0,29098,31398,35518,0,601,6224,24615,0,17323,30129
158.677,1,1,25,1,1,5382,0.5141519886363637,61,2500,7919,0,56503,20781,19748,0,5535,28954,29800,0,45489,47546,60647,0,33528,38069
158.694,0,1,1,1,0,17095,0.5014117557352343,64,2500,21038,0,54109,27242,63638,0,29098,31398,35518,0,601,6224,24615,0,17323,30129
158.714,1,1,25,1,1,5506,0.5149176136363637,61,2500,7919,0,56503,20781,19748,0,5535,28954,29800,0,45489,47546,60647,0,33528,38069
158.731,0,1,1,1,0,16996,0.501219447467885,64,2500,21038,0,54109,27242,63638,0,29098,31398,35518,0,601,6224,24615,0,17323,30129
158.751,1,1,25,1,1,5590,0.5156832386363637,61,2500,7919,0,56503,20781,19748,0,5535,28954,29800,0,45489,47546,60647,0,33528,38069
158.768,0,1,1,1,0,17124,0.5014758584910174,64,2500,21038,0,54109,27242,63638,0,29098,31398,35518,0,601,6224,24615,0,17323,30129
158.788,1,1,25,1,1,5603,0.5164488636363637,61,2500,7919,0,56503,20781,19748,0,5535,28954,29800,0,45489,47546,60647,0,33528,38069
158.805,0,1,1,1,0,17122,0.5010271392005359,64,2500,21038,0,54109,27242,63638,0,29098,31398,35518,0,601,6224,24615,0,17323,30129
158.825,1,1,25,1,1,5606,0.5173536931818182,61,2500,7919,0,56503,20781,19748,0,5535,28954,29800,0,45489,47546,60647,0,33528,38069
158.842,0,1,1,1,0,17099,0.5010271392005359,64,2500,21038,0,54109,27242,63638,0,29098,31398,35518,0,601,6224,24615,0,17323,30129
158.862,1,1,25,1,1,5626,0.5187457386363636,61,2500,7919,0,56503,20781,19748,0,5535,28954,29800,0,45489,47546,60647,0,33528,38069
158.879,0,1,1,1,0,17014,0.5005784199100543,64,2500,21038,0,54109,27242,63638,0,29098,31398,35518,0,601,6224,24615,0,17323,30129
158.899,1,1,25,1,1,5723,0.520625,61,2500,7919,0,56503,20781,19748,0,5535,28954,29800,0,45489,47546,60647,0,33528,38069
158.916,0,1,1,1,0,16996,0.5005143171542712,64,2500,21038,0,54109,27242,63638,0,29098,31398,35518,0,601,6224,24615,0,17323,30129
158.936,1,1,25,1,1,5839,0.5219474431818182,61,2500,7919,0,56503,20781,19748,0,5535,28954,29800,0,45489,47546,60647,0,33528,38069
158.953,0,1,1,1,0,16996,0.49987328959644045,64,2500,21038,0,54109,27242,63638,0,29098,31398,35518,0,601,6224,24615,0,17323,30129
158.973,1,1,25,1,1,5960,0.5228522727272727,61,2500,7919,0,56503,20781,19748,0,5535,28954,29800,0,45489,47546,60647,0,33528,38069
158.99,0,1,1,1,0,17014,0.5000014951080066,64,2500,21038,0,54109,27242,63638,0,29098,31398,35518,0,601,6224,24615,0,17323,30129
159.01,1,1,25,1,1,6172,0.5236178977272727,61,2500,7919,0,56503,20781,19748,0,5535,28954,29800,0,45489,47546,60647,0,33528,38069
159.027,0,1,1,1,0,16987,0.5000655978637897,65,2500,21038,0,54109,27242,63638,0,29098,31398,35518,0,601,6224,24615,0,17323,30129
159.047,1,1,25,1,1,6271,0.5243139204545455,61,2500,7919,0,56503,20781,19748,0,5535,28954,29800,0,45489,47546,60647,0,33528,38069
159.064,0,1,1,1,0,16960,0.49955277581752505,63,2500,21038,0,54109,27242,63638,0,29098,31398,35518,0,601,6224,24615,0,17323,30129
159.084,1,1,25,1,1,6297,0.5245227272727273,61,2500,7919,0,56503,20781,19748,0,5535,28954,29800,0,45489,47546,60647,0,33528,38069
159.101,0,1,1,1,0,17018,0.5006425226658374,63,2500,21038,0,54109,27242,63638,0,29098,31398,35518,0,601,6224,24615,0,17323,30129
159.121,1,1,25,1,1,6209,0.5241747159090909,61,2500,7919,0,56503,20781,19748,0,5535,28954,29800,0,45489,47546,60647,0,33528,38069
159.138,0,1,1,1,0,16960,0.5006425226658374,63,2500,21038,0,54109,27242,63638,0,29098,31398,35518,0,601,6224,24615,0,17323,30129
159.158,1,1,25,1,1,6135,0.5237571022727273,61,2500,7919,0,56503,20781,19748,0,5535,28954,29800,0,45489,47546,60647,0,33528,38069
159.175,0,1,1,1,0,16875,0.5005784199100543,62,2500,21038,0,54109,27242,63638,0,29098,31398,35518,0,601,6224,24615,0,17323,30129
159.195,1,1,25,1,1,6030,0.5227130681818182,61,2500,7919,0,56503,20781,19748,0,5535,28954,29800,0,45489,47546,60647,0,33528,38069
159.212,0,1,1,1,0,16998,0.5008348309331866,65,2500,21038,0,54109,27242,63638,0,29098,31398,35518,0,601,6224,24615,0,17323,30129
159.232,1,1,25,1,1,5911,0.5218082386363637,61,2500,7919,0,56503,20781,19748,0,5535,28954,29800,0,45489,47546,60647,0,33528,38069
159.249,0,1,1,1,0,17211,0.5010271392005359,63,2500,21038,0,54109,27242,63638,0,29098,31398,35518,0,601,6224,24615,0,17323,30129
159.269,1,1,25,1,1,5828,0.520625,61,2500,7919,0,56503,20781,19748,0,5535,28954,29800,0,45489,47546,60647,0,33528,38069
159.286,0,1,1,1,0,16865,0.5005784199100543,62,2500,21038,0,54109,27242,63638,0,29098,31398,35518,0,601,6224,24615,0,17323,30129
159.306,1,1,25,1,1,5766,0.519580965909091,61,2500,7919,0,56503,20781,19748,0,5535,28954,29800,0,45489,47546,60647,0,33528,38069
159.323,0,1,1,1,0,17027,0.5010271392005359,64,2500,21038,0,54109,27242,63638,0,29098,31398,35518,0,601,6224,24615,0,17323,30129
159.343,1,1,25,1,1,5737,0.5186065340909092,61,2500,7919,0,56503,20781,19748,0,5535,28954,29800,0,45489,47546,60647,0,33528,38069
159.36,0,1,1,1,0,17203,0.501155344712102,63,2500,21038,0,54109,27242,63638,0,29098,31398,35518,0,601,6224,24615,0,17323,30129
159.38,1,1,25,1,1,5741,0.518049715909091,61,2500,7919,0,56503,20781,19748,0,5535,28954,29800,0,45489,47546,60647,0,33528,38069
159.397,0,1,1,1,0,17231,0.5008989336889696,64,2500,21038,0,54109,27242,63638,0,29098,31398,35518,0,601,6224,24615,0,17323,30129
159.417,1,1,25,1,1,5784,0.5175625,61,2500,7919,0,56503,20781,19748,0,5535,28954,29800,0,45489,47546,60647,0,33528,38069
159.434,0,1,1,1,0,17231,0.5008989336889696,64,2500,21038,0,54109,27242,63638,0,29098,31398,35518,0,601,6224,24615,0,17323,30129
159.454,1,1,25,1,1,5779,0.517284090909091,61,2500,7919,0,56503,20781,19748,0,5535,28954,29800,0,45489,47546,60647,0,33528,38069
159.471,0,1,1,1,0,17069,0.5005784199100543,63,2500,21038,0,54109,27242,63638,0,29098,31398,35518,0,601,6224,24615,0,17323,30129
159.491,1,1,25,1,1,5671,0.5158920454545455,61,2500,7919,0,56503,20781,19748,0,5535,28954,29800,0,45489,47546,60647,0,33528,38069
159.508,0,1,1,1,0,17231,0.501219447467885,64,2500,21038,0,54109,27242,63638,0,29098,31398,35518,0,601,6224,24615,0,17323,30129
159.528,1,1,25,1,1,5500,0.5133167613636365,61,2500,7919,0,56503,20781,19748,0,5535,28954,29800,0,45489,47546,60647,0,33528,38069
159.545,0,1,1,1,0,16869,0.5005143171542712,62,2500,21038,0,54109,27242,63638,0,29098,31398,35518,0,601,6224,24615,0,17323,30129
159.565,1,1,25,1,1,5242,0.5089318181818182,61,2500,7919,0,56503,20781,19748,0,5535,28954,29800,0,45489,47546,60647,0,33528,38069
159.582,0,1,1,1,0,17014,0.5007707281774035,64,2500,21038,0,54109,27242,63638,0,29098,31398,35518,0,601,6224,24615,0,17323,30129
159.602,1,1,25,1,1,4899,0.5038508522727273,61,2500,7919,0,56503,20781,19748,0,5535,28954,29800,0,45489,47546,60647,0,33528,38069
159.619,0,1,1,1,0,16859,0.5008348309331866,62,2500,21038,0,54109,27242,63638,0,29098,31398,35518,0,601,6224,24615,0,17323,30129
159.639,1,1,25,1,1,4602,0.4992571022727273,61,2500,7919,0,56503,20781,19748,0,5535,28954,29800,0,45489,47546,60647,0,33528,38069
159.656,0,1,1,1,0,16901,0.501155344712102,63,2500,21038,0,54109,27242,63638,0,29098,31398,35518,0,601,6224,24615,0,17323,30129
159.676,1,1,25,1,1,4413,0.4972386363636364,61,2500,7919,0,56503,20781,19748,0,5535,28954,29800,0,45489,47546,60647,0,33528,38069
159.693,0,1,1,1,0,17021,0.5013476529794513,64,2500,21038,0,54109,27242,63638,0,29098,31398,35518,0,601,6224,24615,0,17323,30129
159.713,1,1,25,1,1,4246,0.49689062500000003,61,2500,7919,0,56503,20781,19748,0,5535,28954,29800,0,45489,47546,60647,0,33528,38069
159.73,0,1,1,1,0,16983,0.5014117557352343,64,2500,21038,0,54109,27242,63638,0,29098,31398,35518,0,601,6224,24615,0,17323,30129
159.75,1,1,25,1,1,4102,0.4965426136363637,60,2500,7919,0,56503,20781,19748,0,5535,28954,29800,0,45489,47546,60647,0,33528,38069
159.767,0,1,1,1,0,17001,0.5015399612468004,64,2500,21038,0,54109,27242,63638,0,29098,31398,35518,0,601,6224,24615,0,17323,30129
159.787,1,1,25,1,1,3891,0.4959857954545455,60,2500,7919,0,56503,20781,19748,0,5535,28954,29800,0,45489,47546,60647,0,33528,38069
159.804,0,1,1,1,0,17021,0.5019245777814989,64,2500,21038,0,54109,27242,63638,0,29098,31398,35518,0,601,6224,24615,0,17323,30129
159.823,1,1,25,1,1,3691,0.49563778409090914,60,2500,7919,0,56503,20781,19748,0,5535,28954,29800,0,45489,47546,60647,0,33528,38069
159.841,0,1,1,1,0,16996,0.5018604750257158,64,2500,21038,0,54109,27242,63638,0,29098,31398,35518,0,601,6224,24615,0,17323,30129
159.86,1,1,25,1,1,3551,0.49528977272727276,59,2500,7919,0,56503,20781,19748,0,5535,28954,29800,0,45489,47546,60647,0,33528,38069
159.878,0,1,1,1,0,16983,0.5020527832930651,64,2500,21038,0,54109,27242,63638,0,29098,31398,35518,0,601,6224,24615,0,17323,30129
159.897,1,1,25,1,1,3530,0.49515056818181824,59,2500,7919,0,56503,20781,19748,0,5535,28954,29800,0,45489,47546,60647,0,33528,38069
159.915,0,1,1,1,0,16969,0.5020527832930651,64,2500,21038,0,54109,27242,63638,0,29098,31398,35518,0,601,6224,24615,0,17323,30129
159.934,1,1,25,1,1,3525,0.4873551136363637,59,2500,7919,0,56503,20781,19748,0,5535,28954,29800,0,45489,47546,60647,0,33528,38069
159.952,0,1,1,1,0,16961,0.5022450915604143,63,2500,21038,0,54109,27242,63638,0,29098,31398,35518,0,601,6224,24615,0,17323,30129
159.971,1,1,25,1,1,3498,0.4872855113636364,59,2500,7919,0,56503,20781,19748,0,5535,28954,29800,0,45489,47546,60647,0,33528,38069
159.989,0,1,1,1,0,16960,0.5025656053393297,63,2500,21038,0,54109,27242,63638,0,29098,31398,35518,0,601,6224,24615,0,17323,30129
160.008,1,1,25,1,1,3320,0.4868678977272728,56,2500,7919,0,56503,20781,19748,0,5535,28954,29800,0,45489,47546,60647,0,33528,38069
160.026,0,1,1,1,0,16996,0.5026297080951128,64,2500,21038,0,54109,27242,63638,0,29098,31398,35518,0,601,6224,24615,0,17323,30129
160.045,1,1,25,1,1,3314,0.4869375,56,2500,7919,0,56503,20781,19748,0,5535,28954,29800,0,45489,47546,60647,0,33528,38069
160.063,0,1,1,1,0,16996,0.5025656053393297,64,2500,21038,0,54109,27242,63638,0,29098,31398,35518,0,601,6224,24615,0,17323,30129
160.082,1,1,25,1,1,3341,0.4869375,56,2500,7919,0,56503,20781,19748,0,5535,28954,29800,0,45489,47546,60647,0,33528,38069
160.1,0,1,1,1,0,16996,0.5026297080951128,64,2500,21038,0,54109,27242,63638,0,29098,31398,35518,0,601,6224,24615,0,17323,30129
160.119,1,1,25,1,1,3359,0.4870071022727273,56,2500,7919,0,56503,20781,19748,0,5535,28954,29800,0,45489,47546,60647,0,33528,38069
160.137,0,1,1,1,0,17230,0.5029502218740282,64,2500,21038,0,54109,27242,63638,0,29098,31398,35518,0,601,6224,24615,0,17323,30129
160.156,1,1,25,1,1,3393,0.4871463068181819,56,2500,7919,0,56503,20781,19748,0,5535,28954,29800,0,45489,47546,60647,0,33528,38069
160.174,0,1,1,1,0,16996,0.5022450915604143,64,2500,21038,0,54109,27242,63638,0,29098,31398,35518,0,601,6224,24615,0,17323,30129
160.193,1,1,25,1,1,3456,0.4872855113636364,56,2500,7919,0,56503,20781,19748,0,5535,28954,29800,0,45489,47546,60647,0,33528,38069
160.211,0,1,1,1,0,16848,0.5018604750257158,62,2500,21038,0,54109,27242,63638,0,29098,31398,35518,0,601,6224,24615,0,17323,30129
160.23,1,1,25,1,1,3714,0.4878423295454546,59,2500,7919,0,56503,20781,19748,0,5535,28954,29800,0,45489,47546,60647,0,33528,38069
160.248,0,1,1,1,0,16984,0.5020527832930651,64,2500,21038,0,54109,27242,63638,0,29098,31398,35518,0,601,6224,24615,0,17323,30129
160.267,1,1,25,1,1,3905,0.48819034090909097,59,2500,7919,0,56503,20781,19748,0,5535,28954,29800,0,45489,47546,60647,0,33528,38069
160.285,0,1,1,1,0,17138,0.5021168860488482,63,2500,21038,0,54109,27242,63638,0,29098,31398,35518,0,601,6224,24615,0,17323,30129
160.304,1,1,25,1,1,4072,0.4885383522727273,59,2500,7919,0,56503,20781,19748,0,5535,28954,29800,0,45489,47546,60647,0,33528,38069
160.322,0,1,1,1,0,17231,0.5018604750257158,64,2500,21038,0,54109,27242,63638,0,29098,31398,35518,0,601,6224,24615,0,17323,30129
160.341,1,1,25,1,1,4200,0.4888167613636364,59,2500,7919,0,56503,20781,19748,0,5535,28954,29800,0,45489,47546,60647,0,33528,38069
160.359,0,1,1,1,0,17017,0.5016681667583666,63,2500,21038,0,54109,27242,63638,0,29098,31398,35518,0,601,6224,24615,0,17323,30129
160.378,1,1,25,1,1,4323,0.4906264204545455,59,2500,7919,0,56503,20781,19748,0,5535,28954,29800,0,45489,47546,60647,0,33528,38069
160.396,0,1,1,1,0,16950,0.5014758584910174,65,2500,21038,0,54109,27242,63638,0,29098,31398,35518,0,601,6224,24615,0,17323,30129
160.415,1,1,25,1,1,4356,0.4909048295454546,60,2500,7919,0,56503,20781,19748,0,5535,28954,29800,0,45489,47546,60647,0,33528,38069
160.433,0,1,1,1,0,17102,0.5016040640025835,63,2500,21038,0,54109,27242,63638,0,29098,31398,35518,0,601,6224,24615,0,17323,30129
160.452,1,1,25,1,1,4328,0.49027840909090914,60,2500,7919,0,56503,20781,19748,0,5535,28954,29800,0,45489,47546,60647,0,33528,38069
160.47,0,1,1,1,0,16892,0.5012835502236681,63,2500,21038,0,54109,27242,63638,0,29098,31398,35518,0,601,6224,24615,0,17323,30129
160.489,1,1,25,1,1,4206,0.4888167613636364,60,2500,7919,0,56503,20781,19748,0,5535,28954,29800,0,45489,47546,60647,0,33528,38069
160.507,0,1,1,1,0,17231,0.5021168860488482,64,2500,21038,0,54109,27242,63638,0,29098,31398,35518,0,601,6224,24615,0,17323,30129
160.526,1,1,25,1,1,4084,0.4886079545454546,60,2500,7919,0,56503,20781,19748,0,5535,28954,29800,0,45489,47546,60647,0,33528,38069
160.544,0,1,1,1,0,16898,0.5018604750257158,63,2500,21038,0,54109,27242,63638,0,29098,31398,35518,0,601,6224,24615,0,17323,30129
160.563,1,1,25,1,1,3924,0.49591619318181823,60,2500,7919,0,56503,20781,19748,0,5535,28954,29800,0,45489,47546,60647,0,33528,38069
160.581,0,1,1,1,0,17231,0.5025656053393297,64,2500,21038,0,54109,27242,63638,0,29098,31398,35518,0,601,6224,24615,0,17323,30129
160.6,1,1,25,1,1,3813,0.4957073863636364,60,2500,7919,0,56503,20781,19748,0,5535,28954,29800,0,45489,47546,60647,0,33528,38069
160.618,0,1,1,1,0,17231,0.5026297080951128,64,2500,21038,0,54109,27242,63638,0,29098,31398,35518,0,601,6224,24615,0,17323,30129
160.637,1,1,25,1,1,3735,0.49563778409090914,60,2500,7919,0,56503,20781,19748,0,5535,28954,29800,0,45489,47546,60647,0,33528,38069
160.655,0,1,1,1,0,17160,0.5026938108508958,63,2500,21038,0,54109,27242,63638,0,29098,31398,35518,0,601,6224,24615,0,17323,30129
160.674,1,1,25,1,1,3685,0.49556818181818185,61,2500,7919,0,56503,20781,19748,0,5535,28954,29800,0,45489,47546,60647,0,33528,38069
160.692,0,1,1,1,0,17007,0.5025015025835466,63,2500,21038,0,54109,27242,63638,0,29098,31398,35518,0,601,6224,24615,0,17323,30129
160.711,1,1,25,1,1,3655,0.49549857954545456,61,2500,7919,0,56503,20781,19748,0,5535,28954,29800,0,45489,47546,60647,0,33528,38069
160.729,0,1,1,1,0,17007,0.5024373998277636,63,2500,21038,0,54109,27242,63638,0,29098,31398,35518,0,601,6224,24615,0,17323,30129
160.748,1,1,25,1,1,3587,0.5220170454545455,62,2500,7919,0,56503,20781,19748,0,5535,28954,29800,0,45489,47546,60647,0,33528,38069
160.766,0,1,1,1,0,17056,0.502757913606679,64,2500,21038,0,54109,27242,63638,0,29098,31398,35518,0,601,6224,24615,0,17323,30129
160.785,1,1,25,1,1,3507,0.5221562500000001,62,2500,7919,0,56503,20781,19748,0,5535,28954,29800,0,45489,47546,60647,0,33528,38069
160.803,0,1,1,1,0,16983,0.5029502218740282,64,2500,21038,0,54109,27242,63638,0,29098,31398,35518,0,601,6224,24615,0,17323,30129
160.822,1,1,25,1,1,3380,0.530578125,62,1200,7919,0,56503,20781,19748,0,5535,28954,29800,0,45489,47546,60647,0,33528,38069
160.84,0,1,1,1,0,17056,0.5033348384087266,64,2500,21038,0,54109,27242,63638,0,29098,31398,35518,0,601,6224,24615,0,17323,30129
160.859,1,1,25,1,1,3201,0.5305085227272728,62,1200,7919,0,56503,20781,19748,0,5535,28954,29800,0,45489,47546,60647,0,33528,38069
160.877,0,1,1,1,0,17014,0.5035271466760759,64,2500,21038,0,54109,27242,63638,0,29098,31398,35518,0,601,6224,24615,0,17323,30129
160.896,1,1,25,1,1,2939,0.4941761363636364,59,2500,7919,0,56503,20781,19748,0,5535,28954,29800,0,45489,47546,60647,0,33528,38069
160.913,0,1,1,1,0,17057,0.5042322769896898,64,2500,21038,0,54109,27242,63638,0,29098,31398,35518,0,601,6224,24615,0,17323,30129
160.933,1,1,25,1,1,3040,0.4941761363636364,57,2500,7919,0,56503,20781,19748,0,5535,28954,29800,0,45489,47546,60647,0,33528,38069
160.95,0,1,1,1,0,17014,0.5040399687223405,64,2500,21038,0,54109,27242,63638,0,29098,31398,35518,0,601,6224,24615,0,17323,30129
160.97,1,1,25,1,1,3551,0.4872159090909091,56,2500,7919,0,56503,20781,19748,0,5535,28954,29800,0,45489,47546,60647,0,33528,38069
160.987,0,1,1,1,0,17014,0.5042322769896898,64,2500,21038,0,54109,27242,63638,0,29098,31398,35518,0,601,6224,24615,0,17323,30129
161.007,1,1,25,1,1,3860,0.48770312500000007,56,2500,7919,0,56503,20781,19748,0,5535,28954,29800,0,45489,47546,60647,0,33528,38069
161.024,0,1,1,1,0,17231,0.5041681742339067,64,2500,21038,0,54109,27242,63638,0,29098,31398,35518,0,601,6224,24615,0,17323,30129
161.044,1,1,25,1,1,4111,0.4880511363636364,56,2500,7919,0,56503,20781,19748,0,5535,28954,29800,0,45489,47546,60647,0,33528,38069
161.061,0,1,1,1,0,17105,0.5039117632107744,63,2500,21038,0,54109,27242,63638,0,29098,31398,35518,0,601,6224,24615,0,17323,30129
161.081,1,1,25,1,1,4262,0.4882599431818182,56,2500,7919,0,56503,20781,19748,0,5535,28954,29800,0,45489,47546,60647,0,33528,38069
161.098,0,1,1,1,0,17006,0.503655352187642,63,2500,21038,0,54109,27242,63638,0,29098,31398,35518,0,601,6224,24615,0,17323,30129
161.118,1,1,25,1,1,4316,0.49006960227272733,58,2500,7919,0,56503,20781,19748,0,5535,28954,29800,0,45489,47546,60647,0,33528,38069
161.135,0,1,1,1,0,17231,0.5033348384087266,64,2500,21038,0,54109,27242,63638,0,29098,31398,35518,0,601,6224,24615,0,17323,30129
161.155,1,1,25,1,1,4318,0.4903480113636364,59,2500,7919,0,56503,20781,19748,0,5535,28954,29800,0,45489,47546,60647,0,33528,38069
161.172,0,1,1,1,0,17231,0.5032707356529436,64,2500,21038,0,54109,27242,63638,0,29098,31398,35518,0,601,6224,24615,0,17323,30129
161.192,1,1,25,1,1,4199,0.4883991477272728,59,2500,7919,0,56503,20781,19748,0,5535,28954,29800,0,45489,47546,60647,0,33528,38069
161.209,0,1,1,1,0,17230,0.502757913606679,64,2500,21038,0,54109,27242,63638,0,29098,31398,35518,0,601,6224,24615,0,17323,30129
161.229,1,1,25,1,1,4044,0.4881207386363637,59,2500,7919,0,56503,20781,19748,0,5535,28954,29800,0,45489,47546,60647,0,33528,38069
161.246,0,1,1,1,0,17230,0.5028861191182451,64,2500,21038,0,54109,27242,63638,0,29098,31398,35518,0,601,6224,24615,0,17323,30129
161.266,1,1,25,1,1,3887,0.4878423295454546,60,2500,7919,0,56503,20781,19748,0,5535,28954,29800,0,45489,47546,60647,0,33528,38069
161.283,0,1,1,1,0,17227,0.5023732970719804,64,2500,21038,0,54109,27242,63638,0,29098,31398,35518,0,601,6224,24615,0,17323,30129
161.303,1,1,25,1,1,3823,0.4876335227272728,60,2500,7919,0,56503,20781,19748,0,5535,28954,29800,0,45489,47546,60647,0,33528,38069
161.32,0,1,1,1,0,17226,0.5024373998277636,64,2500,21038,0,54109,27242,63638,0,29098,31398,35518,0,601,6224,24615,0,17323,30129
161.34,1,1,25,1,1,3700,0.4952201704545455,60,2500,7919,0,56503,20781,19748,0,5535,28954,29800,0,45489,47546,60647,0,33528,38069
161.357,0,1,1,1,0,17231,0.5022450915604143,64,2500,21038,0,54109,27242,63638,0,29098,31398,35518,0,601,6224,24615,0,17323,30129
161.377,1,1,25,1,1,3613,0.49528977272727276,61,2500,7919,0,56503,20781,19748,0,5535,28954,29800,0,45489,47546,60647,0,33528,38069
161.394,0,1,1,1,0,17230,0.5022450915604143,64,2500,21038,0,54109,27242,63638,0,29098,31398,35518,0,601,6224,24615,0,17323,30129
161.414,1,1,25,1,1,3547,0.49528977272727276,61,2500,7919,0,56503,20781,19748,0,5535,28954,29800,0,45489,47546,60647,0,33528,38069
161.431,0,1,1,1,0,16966,0.5016681667583666,65,2500,21038,0,54109,27242,63638,0,29098,31398,35518,0,601,6224,24615,0,17323,30129
161.451,1,1,25,1,1,3508,0.5305085227272728,62,1200,7919,0,56503,20781,19748,0,5535,28954,29800,0,45489,47546,60647,0,33528,38069
161.468,0,1,1,1,0,16948,0.5014758584910174,63,2500,21038,0,54109,27242,63638,0,29098,31398,35518,0,601,6224,24615,0,17323,30129
161.488,1,1,25,1,1,3504,0.5222954545454546,62,2500,7919,0,56503,20781,19748,0,5535,28954,29800,0,45489,47546,60647,0,33528,38069
161.505,0,1,1,1,0,17057,0.5015399612468004,63,2500,21038,0,54109,27242,63638,0,29098,31398,35518,0,601,6224,24615,0,17323,30129
161.525,1,1,25,1,1,3531,0.5225042613636364,62,2500,7919,0,56503,20781,19748,0,5535,28954,29800,0,45489,47546,60647,0,33528,38069
161.542,0,1,1,1,0,17007,0.501155344712102,63,2500,21038,0,54109,27242,63638,0,29098,31398,35518,0,601,6224,24615,0,17323,30129
161.562,1,1,25,1,1,3631,0.5227826704545455,62,2500,7919,0,56503,20781,19748,0,5535,28954,29800,0,45489,47546,60647,0,33528,38069
161.579,0,1,1,1,0,16997,0.5014117557352343,64,2500,21038,0,54109,27242,63638,0,29098,31398,35518,0,601,6224,24615,0,17323,30129
161.599,1,1,25,1,1,3726,0.5229218750000001,62,2500,7919,0,56503,20781,19748,0,5535,28954,29800,0,45489,47546,60647,0,33528,38069
161.616,0,1,1,1,0,17056,0.5017322695141497,64,2500,21038,0,54109,27242,63638,0,29098,31398,35518,0,601,6224,24615,0,17323,30129
161.636,1,1,25,1,1,3775,0.5230610795454546,62,2500,7919,0,56503,20781,19748,0,5535,28954,29800,0,45489,47546,60647,0,33528,38069
161.653,0,1,1,1,0,16941,0.5017963722699328,63,2500,21038,0,54109,27242,63638,0,29098,31398,35518,0,601,6224,24615,0,17323,30129
161.673,1,1,25,1,1,3728,0.5229914772727273,62,2500,7919,0,56503,20781,19748,0,5535,28954,29800,0,45489,47546,60647,0,33528,38069
161.69,0,1,1,1,0,17056,0.5023091943161974,64,2500,21038,0,54109,27242,63638,0,29098,31398,35518,0,601,6224,24615,0,17323,30129
161.71,1,1,25,1,1,3595,0.5228522727272727,62,2500,7919,0,56503,20781,19748,0,5535,28954,29800,0,45489,47546,60647,0,33528,38069
161.727,0,1,1,1,0,17022,0.5023732970719804,64,2500,21038,0,54109,27242,63638,0,29098,31398,35518,0,601,6224,24615,0,17323,30129
161.747,1,1,25,1,1,3470,0.5309957386363637,62,1200,7919,0,56503,20781,19748,0,5535,28954,29800,0,45489,47546,60647,0,33528,38069
161.764,0,1,1,1,0,16962,0.5030143246298112,64,2500,21038,0,54109,27242,63638,0,29098,31398,35518,0,601,6224,24615,0,17323,30129
161.784,1,1,25,1,1,3232,0.5308565340909092,62,1200,7919,0,56503,20781,19748,0,5535,28954,29800,0,45489,47546,60647,0,33528,38069
161.801,0,1,1,1,0,16997,0.5035271466760759,64,2500,21038,0,54109,27242,63638,0,29098,31398,35518,0,601,6224,24615,0,17323,30129
161.821,1,1,25,1,1,2999,0.5305085227272728,62,1200,7919,0,56503,20781,19748,0,5535,28954,29800,0,45489,47546,60647,0,33528,38069
161.838,0,1,1,1,0,17014,0.5035271466760759,64,2500,21038,0,54109,27242,63638,0,29098,31398,35518,0,601,6224,24615,0,17323,30129
161.858,1,1,25,1,1,2796,0.5301605113636364,62,1200,7919,0,56503,20781,19748,0,5535,28954,29800,0,45489,47546,60647,0,33528,38069
161.875,0,1,1,1,0,16997,0.5037835576992081,64,2500,21038,0,54109,27242,63638,0,29098,31398,35518,0,601,6224,24615,0,17323,30129
161.895,1,1,25,1,1,2880,0.4939673295454546,57,2500,7919,0,56503,20781,19748,0,5535,28954,29800,0,45489,47546,60647,0,33528,38069
161.912,0,1,1,1,0,16996,0.5040399687223405,64,2500,21038,0,54109,27242,63638,0,29098,31398,35518,0,601,6224,24615,0,17323,30129
161.932,1,1,25,1,1,3562,0.4796292613636364,55,2500,7919,0,56503,20781,19748,0,5535,28954,29800,0,45489,47546,60647,0,33528,38069
161.949,0,1,1,1,0,16996,0.503655352187642,64,2500,21038,0,54109,27242,63638,0,29098,31398,35518,0,601,6224,24615,0,17323,30129
161.969,1,1,25,1,1,3224,0.49431534090909096,57,2500,7919,0,56503,20781,19748,0,5535,28954,29800,0,45489,47546,60647,0,33528,38069
161.986,0,1,1,1,0,16950,0.5035271466760759,65,2500,21038,0,54109,27242,63638,0,29098,31398,35518,0,601,6224,24615,0,17323,30129
162.006,1,1,25,1,1,3767,0.48004687500000004,55,2500,7919,0,56503,20781,19748,0,5535,28954,29800,0,45489,47546,60647,0,33528,38069
162.023,0,1,1,1,0,16997,0.5033348384087266,64,2500,21038,0,54109,27242,63638,0,29098,31398,35518,0,601,6224,24615,0,17323,30129
162.043,1,1,25,1,1,3420,0.4944545454545455,57,2500,7919,0,56503,20781,19748,0,5535,28954,29800,0,45489,47546,60647,0,33528,38069
162.06,0,1,1,1,0,17056,0.5035271466760759,64,2500,21038,0,54109,27242,63638,0,29098,31398,35518,0,601,6224,24615,0,17323,30129
162.08,1,1,25,1,1,3790,0.48004687500000004,55,2500,7919,0,56503,20781,19748,0,5535,28954,29800,0,45489,47546,60647,0,33528,38069
162.097,0,1,1,1,0,17014,0.5029502218740282,64,2500,21038,0,54109,27242,63638,0,29098,31398,35518,0,601,6224,24615,0,17323,30129
162.117,1,1,25,1,1,3120,0.49410653409090916,57,2500,7919,0,56503,20781,19748,0,5535,28954,29800,0,45489,47546,60647,0,33528,38069
162.134,0,1,1,1,0,16962,0.502822016362462,64,2500,21038,0,54109,27242,63638,0,29098,31398,35518,0,601,6224,24615,0,17323,30129
162.154,1,1,25,1,1,2824,0.49382812500000006,57,2500,7919,0,56503,20781,19748,0,5535,28954,29800,0,45489,47546,60647,0,33528,38069
162.171,0,1,1,1,0,17056,0.5029502218740282,63,2500,21038,0,54109,27242,63638,0,29098,31398,35518,0,601,6224,24615,0,17323,30129
162.191,1,1,25,1,1,1970,0.5294644886363636,62,1200,7919,0,56503,20781,19748,0,5535,28954,29800,0,45489,47546,60647,0,33528,38069
162.208,0,1,1,1,0,16983,0.5026297080951128,64,2500,21038,0,54109,27242,63638,0,29098,31398,35518,0,601,6224,24615,0,17323,30129
162.228,1,1,25,1,1,2190,0.530299715909091,63,1200,7919,0,56503,20781,19748,0,5535,28954,29800,0,45489,47546,60647,0,33528,38069
162.245,0,1,1,1,0,16983,0.502822016362462,64,2500,21038,0,54109,27242,63638,0,29098,31398,35518,0,601,6224,24615,0,17323,30129
162.265,1,1,25,1,1,2380,0.5309957386363637,62,1200,7919,0,56503,20781,19748,0,5535,28954,29800,0,45489,47546,60647,0,33528,38069
162.282,0,1,1,1,0,16886,0.5028861191182451,65,2500,21038,0,54109,27242,63638,0,29098,31398,35518,0,601,6224,24615,0,17323,30129
162.302,1,1,25,1,1,2588,0.5315525568181819,63,1200,7919,0,56503,20781,19748,0,5535,28954,29800,0,45489,47546,60647,0,33528,38069
162.319,0,1,1,1,0,17102,0.5031425301413774,63,2500,21038,0,54109,27242,63638,0,29098,31398,35518,0,601,6224,24615,0,17323,30129
162.339,1,1,25,1,1,2713,0.5317613636363637,62,1200,7919,0,56503,20781,19748,0,5535,28954,29800,0,45489,47546,60647,0,33528,38069
162.356,0,1,1,1,0,17230,0.5033989411645097,64,2500,21038,0,54109,27242,63638,0,29098,31398,35518,0,601,6224,24615,0,17323,30129
162.376,1,1,25,1,1,2808,0.5317613636363637,62,1200,7919,0,56503,20781,19748,0,5535,28954,29800,0,45489,47546,60647,0,33528,38069
162.393,0,1,1,1,0,17231,0.5033348384087266,64,2500,21038,0,54109,27242,63638,0,29098,31398,35518,0,601,6224,24615,0,17323,30129
162.413,1,1,25,1,1,2768,0.5314829545454546,62,1200,7919,0,56503,20781,19748,0,5535,28954,29800,0,45489,47546,60647,0,33528,38069
162.43,0,1,1,1,0,16996,0.5031425301413774,64,2500,21038,0,54109,27242,63638,0,29098,31398,35518,0,601,6224,24615,0,17323,30129
162.45,1,1,25,1,1,2681,0.5311349431818182,62,1200,7919,0,56503,20781,19748,0,5535,28954,29800,0,45489,47546,60647,0,33528,38069
162.467,0,1,1,1,0,17231,0.5035271466760759,64,2500,21038,0,54109,27242,63638,0,29098,31398,35518,0,601,6224,24615,0,17323,30129
162.487,1,1,25,1,1,2526,0.5307173295454546,62,1200,7919,0,56503,20781,19748,0,5535,28954,29800,0,45489,47546,60647,0,33528,38069
162.504,0,1,1,1,0,17058,0.5035271466760759,63,2500,21038,0,54109,27242,63638,0,29098,31398,35518,0,601,6224,24615,0,17323,30129
162.524,1,1,25,1,1,2412,0.5304389204545455,62,1200,7919,0,56503,20781,19748,0,5535,28954,29800,0,45489,47546,60647,0,33528,38069
162.541,0,1,1,1,0,17229,0.5035271466760759,64,2500,21038,0,54109,27242,63638,0,29098,31398,35518,0,601,6224,24615,0,17323,30129
162.561,1,1,25,1,1,2290,0.5301605113636364,62,1200,7919,0,56503,20781,19748,0,5535,28954,29800,0,45489,47546,60647,0,33528,38069
162.578,0,1,1,1,0,17231,0.5039117632107744,64,2500,21038,0,54109,27242,63638,0,29098,31398,35518,0,601,6224,24615,0,17323,30129
162.597,1,1,25,1,1,2214,0.5299517045454546,62,1200,7919,0,56503,20781,19748,0,5535,28954,29800,0,45489,47546,60647,0,33528,38069
162.615,0,1,1,1,0,17231,0.5039758659665574,64,2500,21038,0,54109,27242,63638,0,29098,31398,35518,0,601,6224,24615,0,17323,30129
162.634,1,1,25,1,1,2200,0.5298125,62,1200,7919,0,56503,20781,19748,0,5535,28954,29800,0,45489,47546,60647,0,33528,38069
162.652,0,1,1,1,0,17229,0.5038476604549913,64,2500,21038,0,54109,27242,63638,0,29098,31398,35518,0,601,6224,24615,0,17323,30129
162.671,1,1,25,1,1,2243,0.5297428977272728,62,1200,7919,0,56503,20781,19748,0,5535,28954,29800,0,45489,47546,60647,0,33528,38069
162.689,0,1,1,1,0,17226,0.5039758659665574,64,2500,21038,0,54109,27242,63638,0,29098,31398,35518,0,601,6224,24615,0,17323,30129
162.708,1,1,25,1,1,2337,0.5296732954545456,61,1200,7919,0,56503,20781,19748,0,5535,28954,29800,0,45489,47546,60647,0,33528,38069
162.726,0,1,1,1,0,17216,0.5031425301413774,64,2500,21038,0,54109,27242,63638,0,29098,31398,35518,0,601,6224,24615,0,17323,30129
162.745,1,1,25,1,1,2727,0.4937585227272728,57,2500,7919,0,56503,20781,19748,0,5535,28954,29800,0,45489,47546,60647,0,33528,38069
162.763,0,1,1,1,0,17230,0.5031425301413774,64,2500,21038,0,54109,27242,63638,0,29098,31398,35518,0,601,6224,24615,0,17323,30129
162.782,1,1,25,1,1,2769,0.49382812500000006,57,2500,7919,0,56503,20781,19748,0,5535,28954,29800,0,45489,47546,60647,0,33528,38069
162.8,0,1,1,1,0,17219,0.5029502218740282,64,2500,21038,0,54109,27242,63638,0,29098,31398,35518,0,601,6224,24615,0,17323,30129
162.819,1,1,25,1,1,2882,0.4938977272727273,57,2500,7919,0,56503,20781,19748,0,5535,28954,29800,0,45489,47546,60647,0,33528,38069
162.837,0,1,1,1,0,17225,0.5024373998277636,64,2500,21038,0,54109,27242,63638,0,29098,31398,35518,0,601,6224,24615,0,17323,30129
162.856,1,1,25,1,1,2919,0.4939673295454546,57,2500,7919,0,56503,20781,19748,0,5535,28954,29800,0,45489,47546,60647,0,33528,38069
162.874,0,1,1,1,0,17230,0.5021809888046312,64,2500,21038,0,54109,27242,63638,0,29098,31398,35518,0,601,6224,24615,0,17323,30129
162.893,1,1,25,1,1,3214,0.4865198863636364,56,2500,7919,0,56503,20781,19748,0,5535,28954,29800,0,45489,47546,60647,0,33528,38069
162.911,0,1,1,1,0,17219,0.5021809888046312,64,2500,21038,0,54109,27242,63638,0,29098,31398,35518,0,601,6224,24615,0,17323,30129
162.93,1,1,25,1,1,2950,0.49403693181818187,57,2500,7919,0,56503,20781,19748,0,5535,28954,29800,0,45489,47546,60647,0,33528,38069
162.948,0,1,1,1,0,17227,0.5016040640025835,64,2500,21038,0,54109,27242,63638,0,29098,31398,35518,0,601,6224,24615,0,17323,30129
162.967,1,1,25,1,1,2959,0.49410653409090916,59,2500,7919,0,56503,20781,19748,0,5535,28954,29800,0,45489,47546,60647,0,33528,38069
162.985,0,1,1,1,0,17227,0.5014758584910174,64,2500,21038,0,54109,27242,63638,0,29098,31398,35518,0,601,6224,24615,0,17323,30129
163.004,1,1,25,1,1,3090,0.49431534090909096,59,2500,7919,0,56503,20781,19748,0,5535,28954,29800,0,45489,47546,60647,0,33528,38069
163.022,0,1,1,1,0,17227,0.5014758584910174,64,2500,21038,0,54109,27242,63638,0,29098,31398,35518,0,601,6224,24615,0,17323,30129
163.041,1,1,25,1,1,3231,0.49466335227272734,60,2500,7919,0,56503,20781,19748,0,5535,28954,29800,0,45489,47546,60647,0,33528,38069
163.059,0,1,1,1,0,17219,0.5014117557352343,64,2500,21038,0,54109,27242,63638,0,29098,31398,35518,0,601,6224,24615,0,17323,30129
163.078,1,1,25,1,1,3405,0.49494176136363643,60,2500,7919,0,56503,20781,19748,0,5535,28954,29800,0,45489,47546,60647,0,33528,38069
163.096,0,1,1,1,0,17230,0.5013476529794513,64,2500,21038,0,54109,27242,63638,0,29098,31398,35518,0,601,6224,24615,0,17323,30129
163.115,1,1,25,1,1,3632,0.49542897727272733,61,2500,7919,0,56503,20781,19748,0,5535,28954,29800,0,45489,47546,60647,0,33528,38069
163.133,0,1,1,1,0,17226,0.501155344712102,64,2500,21038,0,54109,27242,63638,0,29098,31398,35518,0,601,6224,24615,0,17323,30129
163.152,1,1,25,1,1,3867,0.49584659090909095,61,2500,7919,0,56503,20781,19748,0,5535,28954,29800,0,45489,47546,60647,0,33528,38069
163.17,0,1,1,1,0,17204,0.5010912419563189,64,2500,21038,0,54109,27242,63638,0,29098,31398,35518,0,601,6224,24615,0,17323,30129
163.189,1,1,25,1,1,4101,0.49612500000000004,61,2500,7919,0,56503,20781,19748,0,5535,28954,29800,0,45489,47546,60647,0,33528,38069
163.207,0,1,1,1,0,17219,0.5009630364447527,64,2500,21038,0,54109,27242,63638,0,29098,31398,35518,0,601,6224,24615,0,17323,30129
163.226,1,1,25,1,1,4353,0.4888167613636364,61,2500,7919,0,56503,20781,19748,0,5535,28954,29800,0,45489,47546,60647,0,33528,38069
163.244,0,1,1,1,0,17219,0.5010912419563189,64,2500,21038,0,54109,27242,63638,0,29098,31398,35518,0,601,6224,24615,0,17323,30129
163.263,1,1,25,1,1,4549,0.4918096590909091,61,2500,7919,0,56503,20781,19748,0,5535,28954,29800,0,45489,47546,60647,0,33528,38069
163.281,0,1,1,1,0,17204,0.5012835502236681,64,2500,21038,0,54109,27242,63638,0,29098,31398,35518,0,601,6224,24615,0,17323,30129
163.3,1,1,25,1,1,4694,0.49334090909090916,61,2500,7919,0,56503,20781,19748,0,5535,28954,29800,0,45489,47546,60647,0,33528,38069
163.318,0,1,1,1,0,17226,0.501219447467885,64,2500,21038,0,54109,27242,63638,0,29098,31398,35518,0,601,6224,24615,0,17323,30129
163.337,1,1,25,1,1,4779,0.49528977272727276,61,2500,7919,0,56503,20781,19748,0,5535,28954,29800,0,45489,47546,60647,0,33528,38069
163.355,0,1,1,1,0,17175,0.5009630364447527,64,2500,21038,0,54109,27242,63638,0,29098,31398,35518,0,601,6224,24615,0,17323,30129
163.374,1,1,25,1,1,4798,0.49577698863636366,61,2500,7919,0,56503,20781,19748,0,5535,28954,29800,0,45489,47546,60647,0,33528,38069
163.392,0,1,1,1,0,17199,0.5012835502236681,64,2500,21038,0,54109,27242,63638,0,29098,31398,35518,0,601,6224,24615,0,17323,30129
163.411,1,1,25,1,1,4793,0.49563778409090914,61,2500,7919,0,56503,20781,19748,0,5535,28954,29800,0,45489,47546,60647,0,33528,38069
163.429,0,1,1,1,0,17216,0.5015399612468004,64,2500,21038,0,54109,27242,63638,0,29098,31398,35518,0,601,6224,24615,0,17323,30129
163.448,1,1,25,1,1,4734,0.49501136363636367,61,2500,7919,0,56503,20781,19748,0,5535,28954,29800,0,45489,47546,60647,0,33528,38069
163.466,0,1,1,1,0,17201,0.5016681667583666,64,2500,21038,0,54109,27242,63638,0,29098,31398,35518,0,601,6224,24615,0,17323,30129
163.485,1,1,25,1,1,4633,0.4931321022727273,61,2500,7919,0,56503,20781,19748,0,5535,28954,29800,0,45489,47546,60647,0,33528,38069
163.503,0,1,1,1,0,17201,0.5017963722699328,64,2500,21038,0,54109,27242,63638,0,29098,31398,35518,0,601,6224,24615,0,17323,30129
163.522,1,1,25,1,1,4545,0.4932017045454546,61,2500,7919,0,56503,20781,19748,0,5535,28954,29800,0,45489,47546,60647,0,33528,38069
163.54,0,1,1,1,0,17226,0.501988680537282,64,2500,21038,0,54109,27242,63638,0,29098,31398,35518,0,601,6224,24615,0,17323,30129
163.559,1,1,25,1,1,4470,0.4918096590909091,61,2500,7919,0,56503,20781,19748,0,5535,28954,29800,0,45489,47546,60647,0,33528,38069
163.577,0,1,1,1,0,17201,0.5023091943161974,64,2500,21038,0,54109,27242,63638,0,29098,31398,35518,0,601,6224,24615,0,17323,30129
163.596,1,1,25,1,1,4402,0.4916008522727273,61,2500,7919,0,56503,20781,19748,0,5535,28954,29800,0,45489,47546,60647,0,33528,38069
163.614,0,1,1,1,0,17175,0.5022450915604143,64,2500,21038,0,54109,27242,63638,0,29098,31398,35518,0,601,6224,24615,0,17323,30129
163.633,1,1,25,1,1,4378,0.4968210227272728,61,2500,7919,0,56503,20781,19748,0,5535,28954,29800,0,45489,47546,60647,0,33528,38069
163.651,0,1,1,1,0,17219,0.5026938108508958,64,2500,21038,0,54109,27242,63638,0,29098,31398,35518,0,601,6224,24615,0,17323,30129
163.67,1,1,25,1,1,4354,0.4906264204545455,61,2500,7919,0,56503,20781,19748,0,5535,28954,29800,0,45489,47546,60647,0,33528,38069
163.688,0,1,1,1,0,17227,0.5030784273855943,64,2500,21038,0,54109,27242,63638,0,29098,31398,35518,0,601,6224,24615,0,17323,30129
163.707,1,1,25,1,1,4293,0.49013920454545457,61,2500,7919,0,56503,20781,19748,0,5535,28954,29800,0,45489,47546,60647,0,33528,38069
163.725,0,1,1,1,0,17229,0.5032066328971605,64,2500,21038,0,54109,27242,63638,0,29098,31398,35518,0,601,6224,24615,0,17323,30129
163.744,1,1,25,1,1,4254,0.4888863636363637,61,2500,7919,0,56503,20781,19748,0,5535,28954,29800,0,45489,47546,60647,0,33528,38069
163.762,0,1,1,1,0,17219,0.5035271466760759,64,2500,21038,0,54109,27242,63638,0,29098,31398,35518,0,601,6224,24615,0,17323,30129
163.781,1,1,25,1,1,4183,0.4964730113636364,61,2500,7919,0,56503,20781,19748,0,5535,28954,29800,0,45489,47546,60647,0,33528,38069
163.799,0,1,1,1,0,17199,0.5037835576992081,64,2500,21038,0,54109,27242,63638,0,29098,31398,35518,0,601,6224,24615,0,17323,30129
163.818,1,1,25,1,1,4078,0.4962642045454546,61,2500,7919,0,56503,20781,19748,0,5535,28954,29800,0,45489,47546,60647,0,33528,38069
163.836,0,1,1,1,0,17219,0.5040399687223405,64,2500,21038,0,54109,27242,63638,0,29098,31398,35518,0,601,6224,24615,0,17323,30129
163.855,1,1,25,1,1,3994,0.5138039772727273,61,2500,7919,0,56503,20781,19748,0,5535,28954,29800,0,45489,47546,60647,0,33528,38069
163.873,0,1,1,1,0,17216,0.5043604825012559,64,2500,21038,0,54109,27242,63638,0,29098,31398,35518,0,601,6224,24615,0,17323,30129
163.892,1,1,25,1,1,3894,0.5136647727272727,61,2500,7919,0,56503,20781,19748,0,5535,28954,29800,0,45489,47546,60647,0,33528,38069
163.909,0,1,1,1,0,17175,0.5039758659665574,64,2500,21038,0,54109,27242,63638,0,29098,31398,35518,0,601,6224,24615,0,17323,30129
163.929,1,1,25,1,1,3826,0.4879815340909091,61,2500,7919,0,56503,20781,19748,0,5535,28954,29800,0,45489,47546,60647,0,33528,38069
163.946,0,1,1,1,0,17175,0.5045527907686052,64,2500,21038,0,54109,27242,63638,0,29098,31398,35518,0,601,6224,24615,0,17323,30129
163.966,1,1,25,1,1,3721,0.4877727272727273,61,2500,7919,0,56503,20781,19748,0,5535,28954,29800,0,45489,47546,60647,0,33528,38069
163.983,0,1,1,1,0,17132,0.5044245852570389,64,2500,21038,0,54109,27242,63638,0,29098,31398,35518,0,601,6224,24615,0,17323,30129
164.003,1,1,25,1,1,3617,0.5133863636363637,61,2500,7919,0,56503,20781,19748,0,5535,28954,29800,0,45489,47546,60647,0,33528,38069
164.02,0,1,1,1,0,17226,0.5046168935243882,64,2500,21038,0,54109,27242,63638,0,29098,31398,35518,0,601,6224,24615,0,17323,30129
164.04,1,1,25,1,1,3538,0.5219474431818182,61,2500,7919,0,56503,20781,19748,0,5535,28954,29800,0,45489,47546,60647,0,33528,38069
164.057,0,1,1,1,0,17201,0.5045527907686052,64,2500,21038,0,54109,27242,63638,0,29098,31398,35518,0,601,6224,24615,0,17323,30129
164.077,1,1,25,1,1,3461,0.5219474431818182,61,2500,7919,0,56503,20781,19748,0,5535,28954,29800,0,45489,47546,60647,0,33528,38069
164.094,0,1,1,1,0,17219,0.5048092017917374,64,2500,21038,0,54109,27242,63638,0,29098,31398,35518,0,601,6224,24615,0,17323,30129
164.114,1,1,25,1,1,3403,0.521877840909091,61,2500,7919,0,56503,20781,19748,0,5535,28954,29800,0,45489,47546,60647,0,33528,38069
164.131,0,1,1,1,0,17201,0.5046168935243882,64,2500,21038,0,54109,27242,63638,0,29098,31398,35518,0,601,6224,24615,0,17323,30129
164.151,1,1,25,1,1,3311,0.4870767045454546,61,2500,7919,0,56503,20781,19748,0,5535,28954,29800,0,45489,47546,60647,0,33528,38069
164.168,0,1,1,1,0,17226,0.5045527907686052,64,2500,21038,0,54109,27242,63638,0,29098,31398,35518,0,601,6224,24615,0,17323,30129
164.188,1,1,25,1,1,2814,0.4861022727272728,56,2500,7919,0,56503,20781,19748,0,5535,28954,29800,0,45489,47546,60647,0,33528,38069
164.205,0,1,1,1,0,17230,0.5050015100590867,64,2500,21038,0,54109,27242,63638,0,29098,31398,35518,0,601,6224,24615,0,17323,30129
164.225,1,1,25,1,1,2801,0.4861022727272728,56,2500,7919,0,56503,20781,19748,0,5535,28954,29800,0,45489,47546,60647,0,33528,38069
164.242,0,1,1,1,0,17230,0.5048092017917374,64,2500,21038,0,54109,27242,63638,0,29098,31398,35518,0,601,6224,24615,0,17323,30129
164.262,1,1,25,1,1,3067,0.5303693181818182,61,1200,7919,0,56503,20781,19748,0,5535,28954,29800,0,45489,47546,60647,0,33528,38069
164.279,0,1,1,1,0,17229,0.5048092017917374,64,2500,21038,0,54109,27242,63638,0,29098,31398,35518,0,601,6224,24615,0,17323,30129
164.299,1,1,25,1,1,2968,0.5303693181818182,62,1200,7919,0,56503,20781,19748,0,5535,28954,29800,0,45489,47546,60647,0,33528,38069
164.316,0,1,1,1,0,17230,0.5050656128148697,64,2500,21038,0,54109,27242,63638,0,29098,31398,35518,0,601,6224,24615,0,17323,30129
164.336,1,1,25,1,1,2904,0.530299715909091,62,1200,7919,0,56503,20781,19748,0,5535,28954,29800,0,45489,47546,60647,0,33528,38069
164.353,0,1,1,1,0,17230,0.5048733045475206,64,2500,21038,0,54109,27242,63638,0,29098,31398,35518,0,601,6224,24615,0,17323,30129
164.373,1,1,25,1,1,2872,0.5302301136363636,62,1200,7919,0,56503,20781,19748,0,5535,28954,29800,0,45489,47546,60647,0,33528,38069
164.39,0,1,1,1,0,17230,0.5048733045475206,64,2500,21038,0,54109,27242,63638,0,29098,31398,35518,0,601,6224,24615,0,17323,30129
164.41,1,1,25,1,1,2856,0.5301605113636364,61,1200,7919,0,56503,20781,19748,0,5535,28954,29800,0,45489,47546,60647,0,33528,38069
164.427,0,1,1,1,0,17007,0.5046168935243882,63,2500,21038,0,54109,27242,63638,0,29098,31398,35518,0,601,6224,24615,0,17323,30129
164.447,1,1,25,1,1,2952,0.4862414772727273,56,2500,7919,0,56503,20781,19748,0,5535,28954,29800,0,45489,47546,60647,0,33528,38069
164.464,0,1,1,1,0,17231,0.5050656128148697,64,2500,21038,0,54109,27242,63638,0,29098,31398,35518,0,601,6224,24615,0,17323,30129
164.484,1,1,25,1,1,3007,0.49431534090909096,59,2500,7919,0,56503,20781,19748,0,5535,28954,29800,0,45489,47546,60647,0,33528,38069
164.501,0,1,1,1,0,17230,0.5048733045475206,64,2500,21038,0,54109,27242,63638,0,29098,31398,35518,0,601,6224,24615,0,17323,30129
164.521,1,1,25,1,1,3097,0.4865894886363637,56,2500,7919,0,56503,20781,19748,0,5535,28954,29800,0,45489,47546,60647,0,33528,38069
164.538,0,1,1,1,0,17230,0.5044245852570389,64,2500,21038,0,54109,27242,63638,0,29098,31398,35518,0,601,6224,24615,0,17323,30129
164.558,1,1,25,1,1,3224,0.4867982954545455,56,2500,7919,0,56503,20781,19748,0,5535,28954,29800,0,45489,47546,60647,0,33528,38069
164.575,0,1,1,1,0,17231,0.504488688012822,64,2500,21038,0,54109,27242,63638,0,29098,31398,35518,0,601,6224,24615,0,17323,30129
164.595,1,1,25,1,1,3271,0.4868678977272728,56,2500,7919,0,56503,20781,19748,0,5535,28954,29800,0,45489,47546,60647,0,33528,38069
164.612,0,1,1,1,0,17059,0.5039758659665574,63,2500,21038,0,54109,27242,63638,0,29098,31398,35518,0,601,6224,24615,0,17323,30129
164.632,1,1,25,1,1,3343,0.4869375,56,2500,7919,0,56503,20781,19748,0,5535,28954,29800,0,45489,47546,60647,0,33528,38069
164.649,0,1,1,1,0,17231,0.5038476604549913,64,2500,21038,0,54109,27242,63638,0,29098,31398,35518,0,601,6224,24615,0,17323,30129
164.669,1,1,25,1,1,3372,0.4870071022727273,56,2500,7919,0,56503,20781,19748,0,5535,28954,29800,0,45489,47546,60647,0,33528,38069
164.686,0,1,1,1,0,17230,0.5039758659665574,64,2500,21038,0,54109,27242,63638,0,29098,31398,35518,0,601,6224,24615,0,17323,30129
164.706,1,1,25,1,1,3386,0.4870071022727273,56,2500,7919,0,56503,20781,19748,0,5535,28954,29800,0,45489,47546,60647,0,33528,38069
164.723,0,1,1,1,0,17230,0.5038476604549913,64,2500,21038,0,54109,27242,63638,0,29098,31398,35518,0,601,6224,24615,0,17323,30129
164.743,1,1,25,1,1,3550,0.4873551136363637,60,2500,7919,0,56503,20781,19748,0,5535,28954,29800,0,45489,47546,60647,0,33528,38069
164.76,0,1,1,1,0,17231,0.503591249431859,64,2500,21038,0,54109,27242,63638,0,29098,31398,35518,0,601,6224,24615,0,17323,30129
164.78,1,1,25,1,1,3287,0.4868678977272728,56,2500,7919,0,56503,20781,19748,0,5535,28954,29800,0,45489,47546,60647,0,33528,38069
164.797,0,1,1,1,0,17231,0.5033989411645097,64,2500,21038,0,54109,27242,63638,0,29098,31398,35518,0,601,6224,24615,0,17323,30129
164.817,1,1,25,1,1,3554,0.4872855113636364,60,2500,7919,0,56503,20781,19748,0,5535,28954,29800,0,45489,47546,60647,0,33528,38069
164.834,0,1,1,1,0,17230,0.5033348384087266,64,2500,21038,0,54109,27242,63638,0,29098,31398,35518,0,601,6224,24615,0,17323,30129
164.854,1,1,25,1,1,3531,0.4872159090909091,60,2500,7919,0,56503,20781,19748,0,5535,28954,29800,0,45489,47546,60647,0,33528,38069
164.871,0,1,1,1,0,17219,0.5032066328971605,64,2500,21038,0,54109,27242,63638,0,29098,31398,35518,0,601,6224,24615,0,17323,30129
164.891,1,1,25,1,1,3514,0.4872855113636364,60,2500,7919,0,56503,20781,19748,0,5535,28954,29800,0,45489,47546,60647,0,33528,38069
164.908,0,1,1,1,0,17227,0.502822016362462,64,2500,21038,0,54109,27242,63638,0,29098,31398,35518,0,601,6224,24615,0,17323,30129
164.928,1,1,25,1,1,3511,0.4871463068181819,60,2500,7919,0,56503,20781,19748,0,5535,28954,29800,0,45489,47546,60647,0,33528,38069
164.945,0,1,1,1,0,17230,0.5029502218740282,64,2500,21038,0,54109,27242,63638,0,29098,31398,35518,0,601,6224,24615,0,17323,30129
164.965,1,1,25,1,1,3529,0.49508096590909095,60,2500,7919,0,56503,20781,19748,0,5535,28954,29800,0,45489,47546,60647,0,33528,38069
164.982,0,1,1,1,0,17231,0.5029502218740282,64,2500,21038,0,54109,27242,63638,0,29098,31398,35518,0,601,6224,24615,0,17323,30129
165.002,1,1,25,1,1,3535,0.4871463068181819,60,2500,7919,0,56503,20781,19748,0,5535,28954,29800,0,45489,47546,60647,0,33528,38069
165.019,0,1,1,1,0,17230,0.502822016362462,64,2500,21038,0,54109,27242,63638,0,29098,31398,35518,0,601,6224,24615,0,17323,30129
165.039,1,1,25,1,1,3615,0.4872855113636364,60,2500,7919,0,56503,20781,19748,0,5535,28954,29800,0,45489,47546,60647,0,33528,38069
165.056,0,1,1,1,0,17230,0.5028861191182451,64,2500,21038,0,54109,27242,63638,0,29098,31398,35518,0,601,6224,24615,0,17323,30129
165.076,1,1,25,1,1,3685,0.487424715909091,61,2500,7919,0,56503,20781,19748,0,5535,28954,29800,0,45489,47546,60647,0,33528,38069
165.093,0,1,1,1,0,17230,0.5026938108508958,64,2500,21038,0,54109,27242,63638,0,29098,31398,35518,0,601,6224,24615,0,17323,30129
165.113,1,1,25,1,1,3730,0.4874943181818182,61,2500,7919,0,56503,20781,19748,0,5535,28954,29800,0,45489,47546,60647,0,33528,38069
165.13,0,1,1,1,0,17230,0.5026297080951128,64,2500,21038,0,54109,27242,63638,0,29098,31398,35518,0,601,6224,24615,0,17323,30129
165.15,1,1,25,1,1,3784,0.4876335227272728,61,2500,7919,0,56503,20781,19748,0,5535,28954,29800,0,45489,47546,60647,0,33528,38069
165.167,0,1,1,1,0,17226,0.5025015025835466,64,2500,21038,0,54109,27242,63638,0,29098,31398,35518,0,601,6224,24615,0,17323,30129
165.187,1,1,25,1,1,3776,0.4876335227272728,61,2500,7919,0,56503,20781,19748,0,5535,28954,29800,0,45489,47546,60647,0,33528,38069
165.204,0,1,1,1,0,17230,0.5026938108508958,64,2500,21038,0,54109,27242,63638,0,29098,31398,35518,0,601,6224,24615,0,17323,30129
165.224,1,1,25,1,1,3721,0.4874943181818182,61,2500,7919,0,56503,20781,19748,0,5535,28954,29800,0,45489,47546,60647,0,33528,38069
165.241,0,1,1,1,0,17231,0.502822016362462,64,2500,21038,0,54109,27242,63638,0,29098,31398,35518,0,601,6224,24615,0,17323,30129
165.261,1,1,25,1,1,3619,0.4873551136363637,61,2500,7919,0,56503,20781,19748,0,5535,28954,29800,0,45489,47546,60647,0,33528,38069
165.278,0,1,1,1,0,17230,0.5026938108508958,64,2500,21038,0,54109,27242,63638,0,29098,31398,35518,0,601,6224,24615,0,17323,30129
165.298,1,1,25,1,1,3473,0.4870767045454546,61,2500,7919,0,56503,20781,19748,0,5535,28954,29800,0,45489,47546,60647,0,33528,38069
165.315,0,1,1,1,0,17226,0.5029502218740282,64,2500,21038,0,54109,27242,63638,0,29098,31398,35518,0,601,6224,24615,0,17323,30129
165.335,1,1,25,1,1,3029,0.4862414772727273,56,2500,7919,0,56503,20781,19748,0,5535,28954,29800,0,45489,47546,60647,0,33528,38069
165.352,0,1,1,1,0,17231,0.5031425301413774,64,2500,21038,0,54109,27242,63638,0,29098,31398,35518,0,601,6224,24615,0,17323,30129
165.372,1,1,25,1,1,2996,0.48617187500000003,56,2500,7919,0,56503,20781,19748,0,5535,28954,29800,0,45489,47546,60647,0,33528,38069
165.389,0,1,1,1,0,17229,0.5032066328971605,64,2500,21038,0,54109,27242,63638,0,29098,31398,35518,0,601,6224,24615,0,17323,30129
165.409,1,1,25,1,1,3022,0.48617187500000003,56,2500,7919,0,56503,20781,19748,0,5535,28954,29800,0,45489,47546,60647,0,33528,38069
165.426,0,1,1,1,0,17219,0.5032066328971605,64,2500,21038,0,54109,27242,63638,0,29098,31398,35518,0,601,6224,24615,0,17323,30129
165.446,1,1,25,1,1,3060,0.4862414772727273,56,2500,7919,0,56503,20781,19748,0,5535,28954,29800,0,45489,47546,60647,0,33528,38069
165.463,0,1,1,1,0,17199,0.5031425301413774,64,2500,21038,0,54109,27242,63638,0,29098,31398,35518,0,601,6224,24615,0,17323,30129
165.483,1,1,25,1,1,3108,0.48638068181818184,56,2500,7919,0,56503,20781,19748,0,5535,28954,29800,0,45489,47546,60647,0,33528,38069
165.5,0,1,1,1,0,17199,0.5038476604549913,64,2500,21038,0,54109,27242,63638,0,29098,31398,35518,0,601,6224,24615,0,17323,30129
165.52,1,1,25,1,1,3166,0.48638068181818184,56,2500,7919,0,56503,20781,19748,0,5535,28954,29800,0,45489,47546,60647,0,33528,38069
165.537,0,1,1,1,0,17226,0.503655352187642,64,2500,21038,0,54109,27242,63638,0,29098,31398,35518,0,601,6224,24615,0,17323,30129
165.557,1,1,25,1,1,3172,0.4864502840909091,56,2500,7919,0,56503,20781,19748,0,5535,28954,29800,0,45489,47546,60647,0,33528,38069
165.574,0,1,1,1,0,17219,0.5038476604549913,64,2500,21038,0,54109,27242,63638,0,29098,31398,35518,0,601,6224,24615,0,17323,30129
165.594,1,1,25,1,1,3142,0.4865198863636364,56,2500,7919,0,56503,20781,19748,0,5535,28954,29800,0,45489,47546,60647,0,33528,38069
165.611,0,1,1,1,0,17199,0.5038476604549913,64,2500,21038,0,54109,27242,63638,0,29098,31398,35518,0,601,6224,24615,0,17323,30129
165.63,1,1,25,1,1,3137,0.4865198863636364,56,2500,7919,0,56503,20781,19748,0,5535,28954,29800,0,45489,47546,60647,0,33528,38069
165.648,0,1,1,1,0,17175,0.5037194549434251,64,2500,21038,0,54109,27242,63638,0,29098,31398,35518,0,601,6224,24615,0,17323,30129
165.667,1,1,25,1,1,3083,0.4865198863636364,56,2500,7919,0,56503,20781,19748,0,5535,28954,29800,0,45489,47546,60647,0,33528,38069
165.685,0,1,1,1,0,17175,0.5033348384087266,64,2500,21038,0,54109,27242,63638,0,29098,31398,35518,0,601,6224,24615,0,17323,30129
165.704,1,1,25,1,1,3058,0.48665909090909093,56,2500,7919,0,56503,20781,19748,0,5535,28954,29800,0,45489,47546,60647,0,33528,38069
165.722,0,1,1,1,0,17219,0.503591249431859,64,2500,21038,0,54109,27242,63638,0,29098,31398,35518,0,601,6224,24615,0,17323,30129
165.741,1,1,25,1,1,3022,0.4867286931818182,56,2500,7919,0,56503,20781,19748,0,5535,28954,29800,0,45489,47546,60647,0,33528,38069
165.759,0,1,1,1,0,17227,0.5035271466760759,64,2500,21038,0,54109,27242,63638,0,29098,31398,35518,0,601,6224,24615,0,17323,30129
165.778,1,1,25,1,1,2981,0.4867982954545455,56,2500,7919,0,56503,20781,19748,0,5535,28954,29800,0,45489,47546,60647,0,33528,38069
165.796,0,1,1,1,0,17219,0.5037835576992081,64,2500,21038,0,54109,27242,63638,0,29098,31398,35518,0,601,6224,24615,0,17323,30129
165.815,1,1,25,1,1,3483,0.49542897727272733,61,2500,7919,0,56503,20781,19748,0,5535,28954,29800,0,45489,47546,60647,0,33528,38069
165.833,0,1,1,1,0,17219,0.503655352187642,64,2500,21038,0,54109,27242,63638,0,29098,31398,35518,0,601,6224,24615,0,17323,30129
165.852,1,1,25,1,1,3720,0.5135255681818183,61,2500,7919,0,56503,20781,19748,0,5535,28954,29800,0,45489,47546,60647,0,33528,38069
165.87,0,1,1,1,0,17175,0.5032707356529436,64,2500,21038,0,54109,27242,63638,0,29098,31398,35518,0,601,6224,24615,0,17323,30129
165.889,1,1,25,1,1,3889,0.5138735795454545,61,2500,7919,0,56503,20781,19748,0,5535,28954,29800,0,45489,47546,60647,0,33528,38069
165.907,0,1,1,1,0,17201,0.5031425301413774,64,2500,21038,0,54109,27242,63638,0,29098,31398,35518,0,601,6224,24615,0,17323,30129
165.926,1,1,25,1,1,4037,0.5142215909090909,61,2500,7919,0,56503,20781,19748,0,5535,28954,29800,0,45489,47546,60647,0,33528,38069
165.944,0,1,1,1,0,17227,0.5032066328971605,64,2500,21038,0,54109,27242,63638,0,29098,31398,35518,0,601,6224,24615,0,17323,30129
165.963,1,1,25,1,1,4193,0.5145696022727273,61,2500,7919,0,56503,20781,19748,0,5535,28954,29800,0,45489,47546,60647,0,33528,38069
165.981,0,1,1,1,0,17225,0.5030784273855943,64,2500,21038,0,54109,27242,63638,0,29098,31398,35518,0,601,6224,24615,0,17323,30129
166.0,1,1,25,1,1,4331,0.5147784090909091,61,2500,7919,0,56503,20781,19748,0,5535,28954,29800,0,45489,47546,60647,0,33528,38069
166.018,0,1,1,1,0,17227,0.5032707356529436,64,2500,21038,0,54109,27242,63638,0,29098,31398,35518,0,601,6224,24615,0,17323,30129
166.037,1,1,25,1,1,4486,0.506565340909091,61,2500,7919,0,56503,20781,19748,0,5535,28954,29800,0,45489,47546,60647,0,33528,38069
166.055,0,1,1,1,0,17219,0.5025656053393297,64,2500,21038,0,54109,27242,63638,0,29098,31398,35518,0,601,6224,24615,0,17323,30129
166.074,1,1,25,1,1,4653,0.5070525568181818,61,2500,7919,0,56503,20781,19748,0,5535,28954,29800,0,45489,47546,60647,0,33528,38069
166.092,0,1,1,1,0,17231,0.502822016362462,64,2500,21038,0,54109,27242,63638,0,29098,31398,35518,0,601,6224,24615,0,17323,30129
166.111,1,1,25,1,1,4781,0.5086534090909092,61,2500,7919,0,56503,20781,19748,0,5535,28954,29800,0,45489,47546,60647,0,33528,38069
166.129,0,1,1,1,0,17112,0.5028861191182451,63,2500,21038,0,54109,27242,63638,0,29098,31398,35518,0,601,6224,24615,0,17323,30129
166.148,1,1,25,1,1,4941,0.5118551136363637,61,2500,7919,0,56503,20781,19748,0,5535,28954,29800,0,45489,47546,60647,0,33528,38069
166.166,0,1,1,1,0,16901,0.5021809888046312,63,2500,21038,0,54109,27242,63638,0,29098,31398,35518,0,601,6224,24615,0,17323,30129
166.185,1,1,25,1,1,5039,0.5139431818181819,61,2500,7919,0,56503,20781,19748,0,5535,28954,29800,0,45489,47546,60647,0,33528,38069
166.203,0,1,1,1,0,17230,0.5025656053393297,64,2500,21038,0,54109,27242,63638,0,29098,31398,35518,0,601,6224,24615,0,17323,30129
166.222,1,1,25,1,1,5143,0.5149872159090909,61,2500,7919,0,56503,20781,19748,0,5535,28954,29800,0,45489,47546,60647,0,33528,38069
166.24,0,1,1,1,0,17231,0.5022450915604143,64,2500,21038,0,54109,27242,63638,0,29098,31398,35518,0,601,6224,24615,0,17323,30129
166.259,1,1,25,1,1,5261,0.5156136363636364,61,2500,7919,0,56503,20781,19748,0,5535,28954,29800,0,45489,47546,60647,0,33528,38069
166.277,0,1,1,1,0,17018,0.5017322695141497,63,2500,21038,0,54109,27242,63638,0,29098,31398,35518,0,601,6224,24615,0,17323,30129
166.296,1,1,25,1,1,5311,0.5151960227272728,61,2500,7919,0,56503,20781,19748,0,5535,28954,29800,0,45489,47546,60647,0,33528,38069
166.314,0,1,1,1,0,17211,0.5017963722699328,63,2500,21038,0,54109,27242,63638,0,29098,31398,35518,0,601,6224,24615,0,17323,30129
166.333,1,1,25,1,1,5356,0.5156136363636364,61,2500,7919,0,56503,20781,19748,0,5535,28954,29800,0,45489,47546,60647,0,33528,38069
166.351,0,1,1,1,0,16980,0.5016681667583666,65,2500,21038,0,54109,27242,63638,0,29098,31398,35518,0,601,6224,24615,0,17323,30129
166.37,1,1,25,1,1,5333,0.5152656250000001,61,2500,7919,0,56503,20781,19748,0,5535,28954,29800,0,45489,47546,60647,0,33528,38069
166.388,0,1,1,1,0,17230,0.5018604750257158,64,2500,21038,0,54109,27242,63638,0,29098,31398,35518,0,601,6224,24615,0,17323,30129
166.407,1,1,25,1,1,5265,0.5127599431818183,61,2500,7919,0,56503,20781,19748,0,5535,28954,29800,0,45489,47546,60647,0,33528,38069
166.425,0,1,1,1,0,17018,0.5018604750257158,63,2500,21038,0,54109,27242,63638,0,29098,31398,35518,0,601,6224,24615,0,17323,30129
166.444,1,1,25,1,1,5155,0.507330965909091,61,2500,7919,0,56503,20781,19748,0,5535,28954,29800,0,45489,47546,60647,0,33528,38069
166.462,0,1,1,1,0,17112,0.5016040640025835,63,2500,21038,0,54109,27242,63638,0,29098,31398,35518,0,601,6224,24615,0,17323,30129
166.481,1,1,25,1,1,5051,0.5071917613636364,61,2500,7919,0,56503,20781,19748,0,5535,28954,29800,0,45489,47546,60647,0,33528,38069
166.499,0,1,1,1,0,17230,0.5017322695141497,64,2500,21038,0,54109,27242,63638,0,29098,31398,35518,0,601,6224,24615,0,17323,30129
166.518,1,1,25,1,1,4911,0.5154744318181819,61,2500,7919,0,56503,20781,19748,0,5535,28954,29800,0,45489,47546,60647,0,33528,38069
166.536,0,1,1,1,0,17230,0.5022450915604143,64,2500,21038,0,54109,27242,63638,0,29098,31398,35518,0,601,6224,24615,0,17323,30129
166.555,1,1,25,1,1,4781,0.5154744318181819,62,2500,7919,0,56503,20781,19748,0,5535,28954,29800,0,45489,47546,60647,0,33528,38069
166.573,0,1,1,1,0,17230,0.5020527832930651,64,2500,21038,0,54109,27242,63638,0,29098,31398,35518,0,601,6224,24615,0,17323,30129
166.592,1,1,25,1,1,4699,0.5154744318181819,62,2500,7919,0,56503,20781,19748,0,5535,28954,29800,0,45489,47546,60647,0,33528,38069
166.61,0,1,1,1,0,17231,0.5023732970719804,64,2500,21038,0,54109,27242,63638,0,29098,31398,35518,0,601,6224,24615,0,17323,30129
166.629,1,1,25,1,1,4714,0.5156136363636364,62,2500,7919,0,56503,20781,19748,0,5535,28954,29800,0,45489,47546,60647,0,33528,38069
166.647,0,1,1,1,0,17230,0.5021809888046312,64,2500,21038,0,54109,27242,63638,0,29098,31398,35518,0,601,6224,24615,0,17323,30129
166.666,1,1,25,1,1,4770,0.5156832386363637,62,2500,7919,0,56503,20781,19748,0,5535,28954,29800,0,45489,47546,60647,0,33528,38069
166.684,0,1,1,1,0,17230,0.5019245777814989,64,2500,21038,0,54109,27242,63638,0,29098,31398,35518,0,601,6224,24615,0,17323,30129
166.703,1,1,25,1,1,4851,0.5157528409090909,61,2500,7919,0,56503,20781,19748,0,5535,28954,29800,0,45489,47546,60647,0,33528,38069
166.721,0,1,1,1,0,17230,0.501988680537282,64,2500,21038,0,54109,27242,63638,0,29098,31398,35518,0,601,6224,24615,0,17323,30129
166.74,1,1,25,1,1,4927,0.5159616477272728,62,2500,7919,0,56503,20781,19748,0,5535,28954,29800,0,45489,47546,60647,0,33528,38069
166.758,0,1,1,1,0,17231,0.5017963722699328,64,2500,21038,0,54109,27242,63638,0,29098,31398,35518,0,601,6224,24615,0,17323,30129
166.777,1,1,25,1,1,4960,0.5124815340909091,62,2500,7919,0,56503,20781,19748,0,5535,28954,29800,0,45489,47546,60647,0,33528,38069
166.794,0,1,1,1,0,17227,0.5015399612468004,64,2500,21038,0,54109,27242,63638,0,29098,31398,35518,0,601,6224,24615,0,17323,30129
166.814,1,1,25,1,1,4970,0.5192329545454546,62,2500,7919,0,56503,20781,19748,0,5535,28954,29800,0,45489,47546,60647,0,33528,38069
