time[s],SensorID,event,mask,tL.num_valid_targets,tL.reserved,tL.targets[0].amplitude,tL.targets[0].range,tL.targets[0].reserved[0],tL.targets[0].reserved[1],tL.targets[1].amplitude,tL.targets[1].range,tL.targets[1].reserved[0],tL.targets[1].reserved[1],tL.targets[2].amplitude,tL.targets[2].range,tL.targets[2].reserved[0],tL.targets[2].reserved[1],tL.targets[3].amplitude,tL.targets[3].range,tL.targets[3].reserved[0],tL.targets[3].reserved[1],tL.targets[4].amplitude,tL.targets[4].range,tL.targets[4].reserved[0],tL.targets[4].reserved[1]
82.779,1,1,25,1,1,8001,0.507330965909091,58,2500,7919,0,56503,20781,19748,0,5535,28954,29800,0,45489,47546,60647,0,33528,38069
82.796,0,1,1,1,0,17134,0.4823732372676602,63,2500,21038,0,54109,27242,63638,0,29098,31398,35518,0,601,6224,24615,0,17323,30129
82.816,1,1,25,1,1,7937,0.5067045454545455,58,2500,7919,0,56503,20781,19748,0,5535,28954,29800,0,45489,47546,60647,0,33528,38069
82.833,0,1,1,1,0,17139,0.48307836758127404,63,2500,21038,0,54109,27242,63638,0,29098,31398,35518,0,601,6224,24615,0,17323,30129
82.853,1,1,25,1,1,7887,0.5062173295454546,58,2500,7919,0,56503,20781,19748,0,5535,28954,29800,0,45489,47546,60647,0,33528,38069
82.87,0,1,1,1,0,17131,0.4832065730928402,63,2500,21038,0,54109,27242,63638,0,29098,31398,35518,0,601,6224,24615,0,17323,30129
82.89,1,1,25,1,1,7899,0.5062173295454546,58,2500,7919,0,56503,20781,19748,0,5535,28954,29800,0,45489,47546,60647,0,33528,38069
82.907,0,1,1,1,0,17139,0.4835270868717556,63,2500,21038,0,54109,27242,63638,0,29098,31398,35518,0,601,6224,24615,0,17323,30129
82.927,1,1,25,1,1,7965,0.5062173295454546,58,2500,7919,0,56503,20781,19748,0,5535,28954,29800,0,45489,47546,60647,0,33528,38069
82.944,0,1,1,1,0,17139,0.4836552923833218,63,2500,21038,0,54109,27242,63638,0,29098,31398,35518,0,601,6224,24615,0,17323,30129
82.964,1,1,25,1,1,7936,0.5058693181818182,58,2500,7919,0,56503,20781,19748,0,5535,28954,29800,0,45489,47546,60647,0,33528,38069
82.981,0,1,1,1,0,17139,0.48391170340645406,63,2500,21038,0,54109,27242,63638,0,29098,31398,35518,0,601,6224,24615,0,17323,30129
83.001,1,1,25,1,1,7891,0.5054517045454546,58,2500,7919,0,56503,20781,19748,0,5535,28954,29800,0,45489,47546,60647,0,33528,38069
83.018,0,1,1,1,0,17139,0.48359118962753866,63,2500,21038,0,54109,27242,63638,0,29098,31398,35518,0,601,6224,24615,0,17323,30129
83.038,1,1,25,1,1,7787,0.5048948863636364,58,2500,7919,0,56503,20781,19748,0,5535,28954,29800,0,45489,47546,60647,0,33528,38069
83.055,0,1,1,1,0,17139,0.4836552923833218,63,2500,21038,0,54109,27242,63638,0,29098,31398,35518,0,601,6224,24615,0,17323,30129
83.075,1,1,25,1,1,7614,0.5044076704545455,58,2500,7919,0,56503,20781,19748,0,5535,28954,29800,0,45489,47546,60647,0,33528,38069
83.092,0,1,1,1,0,17139,0.4836552923833218,63,2500,21038,0,54109,27242,63638,0,29098,31398,35518,0,601,6224,24615,0,17323,30129
83.112,1,1,25,1,1,7515,0.5039900568181819,58,2500,7919,0,56503,20781,19748,0,5535,28954,29800,0,45489,47546,60647,0,33528,38069
83.129,0,1,1,1,0,17139,0.4837834978948879,63,2500,21038,0,54109,27242,63638,0,29098,31398,35518,0,601,6224,24615,0,17323,30129
83.149,1,1,25,1,1,7306,0.5036420454545455,58,2500,7919,0,56503,20781,19748,0,5535,28954,29800,0,45489,47546,60647,0,33528,38069
83.166,0,1,1,1,0,17085,0.48339888136018944,63,2500,21038,0,54109,27242,63638,0,29098,31398,35518,0,601,6224,24615,0,17323,30129
83.186,1,1,25,1,1,7147,0.5032940340909091,58,2500,7919,0,56503,20781,19748,0,5535,28954,29800,0,45489,47546,60647,0,33528,38069
83.203,0,1,1,1,0,17141,0.4841040116738033,63,2500,21038,0,54109,27242,63638,0,29098,31398,35518,0,601,6224,24615,0,17323,30129
83.223,1,1,25,1,1,6951,0.5027372159090909,58,2500,7919,0,56503,20781,19748,0,5535,28954,29800,0,45489,47546,60647,0,33528,38069
83.24,0,1,1,1,0,17134,0.4847450392316341,63,2500,21038,0,54109,27242,63638,0,29098,31398,35518,0,601,6224,24615,0,17323,30129
83.26,1,1,25,1,1,6822,0.5014147727272728,58,2500,7919,0,56503,20781,19748,0,5535,28954,29800,0,45489,47546,60647,0,33528,38069
83.277,0,1,1,1,0,17139,0.485514272301031,63,2500,21038,0,54109,27242,63638,0,29098,31398,35518,0,601,6224,24615,0,17323,30129
83.296,1,1,25,1,1,6710,0.5002315340909091,58,2500,7919,0,56503,20781,19748,0,5535,28954,29800,0,45489,47546,60647,0,33528,38069
83.314,0,1,1,1,0,17139,0.4860911971030787,63,2500,21038,0,54109,27242,63638,0,29098,31398,35518,0,601,6224,24615,0,17323,30129
83.333,1,1,25,1,1,6633,0.49939630681818187,58,2500,7919,0,56503,20781,19748,0,5535,28954,29800,0,45489,47546,60647,0,33528,38069
83.351,0,1,1,1,0,17139,0.4855783750568141,63,2500,21038,0,54109,27242,63638,0,29098,31398,35518,0,601,6224,24615,0,17323,30129
83.37,1,1,25,1,1,6601,0.49890909090909097,58,2500,7919,0,56503,20781,19748,0,5535,28954,29800,0,45489,47546,60647,0,33528,38069
83.388,0,1,1,1,0,17139,0.48545016954524794,63,2500,21038,0,54109,27242,63638,0,29098,31398,35518,0,601,6224,24615,0,17323,30129
83.407,1,1,25,1,1,6548,0.4982130681818182,58,2500,7919,0,56503,20781,19748,0,5535,28954,29800,0,45489,47546,60647,0,33528,38069
83.425,0,1,1,1,0,17139,0.48545016954524794,63,2500,21038,0,54109,27242,63638,0,29098,31398,35518,0,601,6224,24615,0,17323,30129
83.444,1,1,25,1,1,6471,0.4979346590909091,58,2500,7919,0,56503,20781,19748,0,5535,28954,29800,0,45489,47546,60647,0,33528,38069
83.462,0,1,1,1,0,17141,0.485514272301031,63,2500,21038,0,54109,27242,63638,0,29098,31398,35518,0,601,6224,24615,0,17323,30129
83.481,1,1,25,1,1,6394,0.4975170454545455,58,2500,7919,0,56503,20781,19748,0,5535,28954,29800,0,45489,47546,60647,0,33528,38069
83.499,0,1,1,1,0,17131,0.485514272301031,63,2500,21038,0,54109,27242,63638,0,29098,31398,35518,0,601,6224,24615,0,17323,30129
83.518,1,1,25,1,1,6236,0.49689062500000003,57,2500,7919,0,56503,20781,19748,0,5535,28954,29800,0,45489,47546,60647,0,33528,38069
83.536,0,1,1,1,0,17134,0.48538606678946483,63,2500,21038,0,54109,27242,63638,0,29098,31398,35518,0,601,6224,24615,0,17323,30129
83.555,1,1,25,1,1,6089,0.4961946022727273,58,2500,7919,0,56503,20781,19748,0,5535,28954,29800,0,45489,47546,60647,0,33528,38069
83.573,0,1,1,1,0,17139,0.4858347860799464,63,2500,21038,0,54109,27242,63638,0,29098,31398,35518,0,601,6224,24615,0,17323,30129
83.592,1,1,25,1,1,5977,0.4957073863636364,57,2500,7919,0,56503,20781,19748,0,5535,28954,29800,0,45489,47546,60647,0,33528,38069
83.61,0,1,1,1,0,17119,0.4856424778125972,63,2500,21038,0,54109,27242,63638,0,29098,31398,35518,0,601,6224,24615,0,17323,30129
83.629,1,1,25,1,1,5870,0.4952201704545455,58,2500,7919,0,56503,20781,19748,0,5535,28954,29800,0,45489,47546,60647,0,33528,38069
83.647,0,1,1,1,0,17134,0.48570658056838023,63,2500,21038,0,54109,27242,63638,0,29098,31398,35518,0,601,6224,24615,0,17323,30129
83.666,1,1,25,1,1,5811,0.49501136363636367,57,2500,7919,0,56503,20781,19748,0,5535,28954,29800,0,45489,47546,60647,0,33528,38069
83.684,0,1,1,1,0,17139,0.48570658056838023,63,2500,21038,0,54109,27242,63638,0,29098,31398,35518,0,601,6224,24615,0,17323,30129
83.703,1,1,25,1,1,5824,0.49501136363636367,57,2500,7919,0,56503,20781,19748,0,5535,28954,29800,0,45489,47546,60647,0,33528,38069
83.721,0,1,1,1,0,17134,0.48545016954524794,63,2500,21038,0,54109,27242,63638,0,29098,31398,35518,0,601,6224,24615,0,17323,30129
83.74,1,1,25,1,1,5777,0.49438494318181825,57,2500,7919,0,56503,20781,19748,0,5535,28954,29800,0,45489,47546,60647,0,33528,38069
83.758,0,1,1,1,0,17104,0.4849373474989833,63,2500,21038,0,54109,27242,63638,0,29098,31398,35518,0,601,6224,24615,0,17323,30129
83.777,1,1,25,1,1,5680,0.4939673295454546,57,2500,7919,0,56503,20781,19748,0,5535,28954,29800,0,45489,47546,60647,0,33528,38069
83.795,0,1,1,1,0,17134,0.484680936475851,63,2500,21038,0,54109,27242,63638,0,29098,31398,35518,0,601,6224,24615,0,17323,30129
83.814,1,1,25,1,1,5583,0.4932017045454546,57,2500,7919,0,56503,20781,19748,0,5535,28954,29800,0,45489,47546,60647,0,33528,38069
83.832,0,1,1,1,0,17134,0.48403990891802023,63,2500,21038,0,54109,27242,63638,0,29098,31398,35518,0,601,6224,24615,0,17323,30129
83.851,1,1,25,1,1,5439,0.4927144886363637,57,2500,7919,0,56503,20781,19748,0,5535,28954,29800,0,45489,47546,60647,0,33528,38069
83.869,0,1,1,1,0,17139,0.48327067584862327,63,2500,21038,0,54109,27242,63638,0,29098,31398,35518,0,601,6224,24615,0,17323,30129
83.888,1,1,25,1,1,5287,0.4919488636363637,57,2500,7919,0,56503,20781,19748,0,5535,28954,29800,0,45489,47546,60647,0,33528,38069
83.906,0,1,1,1,0,17139,0.4829501620697079,63,2500,21038,0,54109,27242,63638,0,29098,31398,35518,0,601,6224,24615,0,17323,30129
83.925,1,1,25,1,1,5175,0.4913920454545455,57,2500,7919,0,56503,20781,19748,0,5535,28954,29800,0,45489,47546,60647,0,33528,38069
83.943,0,1,1,1,0,17119,0.4825655455350094,63,2500,21038,0,54109,27242,63638,0,29098,31398,35518,0,601,6224,24615,0,17323,30129
83.962,1,1,25,1,1,5054,0.4911136363636364,57,2500,7919,0,56503,20781,19748,0,5535,28954,29800,0,45489,47546,60647,0,33528,38069
83.98,0,1,1,1,0,17030,0.4819886207329617,62,2500,21038,0,54109,27242,63638,0,29098,31398,35518,0,601,6224,24615,0,17323,30129
83.999,1,1,25,1,1,4970,0.4906264204545455,57,2500,7919,0,56503,20781,19748,0,5535,28954,29800,0,45489,47546,60647,0,33528,38069
84.017,0,1,1,1,0,17027,0.48160400419826327,64,2500,21038,0,54109,27242,63638,0,29098,31398,35518,0,601,6224,24615,0,17323,30129
84.036,1,1,25,1,1,4888,0.48951278409090915,57,2500,7919,0,56503,20781,19748,0,5535,28954,29800,0,45489,47546,60647,0,33528,38069
84.054,0,1,1,1,0,17139,0.48205272348874484,63,2500,21038,0,54109,27242,63638,0,29098,31398,35518,0,601,6224,24615,0,17323,30129
84.073,1,1,25,1,1,4816,0.48979119318181824,57,2500,7919,0,56503,20781,19748,0,5535,28954,29800,0,45489,47546,60647,0,33528,38069
84.091,0,1,1,1,0,17134,0.4815399014424802,63,2500,21038,0,54109,27242,63638,0,29098,31398,35518,0,601,6224,24615,0,17323,30129
84.11,1,1,25,1,1,4801,0.48867755681818187,57,2500,7919,0,56503,20781,19748,0,5535,28954,29800,0,45489,47546,60647,0,33528,38069
84.128,0,1,1,1,0,17134,0.4803860518383848,63,2500,21038,0,54109,27242,63638,0,29098,31398,35518,0,601,6224,24615,0,17323,30129
84.147,1,1,25,1,1,4852,0.49000000000000005,57,2500,7919,0,56503,20781,19748,0,5535,28954,29800,0,45489,47546,60647,0,33528,38069
84.165,0,1,1,1,0,17141,0.4798091270363371,63,2500,21038,0,54109,27242,63638,0,29098,31398,35518,0,601,6224,24615,0,17323,30129
84.184,1,1,25,1,1,4946,0.49097443181818184,58,2500,7919,0,56503,20781,19748,0,5535,28954,29800,0,45489,47546,60647,0,33528,38069
84.202,0,1,1,1,0,16958,0.47820655814176016,62,2500,21038,0,54109,27242,63638,0,29098,31398,35518,0,601,6224,24615,0,17323,30129
84.221,1,1,25,1,1,5032,0.49104403409090913,57,2500,7919,0,56503,20781,19748,0,5535,28954,29800,0,45489,47546,60647,0,33528,38069
84.239,0,1,1,1,0,16992,0.4778219416070617,64,2500,21038,0,54109,27242,63638,0,29098,31398,35518,0,601,6224,24615,0,17323,30129
84.258,1,1,25,1,1,5097,0.4913920454545455,57,2500,7919,0,56503,20781,19748,0,5535,28954,29800,0,45489,47546,60647,0,33528,38069
84.276,0,1,1,1,0,16941,0.4774373250723632,62,2500,21038,0,54109,27242,63638,0,29098,31398,35518,0,601,6224,24615,0,17323,30129
84.295,1,1,25,1,1,5103,0.49097443181818184,57,2500,7919,0,56503,20781,19748,0,5535,28954,29800,0,45489,47546,60647,0,33528,38069
84.313,0,1,1,1,0,16958,0.47814245538597705,62,2500,21038,0,54109,27242,63638,0,29098,31398,35518,0,601,6224,24615,0,17323,30129
84.332,1,1,25,1,1,5044,0.49013920454545457,57,2500,7919,0,56503,20781,19748,0,5535,28954,29800,0,45489,47546,60647,0,33528,38069
84.35,0,1,1,1,0,17056,0.4789757912111571,64,2500,21038,0,54109,27242,63638,0,29098,31398,35518,0,601,6224,24615,0,17323,30129
84.369,1,1,25,1,1,4993,0.48965198863636367,57,2500,7919,0,56503,20781,19748,0,5535,28954,29800,0,45489,47546,60647,0,33528,38069
84.387,0,1,1,1,0,16992,0.47852707192067556,64,2500,21038,0,54109,27242,63638,0,29098,31398,35518,0,601,6224,24615,0,17323,30129
84.406,1,1,25,1,1,4971,0.48916477272727277,57,2500,7919,0,56503,20781,19748,0,5535,28954,29800,0,45489,47546,60647,0,33528,38069
84.424,0,1,1,1,0,17056,0.4794886132574217,64,2500,21038,0,54109,27242,63638,0,29098,31398,35518,0,601,6224,24615,0,17323,30129
84.443,1,1,25,1,1,4936,0.4890951704545455,57,2500,7919,0,56503,20781,19748,0,5535,28954,29800,0,45489,47546,60647,0,33528,38069
84.46,0,1,1,1,0,17014,0.47942451050163865,62,2500,21038,0,54109,27242,63638,0,29098,31398,35518,0,601,6224,24615,0,17323,30129
84.48,1,1,25,1,1,4905,0.48895596590909096,57,2500,7919,0,56503,20781,19748,0,5535,28954,29800,0,45489,47546,60647,0,33528,38069
84.497,0,1,1,1,0,16939,0.4794886132574217,62,2500,21038,0,54109,27242,63638,0,29098,31398,35518,0,601,6224,24615,0,17323,30129
84.517,1,1,25,1,1,4873,0.4890951704545455,57,2500,7919,0,56503,20781,19748,0,5535,28954,29800,0,45489,47546,60647,0,33528,38069
84.535,0,1,1,1,0,17090,0.4807065656173002,64,2500,21038,0,54109,27242,63638,0,29098,31398,35518,0,601,6224,24615,0,17323,30129
84.554,1,1,25,1,1,4917,0.4888863636363637,57,2500,7919,0,56503,20781,19748,0,5535,28954,29800,0,45489,47546,60647,0,33528,38069
84.571,0,1,1,1,0,17049,0.48045015459416784,62,2500,21038,0,54109,27242,63638,0,29098,31398,35518,0,601,6224,24615,0,17323,30129
84.591,1,1,25,1,1,4982,0.49006960227272733,57,2500,7919,0,56503,20781,19748,0,5535,28954,29800,0,45489,47546,60647,0,33528,38069
84.608,0,1,1,1,0,16998,0.4800655380594694,62,2500,21038,0,54109,27242,63638,0,29098,31398,35518,0,601,6224,24615,0,17323,30129
84.628,1,1,25,1,1,5052,0.49013920454545457,57,2500,7919,0,56503,20781,19748,0,5535,28954,29800,0,45489,47546,60647,0,33528,38069
84.645,0,1,1,1,0,16992,0.4800655380594694,64,2500,21038,0,54109,27242,63638,0,29098,31398,35518,0,601,6224,24615,0,17323,30129
84.665,1,1,25,1,1,5083,0.4903480113636364,57,2500,7919,0,56503,20781,19748,0,5535,28954,29800,0,45489,47546,60647,0,33528,38069
84.682,0,1,1,1,0,17027,0.4803860518383848,64,2500,21038,0,54109,27242,63638,0,29098,31398,35518,0,601,6224,24615,0,17323,30129
84.702,1,1,25,1,1,5125,0.49104403409090913,57,2500,7919,0,56503,20781,19748,0,5535,28954,29800,0,45489,47546,60647,0,33528,38069
84.719,0,1,1,1,0,17001,0.4808988738846494,62,2500,21038,0,54109,27242,63638,0,29098,31398,35518,0,601,6224,24615,0,17323,30129
84.739,1,1,25,1,1,5171,0.4916704545454546,57,2500,7919,0,56503,20781,19748,0,5535,28954,29800,0,45489,47546,60647,0,33528,38069
84.756,0,1,1,1,0,17087,0.4832065730928402,64,2500,21038,0,54109,27242,63638,0,29098,31398,35518,0,601,6224,24615,0,17323,30129
84.776,1,1,25,1,1,5116,0.4911136363636364,57,2500,7919,0,56503,20781,19748,0,5535,28954,29800,0,45489,47546,60647,0,33528,38069
84.793,0,1,1,1,0,17031,0.48403990891802023,62,2500,21038,0,54109,27242,63638,0,29098,31398,35518,0,601,6224,24615,0,17323,30129
84.813,1,1,25,1,1,4996,0.49006960227272733,57,2500,7919,0,56503,20781,19748,0,5535,28954,29800,0,45489,47546,60647,0,33528,38069
84.83,0,1,1,1,0,17064,0.4833347786044064,64,2500,21038,0,54109,27242,63638,0,29098,31398,35518,0,601,6224,24615,0,17323,30129
84.85,1,1,25,1,1,4820,0.4859630681818182,58,2500,7919,0,56503,20781,19748,0,5535,28954,29800,0,45489,47546,60647,0,33528,38069
84.867,0,1,1,1,0,17044,0.48205272348874484,64,2500,21038,0,54109,27242,63638,0,29098,31398,35518,0,601,6224,24615,0,17323,30129
84.887,1,1,25,1,1,4700,0.4831789772727273,58,2500,7919,0,56503,20781,19748,0,5535,28954,29800,0,45489,47546,60647,0,33528,38069
84.904,0,1,1,1,0,17092,0.4815399014424802,63,2500,21038,0,54109,27242,63638,0,29098,31398,35518,0,601,6224,24615,0,17323,30129
84.924,1,1,25,1,1,4516,0.4719730113636364,58,2500,7919,0,56503,20781,19748,0,5535,28954,29800,0,45489,47546,60647,0,33528,38069
84.941,0,1,1,1,0,17087,0.48173220970982944,64,2500,21038,0,54109,27242,63638,0,29098,31398,35518,0,601,6224,24615,0,17323,30129
84.961,1,1,25,1,1,4298,0.4714857954545455,58,2500,7919,0,56503,20781,19748,0,5535,28954,29800,0,45489,47546,60647,0,33528,38069
84.978,0,1,1,1,0,17044,0.48064246286151713,64,2500,21038,0,54109,27242,63638,0,29098,31398,35518,0,601,6224,24615,0,17323,30129
84.998,1,1,25,1,1,4067,0.4709985795454546,57,2500,7919,0,56503,20781,19748,0,5535,28954,29800,0,45489,47546,60647,0,33528,38069
85.015,0,1,1,1,0,17040,0.47968092152477093,64,2500,21038,0,54109,27242,63638,0,29098,31398,35518,0,601,6224,24615,0,17323,30129
85.035,1,1,25,1,1,3246,0.46932812500000004,54,2500,7919,0,56503,20781,19748,0,5535,28954,29800,0,45489,47546,60647,0,33528,38069
85.052,0,1,1,1,0,16992,0.4791680994785063,64,2500,21038,0,54109,27242,63638,0,29098,31398,35518,0,601,6224,24615,0,17323,30129
85.072,1,1,25,1,1,3252,0.46925852272727275,54,2500,7919,0,56503,20781,19748,0,5535,28954,29800,0,45489,47546,60647,0,33528,38069
85.089,0,1,1,1,0,17073,0.4796168187689879,64,2500,21038,0,54109,27242,63638,0,29098,31398,35518,0,601,6224,24615,0,17323,30129
85.109,1,1,25,1,1,3311,0.46932812500000004,54,2500,7919,0,56503,20781,19748,0,5535,28954,29800,0,45489,47546,60647,0,33528,38069
85.126,0,1,1,1,0,17026,0.47987322979212016,64,2500,21038,0,54109,27242,63638,0,29098,31398,35518,0,601,6224,24615,0,17323,30129
85.146,1,1,25,1,1,3330,0.4691889204545455,54,2500,7919,0,56503,20781,19748,0,5535,28954,29800,0,45489,47546,60647,0,33528,38069
85.163,0,1,1,1,0,17050,0.48032194908260173,62,2500,21038,0,54109,27242,63638,0,29098,31398,35518,0,601,6224,24615,0,17323,30129
85.183,1,1,25,1,1,3430,0.46925852272727275,54,2500,7919,0,56503,20781,19748,0,5535,28954,29800,0,45489,47546,60647,0,33528,38069
85.2,0,1,1,1,0,17139,0.4814757986866971,63,2500,21038,0,54109,27242,63638,0,29098,31398,35518,0,601,6224,24615,0,17323,30129
85.22,1,1,25,1,1,3513,0.4693977272727273,54,2500,7919,0,56503,20781,19748,0,5535,28954,29800,0,45489,47546,60647,0,33528,38069
85.237,0,1,1,1,0,17134,0.48173220970982944,63,2500,21038,0,54109,27242,63638,0,29098,31398,35518,0,601,6224,24615,0,17323,30129
85.257,1,1,25,1,1,3588,0.46960653409090913,54,2500,7919,0,56503,20781,19748,0,5535,28954,29800,0,45489,47546,60647,0,33528,38069
85.274,0,1,1,1,0,17139,0.4821168262445279,63,2500,21038,0,54109,27242,63638,0,29098,31398,35518,0,601,6224,24615,0,17323,30129
85.294,1,1,25,1,1,3621,0.4696761363636364,54,2500,7919,0,56503,20781,19748,0,5535,28954,29800,0,45489,47546,60647,0,33528,38069
85.311,0,1,1,1,0,17092,0.4817963124656125,63,2500,21038,0,54109,27242,63638,0,29098,31398,35518,0,601,6224,24615,0,17323,30129
85.331,1,1,25,1,1,3666,0.4698849431818182,54,2500,7919,0,56503,20781,19748,0,5535,28954,29800,0,45489,47546,60647,0,33528,38069
85.348,0,1,1,1,0,17119,0.4826296482907925,63,2500,21038,0,54109,27242,63638,0,29098,31398,35518,0,601,6224,24615,0,17323,30129
85.368,1,1,25,1,1,3996,0.47058096590909093,57,2500,7919,0,56503,20781,19748,0,5535,28954,29800,0,45489,47546,60647,0,33528,38069
85.385,0,1,1,1,0,16818,0.48083477112886636,61,2500,21038,0,54109,27242,63638,0,29098,31398,35518,0,601,6224,24615,0,17323,30129
85.405,1,1,25,1,1,4181,0.4710681818181819,57,2500,7919,0,56503,20781,19748,0,5535,28954,29800,0,45489,47546,60647,0,33528,38069
85.422,0,1,1,1,0,17002,0.4824373400234433,64,2500,21038,0,54109,27242,63638,0,29098,31398,35518,0,601,6224,24615,0,17323,30129
85.442,1,1,25,1,1,4340,0.4715553977272728,57,2500,7919,0,56503,20781,19748,0,5535,28954,29800,0,45489,47546,60647,0,33528,38069
85.459,0,1,1,1,0,17013,0.4827578538023587,64,2500,21038,0,54109,27242,63638,0,29098,31398,35518,0,601,6224,24615,0,17323,30129
85.479,1,1,25,1,1,4542,0.4720426136363637,57,2500,7919,0,56503,20781,19748,0,5535,28954,29800,0,45489,47546,60647,0,33528,38069
85.496,0,1,1,1,0,17025,0.48307836758127404,64,2500,21038,0,54109,27242,63638,0,29098,31398,35518,0,601,6224,24615,0,17323,30129
85.516,1,1,25,1,1,4780,0.48505823863636366,57,2500,7919,0,56503,20781,19748,0,5535,28954,29800,0,45489,47546,60647,0,33528,38069
85.533,0,1,1,1,0,16998,0.483014264825491,64,2500,21038,0,54109,27242,63638,0,29098,31398,35518,0,601,6224,24615,0,17323,30129
85.553,1,1,25,1,1,4962,0.4890951704545455,57,2500,7919,0,56503,20781,19748,0,5535,28954,29800,0,45489,47546,60647,0,33528,38069
85.57,0,1,1,1,0,17013,0.4825655455350094,64,2500,21038,0,54109,27242,63638,0,29098,31398,35518,0,601,6224,24615,0,17323,30129
85.59,1,1,25,1,1,5134,0.4914616477272728,57,2500,7919,0,56503,20781,19748,0,5535,28954,29800,0,45489,47546,60647,0,33528,38069
85.607,0,1,1,1,0,17180,0.48314247033705715,62,2500,21038,0,54109,27242,63638,0,29098,31398,35518,0,601,6224,24615,0,17323,30129
85.627,1,1,25,1,1,5328,0.4932017045454546,57,2500,7919,0,56503,20781,19748,0,5535,28954,29800,0,45489,47546,60647,0,33528,38069
85.644,0,1,1,1,0,16991,0.4815399014424802,64,2500,21038,0,54109,27242,63638,0,29098,31398,35518,0,601,6224,24615,0,17323,30129
85.664,1,1,25,1,1,5488,0.49466335227272734,58,2500,7919,0,56503,20781,19748,0,5535,28954,29800,0,45489,47546,60647,0,33528,38069
85.681,0,1,1,1,0,16970,0.48083477112886636,64,2500,21038,0,54109,27242,63638,0,29098,31398,35518,0,601,6224,24615,0,17323,30129
85.701,1,1,25,1,1,5676,0.4959857954545455,58,2500,7919,0,56503,20781,19748,0,5535,28954,29800,0,45489,47546,60647,0,33528,38069
85.718,0,1,1,1,0,16816,0.47968092152477093,61,2500,21038,0,54109,27242,63638,0,29098,31398,35518,0,601,6224,24615,0,17323,30129
85.738,1,1,25,1,1,5790,0.498143465909091,58,2500,7919,0,56503,20781,19748,0,5535,28954,29800,0,45489,47546,60647,0,33528,38069
85.755,0,1,1,1,0,16826,0.47936040774585553,61,2500,21038,0,54109,27242,63638,0,29098,31398,35518,0,601,6224,24615,0,17323,30129
85.775,1,1,25,1,1,5881,0.4993267045454546,58,2500,7919,0,56503,20781,19748,0,5535,28954,29800,0,45489,47546,60647,0,33528,38069
85.792,0,1,1,1,0,17119,0.480578360105734,63,2500,21038,0,54109,27242,63638,0,29098,31398,35518,0,601,6224,24615,0,17323,30129
85.812,1,1,25,1,1,6007,0.5009971590909091,58,2500,7919,0,56503,20781,19748,0,5535,28954,29800,0,45489,47546,60647,0,33528,38069
85.829,0,1,1,1,0,17119,0.48032194908260173,63,2500,21038,0,54109,27242,63638,0,29098,31398,35518,0,601,6224,24615,0,17323,30129
85.849,1,1,25,1,1,6109,0.5024588068181819,58,2500,7919,0,56503,20781,19748,0,5535,28954,29800,0,45489,47546,60647,0,33528,38069
85.866,0,1,1,1,0,17120,0.4803860518383848,63,2500,21038,0,54109,27242,63638,0,29098,31398,35518,0,601,6224,24615,0,17323,30129
85.886,1,1,25,1,1,6239,0.5039900568181819,58,2500,7919,0,56503,20781,19748,0,5535,28954,29800,0,45489,47546,60647,0,33528,38069
85.903,0,1,1,1,0,17120,0.4803860518383848,63,2500,21038,0,54109,27242,63638,0,29098,31398,35518,0,601,6224,24615,0,17323,30129
85.923,1,1,25,1,1,6429,0.505799715909091,58,2500,7919,0,56503,20781,19748,0,5535,28954,29800,0,45489,47546,60647,0,33528,38069
85.94,0,1,1,1,0,17119,0.480578360105734,63,2500,21038,0,54109,27242,63638,0,29098,31398,35518,0,601,6224,24615,0,17323,30129
85.96,1,1,25,1,1,6679,0.5076789772727274,58,2500,7919,0,56503,20781,19748,0,5535,28954,29800,0,45489,47546,60647,0,33528,38069
85.977,0,1,1,1,0,17134,0.48096297664043247,63,2500,21038,0,54109,27242,63638,0,29098,31398,35518,0,601,6224,24615,0,17323,30129
85.997,1,1,25,1,1,6910,0.5082357954545454,59,2500,7919,0,56503,20781,19748,0,5535,28954,29800,0,45489,47546,60647,0,33528,38069
86.014,0,1,1,1,0,17141,0.4812193876635648,63,2500,21038,0,54109,27242,63638,0,29098,31398,35518,0,601,6224,24615,0,17323,30129
86.034,1,1,25,1,1,7191,0.509140625,59,2500,7919,0,56503,20781,19748,0,5535,28954,29800,0,45489,47546,60647,0,33528,38069
86.051,0,1,1,1,0,17139,0.48160400419826327,63,2500,21038,0,54109,27242,63638,0,29098,31398,35518,0,601,6224,24615,0,17323,30129
86.071,1,1,25,1,1,7414,0.509627840909091,59,2500,7919,0,56503,20781,19748,0,5535,28954,29800,0,45489,47546,60647,0,33528,38069
86.088,0,1,1,1,0,17139,0.48160400419826327,63,2500,21038,0,54109,27242,63638,0,29098,31398,35518,0,601,6224,24615,0,17323,30129
86.108,1,1,25,1,1,7626,0.5099758522727273,59,2500,7919,0,56503,20781,19748,0,5535,28954,29800,0,45489,47546,60647,0,33528,38069
86.125,0,1,1,1,0,17141,0.48192451797717867,63,2500,21038,0,54109,27242,63638,0,29098,31398,35518,0,601,6224,24615,0,17323,30129
86.145,1,1,25,1,1,7764,0.5101846590909092,59,2500,7919,0,56503,20781,19748,0,5535,28954,29800,0,45489,47546,60647,0,33528,38069
86.162,0,1,1,1,0,17120,0.4819886207329617,63,2500,21038,0,54109,27242,63638,0,29098,31398,35518,0,601,6224,24615,0,17323,30129
86.182,1,1,25,1,1,7867,0.5101846590909092,59,2500,7919,0,56503,20781,19748,0,5535,28954,29800,0,45489,47546,60647,0,33528,38069
86.199,0,1,1,1,0,17119,0.48205272348874484,63,2500,21038,0,54109,27242,63638,0,29098,31398,35518,0,601,6224,24615,0,17323,30129
86.218,1,1,25,1,1,7917,0.5101150568181818,59,2500,7919,0,56503,20781,19748,0,5535,28954,29800,0,45489,47546,60647,0,33528,38069
86.236,0,1,1,1,0,17092,0.4824373400234433,63,2500,21038,0,54109,27242,63638,0,29098,31398,35518,0,601,6224,24615,0,17323,30129
86.255,1,1,25,1,1,7915,0.5100454545454546,59,2500,7919,0,56503,20781,19748,0,5535,28954,29800,0,45489,47546,60647,0,33528,38069
86.273,0,1,1,1,0,17062,0.48218092900031095,64,2500,21038,0,54109,27242,63638,0,29098,31398,35518,0,601,6224,24615,0,17323,30129
86.292,1,1,25,1,1,7865,0.5098366477272728,59,2500,7919,0,56503,20781,19748,0,5535,28954,29800,0,45489,47546,60647,0,33528,38069
86.31,0,1,1,1,0,17119,0.48250144277922635,63,2500,21038,0,54109,27242,63638,0,29098,31398,35518,0,601,6224,24615,0,17323,30129
86.329,1,1,25,1,1,7819,0.50990625,59,2500,7919,0,56503,20781,19748,0,5535,28954,29800,0,45489,47546,60647,0,33528,38069
86.347,0,1,1,1,0,17092,0.48250144277922635,63,2500,21038,0,54109,27242,63638,0,29098,31398,35518,0,601,6224,24615,0,17323,30129
86.366,1,1,25,1,1,7770,0.5095582386363637,59,2500,7919,0,56503,20781,19748,0,5535,28954,29800,0,45489,47546,60647,0,33528,38069
86.384,0,1,1,1,0,17002,0.48186041522139555,64,2500,21038,0,54109,27242,63638,0,29098,31398,35518,0,601,6224,24615,0,17323,30129
86.403,1,1,25,1,1,7717,0.5093494318181818,58,2500,7919,0,56503,20781,19748,0,5535,28954,29800,0,45489,47546,60647,0,33528,38069
86.421,0,1,1,1,0,17092,0.4816681069540463,63,2500,21038,0,54109,27242,63638,0,29098,31398,35518,0,601,6224,24615,0,17323,30129
86.44,1,1,25,1,1,7665,0.5092798295454546,59,2500,7919,0,56503,20781,19748,0,5535,28954,29800,0,45489,47546,60647,0,33528,38069
86.458,0,1,1,1,0,17120,0.48141169593091404,63,2500,21038,0,54109,27242,63638,0,29098,31398,35518,0,601,6224,24615,0,17323,30129
86.477,1,1,25,1,1,7690,0.5090014204545456,59,2500,7919,0,56503,20781,19748,0,5535,28954,29800,0,45489,47546,60647,0,33528,38069
86.495,0,1,1,1,0,17120,0.48096297664043247,63,2500,21038,0,54109,27242,63638,0,29098,31398,35518,0,601,6224,24615,0,17323,30129
86.514,1,1,25,1,1,7669,0.508862215909091,58,2500,7919,0,56503,20781,19748,0,5535,28954,29800,0,45489,47546,60647,0,33528,38069
86.532,0,1,1,1,0,17049,0.48045015459416784,63,2500,21038,0,54109,27242,63638,0,29098,31398,35518,0,601,6224,24615,0,17323,30129
86.551,1,1,25,1,1,7646,0.5089318181818182,58,2500,7919,0,56503,20781,19748,0,5535,28954,29800,0,45489,47546,60647,0,33528,38069
86.569,0,1,1,1,0,17048,0.4803860518383848,63,2500,21038,0,54109,27242,63638,0,29098,31398,35518,0,601,6224,24615,0,17323,30129
86.588,1,1,25,1,1,7655,0.5087926136363636,58,2500,7919,0,56503,20781,19748,0,5535,28954,29800,0,45489,47546,60647,0,33528,38069
86.606,0,1,1,1,0,17120,0.480578360105734,63,2500,21038,0,54109,27242,63638,0,29098,31398,35518,0,601,6224,24615,0,17323,30129
86.625,1,1,25,1,1,7675,0.5090014204545456,58,2500,7919,0,56503,20781,19748,0,5535,28954,29800,0,45489,47546,60647,0,33528,38069
86.643,0,1,1,1,0,17120,0.48051425734995096,63,2500,21038,0,54109,27242,63638,0,29098,31398,35518,0,601,6224,24615,0,17323,30129
86.662,1,1,25,1,1,7689,0.5090014204545456,58,2500,7919,0,56503,20781,19748,0,5535,28954,29800,0,45489,47546,60647,0,33528,38069
86.68,0,1,1,1,0,17120,0.4807065656173002,63,2500,21038,0,54109,27242,63638,0,29098,31398,35518,0,601,6224,24615,0,17323,30129
86.699,1,1,25,1,1,7687,0.5089318181818182,59,2500,7919,0,56503,20781,19748,0,5535,28954,29800,0,45489,47546,60647,0,33528,38069
86.717,0,1,1,1,0,17120,0.48077066837308324,63,2500,21038,0,54109,27242,63638,0,29098,31398,35518,0,601,6224,24615,0,17323,30129
86.736,1,1,25,1,1,7725,0.509140625,59,2500,7919,0,56503,20781,19748,0,5535,28954,29800,0,45489,47546,60647,0,33528,38069
86.754,0,1,1,1,0,17092,0.4807065656173002,63,2500,21038,0,54109,27242,63638,0,29098,31398,35518,0,601,6224,24615,0,17323,30129
86.773,1,1,25,1,1,7782,0.509140625,59,2500,7919,0,56503,20781,19748,0,5535,28954,29800,0,45489,47546,60647,0,33528,38069
86.791,0,1,1,1,0,17021,0.48019374357103556,64,2500,21038,0,54109,27242,63638,0,29098,31398,35518,0,601,6224,24615,0,17323,30129
86.81,1,1,25,1,1,7803,0.5090014204545456,59,2500,7919,0,56503,20781,19748,0,5535,28954,29800,0,45489,47546,60647,0,33528,38069
86.828,0,1,1,1,0,17048,0.48064246286151713,63,2500,21038,0,54109,27242,63638,0,29098,31398,35518,0,601,6224,24615,0,17323,30129
86.847,1,1,25,1,1,7810,0.5087926136363636,59,2500,7919,0,56503,20781,19748,0,5535,28954,29800,0,45489,47546,60647,0,33528,38069
86.865,0,1,1,1,0,17092,0.48045015459416784,63,2500,21038,0,54109,27242,63638,0,29098,31398,35518,0,601,6224,24615,0,17323,30129
86.884,1,1,25,1,1,7794,0.5087926136363636,59,2500,7919,0,56503,20781,19748,0,5535,28954,29800,0,45489,47546,60647,0,33528,38069
86.902,0,1,1,1,0,17049,0.48032194908260173,63,2500,21038,0,54109,27242,63638,0,29098,31398,35518,0,601,6224,24615,0,17323,30129
86.921,1,1,25,1,1,7758,0.5084446022727274,59,2500,7919,0,56503,20781,19748,0,5535,28954,29800,0,45489,47546,60647,0,33528,38069
86.939,0,1,1,1,0,17092,0.48045015459416784,63,2500,21038,0,54109,27242,63638,0,29098,31398,35518,0,601,6224,24615,0,17323,30129
86.958,1,1,25,1,1,7763,0.5085838068181818,59,2500,7919,0,56503,20781,19748,0,5535,28954,29800,0,45489,47546,60647,0,33528,38069
86.976,0,1,1,1,0,17024,0.48045015459416784,64,2500,21038,0,54109,27242,63638,0,29098,31398,35518,0,601,6224,24615,0,17323,30129
86.995,1,1,25,1,1,7786,0.5087230113636364,59,2500,7919,0,56503,20781,19748,0,5535,28954,29800,0,45489,47546,60647,0,33528,38069
87.013,0,1,1,1,0,17062,0.48077066837308324,64,2500,21038,0,54109,27242,63638,0,29098,31398,35518,0,601,6224,24615,0,17323,30129
87.032,1,1,25,1,1,7798,0.508862215909091,59,2500,7919,0,56503,20781,19748,0,5535,28954,29800,0,45489,47546,60647,0,33528,38069
87.05,0,1,1,1,0,17049,0.4811552849077817,63,2500,21038,0,54109,27242,63638,0,29098,31398,35518,0,601,6224,24615,0,17323,30129
87.069,1,1,25,1,1,7796,0.5090710227272728,59,2500,7919,0,56503,20781,19748,0,5535,28954,29800,0,45489,47546,60647,0,33528,38069
87.087,0,1,1,1,0,17119,0.4816681069540463,63,2500,21038,0,54109,27242,63638,0,29098,31398,35518,0,601,6224,24615,0,17323,30129
87.106,1,1,25,1,1,7747,0.5090014204545456,58,2500,7919,0,56503,20781,19748,0,5535,28954,29800,0,45489,47546,60647,0,33528,38069
87.124,0,1,1,1,0,17119,0.4819886207329617,63,2500,21038,0,54109,27242,63638,0,29098,31398,35518,0,601,6224,24615,0,17323,30129
87.143,1,1,25,1,1,7679,0.5090710227272728,59,2500,7919,0,56503,20781,19748,0,5535,28954,29800,0,45489,47546,60647,0,33528,38069
87.161,0,1,1,1,0,17092,0.4825655455350094,63,2500,21038,0,54109,27242,63638,0,29098,31398,35518,0,601,6224,24615,0,17323,30129
87.18,1,1,25,1,1,7530,0.5085142045454546,58,2500,7919,0,56503,20781,19748,0,5535,28954,29800,0,45489,47546,60647,0,33528,38069
87.198,0,1,1,1,0,17134,0.48327067584862327,63,2500,21038,0,54109,27242,63638,0,29098,31398,35518,0,601,6224,24615,0,17323,30129
87.217,1,1,25,1,1,7399,0.5080269886363636,58,2500,7919,0,56503,20781,19748,0,5535,28954,29800,0,45489,47546,60647,0,33528,38069
87.235,0,1,1,1,0,17119,0.48371939513910484,63,2500,21038,0,54109,27242,63638,0,29098,31398,35518,0,601,6224,24615,0,17323,30129
87.254,1,1,25,1,1,7133,0.5062173295454546,58,2500,7919,0,56503,20781,19748,0,5535,28954,29800,0,45489,47546,60647,0,33528,38069
87.272,0,1,1,1,0,17119,0.4841681144295864,63,2500,21038,0,54109,27242,63638,0,29098,31398,35518,0,601,6224,24615,0,17323,30129
87.291,1,1,25,1,1,6880,0.5046860795454546,58,2500,7919,0,56503,20781,19748,0,5535,28954,29800,0,45489,47546,60647,0,33528,38069
87.309,0,1,1,1,0,17119,0.4844245254527187,63,2500,21038,0,54109,27242,63638,0,29098,31398,35518,0,601,6224,24615,0,17323,30129
87.328,1,1,25,1,1,6583,0.5028068181818183,58,2500,7919,0,56503,20781,19748,0,5535,28954,29800,0,45489,47546,60647,0,33528,38069
87.346,0,1,1,1,0,17062,0.4844245254527187,64,2500,21038,0,54109,27242,63638,0,29098,31398,35518,0,601,6224,24615,0,17323,30129
87.365,1,1,25,1,1,6309,0.5005795454545455,58,2500,7919,0,56503,20781,19748,0,5535,28954,29800,0,45489,47546,60647,0,33528,38069
87.383,0,1,1,1,0,17063,0.48455273096428486,64,2500,21038,0,54109,27242,63638,0,29098,31398,35518,0,601,6224,24615,0,17323,30129
87.402,1,1,25,1,1,6060,0.4991178977272728,58,2500,7919,0,56503,20781,19748,0,5535,28954,29800,0,45489,47546,60647,0,33528,38069
87.42,0,1,1,1,0,17092,0.4839758061622371,63,2500,21038,0,54109,27242,63638,0,29098,31398,35518,0,601,6224,24615,0,17323,30129
87.439,1,1,25,1,1,5810,0.4972386363636364,58,2500,7919,0,56503,20781,19748,0,5535,28954,29800,0,45489,47546,60647,0,33528,38069
87.456,0,1,1,1,0,17092,0.483014264825491,63,2500,21038,0,54109,27242,63638,0,29098,31398,35518,0,601,6224,24615,0,17323,30129
87.476,1,1,25,1,1,5666,0.4962642045454546,58,2500,7919,0,56503,20781,19748,0,5535,28954,29800,0,45489,47546,60647,0,33528,38069
87.493,0,1,1,1,0,17063,0.48173220970982944,64,2500,21038,0,54109,27242,63638,0,29098,31398,35518,0,601,6224,24615,0,17323,30129
87.513,1,1,25,1,1,5572,0.49480255681818186,58,2500,7919,0,56503,20781,19748,0,5535,28954,29800,0,45489,47546,60647,0,33528,38069
87.53,0,1,1,1,0,17092,0.48032194908260173,63,2500,21038,0,54109,27242,63638,0,29098,31398,35518,0,601,6224,24615,0,17323,30129
87.55,1,1,25,1,1,5501,0.4939673295454546,58,2500,7919,0,56503,20781,19748,0,5535,28954,29800,0,45489,47546,60647,0,33528,38069
87.567,0,1,1,1,0,17120,0.4792322022342894,63,2500,21038,0,54109,27242,63638,0,29098,31398,35518,0,601,6224,24615,0,17323,30129
87.587,1,1,25,1,1,5524,0.4932017045454546,58,2500,7919,0,56503,20781,19748,0,5535,28954,29800,0,45489,47546,60647,0,33528,38069
87.604,0,1,1,1,0,17063,0.478078352630194,64,2500,21038,0,54109,27242,63638,0,29098,31398,35518,0,601,6224,24615,0,17323,30129
87.624,1,1,25,1,1,5497,0.4925752840909091,58,2500,7919,0,56503,20781,19748,0,5535,28954,29800,0,45489,47546,60647,0,33528,38069
87.641,0,1,1,1,0,17134,0.47769373609549554,63,2500,21038,0,54109,27242,63638,0,29098,31398,35518,0,601,6224,24615,0,17323,30129
87.661,1,1,25,1,1,5486,0.4918096590909091,57,2500,7919,0,56503,20781,19748,0,5535,28954,29800,0,45489,47546,60647,0,33528,38069
87.678,0,1,1,1,0,17119,0.4771809140492309,63,2500,21038,0,54109,27242,63638,0,29098,31398,35518,0,601,6224,24615,0,17323,30129
87.698,1,1,25,1,1,5465,0.4908352272727273,57,2500,7919,0,56503,20781,19748,0,5535,28954,29800,0,45489,47546,60647,0,33528,38069
87.715,0,1,1,1,0,17131,0.47756553058392937,63,2500,21038,0,54109,27242,63638,0,29098,31398,35518,0,601,6224,24615,0,17323,30129
87.735,1,1,25,1,1,5409,0.48916477272727277,57,2500,7919,0,56503,20781,19748,0,5535,28954,29800,0,45489,47546,60647,0,33528,38069
87.752,0,1,1,1,0,17134,0.47814245538597705,63,2500,21038,0,54109,27242,63638,0,29098,31398,35518,0,601,6224,24615,0,17323,30129
87.772,1,1,25,1,1,5342,0.4872159090909091,57,2500,7919,0,56503,20781,19748,0,5535,28954,29800,0,45489,47546,60647,0,33528,38069
87.789,0,1,1,1,0,17131,0.4791680994785063,63,2500,21038,0,54109,27242,63638,0,29098,31398,35518,0,601,6224,24615,0,17323,30129
87.809,1,1,25,1,1,5263,0.48477982954545457,57,2500,7919,0,56503,20781,19748,0,5535,28954,29800,0,45489,47546,60647,0,33528,38069
87.826,0,1,1,1,0,17131,0.48000143530368633,63,2500,21038,0,54109,27242,63638,0,29098,31398,35518,0,601,6224,24615,0,17323,30129
87.846,1,1,25,1,1,5182,0.4819957386363637,57,2500,7919,0,56503,20781,19748,0,5535,28954,29800,0,45489,47546,60647,0,33528,38069
87.863,0,1,1,1,0,17120,0.48128349041934787,63,2500,21038,0,54109,27242,63638,0,29098,31398,35518,0,601,6224,24615,0,17323,30129
87.883,1,1,25,1,1,5135,0.4720426136363637,57,2500,7919,0,56503,20781,19748,0,5535,28954,29800,0,45489,47546,60647,0,33528,38069
87.9,0,1,1,1,0,17139,0.48314247033705715,63,2500,21038,0,54109,27242,63638,0,29098,31398,35518,0,601,6224,24615,0,17323,30129
87.92,1,1,25,1,1,5085,0.4719730113636364,57,2500,7919,0,56503,20781,19748,0,5535,28954,29800,0,45489,47546,60647,0,33528,38069
87.937,0,1,1,1,0,17139,0.48448862820850175,63,2500,21038,0,54109,27242,63638,0,29098,31398,35518,0,601,6224,24615,0,17323,30129
87.957,1,1,25,1,1,5090,0.4719034090909091,57,2500,7919,0,56503,20781,19748,0,5535,28954,29800,0,45489,47546,60647,0,33528,38069
87.974,0,1,1,1,0,17025,0.4852578612778987,62,2500,21038,0,54109,27242,63638,0,29098,31398,35518,0,601,6224,24615,0,17323,30129
87.994,1,1,25,1,1,5127,0.47336505681818186,57,2500,7919,0,56503,20781,19748,0,5535,28954,29800,0,45489,47546,60647,0,33528,38069
88.011,0,1,1,1,0,17031,0.48628350537042797,62,2500,21038,0,54109,27242,63638,0,29098,31398,35518,0,601,6224,24615,0,17323,30129
88.031,1,1,25,1,1,5096,0.4753139204545455,57,2500,7919,0,56503,20781,19748,0,5535,28954,29800,0,45489,47546,60647,0,33528,38069
88.048,0,1,1,1,0,16979,0.48686043017247566,62,2500,21038,0,54109,27242,63638,0,29098,31398,35518,0,601,6224,24615,0,17323,30129
88.068,1,1,25,1,1,5128,0.481578125,57,2500,7919,0,56503,20781,19748,0,5535,28954,29800,0,45489,47546,60647,0,33528,38069
88.085,0,1,1,1,0,17027,0.48795017702078797,62,2500,21038,0,54109,27242,63638,0,29098,31398,35518,0,601,6224,24615,0,17323,30129
88.105,1,1,25,1,1,5165,0.48380539772727277,57,2500,7919,0,56503,20781,19748,0,5535,28954,29800,0,45489,47546,60647,0,33528,38069
88.122,0,1,1,1,0,17021,0.48775786875343874,64,2500,21038,0,54109,27242,63638,0,29098,31398,35518,0,601,6224,24615,0,17323,30129
88.142,1,1,25,1,1,5206,0.4852670454545455,57,2500,7919,0,56503,20781,19748,0,5535,28954,29800,0,45489,47546,60647,0,33528,38069
88.159,0,1,1,1,0,17092,0.4881424852881372,63,2500,21038,0,54109,27242,63638,0,29098,31398,35518,0,601,6224,24615,0,17323,30129
88.179,1,1,25,1,1,5148,0.4861022727272728,57,2500,7919,0,56503,20781,19748,0,5535,28954,29800,0,45489,47546,60647,0,33528,38069
88.196,0,1,1,1,0,16958,0.48807838253235414,62,2500,21038,0,54109,27242,63638,0,29098,31398,35518,0,601,6224,24615,0,17323,30129
88.216,1,1,25,1,1,5178,0.4874943181818182,57,2500,7919,0,56503,20781,19748,0,5535,28954,29800,0,45489,47546,60647,0,33528,38069
88.233,0,1,1,1,0,17088,0.48839889631126954,64,2500,21038,0,54109,27242,63638,0,29098,31398,35518,0,601,6224,24615,0,17323,30129
88.253,1,1,25,1,1,5169,0.4874943181818182,57,2500,7919,0,56503,20781,19748,0,5535,28954,29800,0,45489,47546,60647,0,33528,38069
88.27,0,1,1,1,0,17067,0.488783512845968,64,2500,21038,0,54109,27242,63638,0,29098,31398,35518,0,601,6224,24615,0,17323,30129
88.29,1,1,25,1,1,5082,0.4869375,57,2500,7919,0,56503,20781,19748,0,5535,28954,29800,0,45489,47546,60647,0,33528,38069
88.307,0,1,1,1,0,17112,0.4891040266248834,63,2500,21038,0,54109,27242,63638,0,29098,31398,35518,0,601,6224,24615,0,17323,30129
88.327,1,1,25,1,1,5017,0.4858238636363637,57,2500,7919,0,56503,20781,19748,0,5535,28954,29800,0,45489,47546,60647,0,33528,38069
88.344,0,1,1,1,0,17127,0.48974505418271413,63,2500,21038,0,54109,27242,63638,0,29098,31398,35518,0,601,6224,24615,0,17323,30129
88.364,1,1,25,1,1,5031,0.4852670454545455,57,2500,7919,0,56503,20781,19748,0,5535,28954,29800,0,45489,47546,60647,0,33528,38069
88.381,0,1,1,1,0,17095,0.48942454040379874,64,2500,21038,0,54109,27242,63638,0,29098,31398,35518,0,601,6224,24615,0,17323,30129
88.401,1,1,25,1,1,5035,0.48533664772727275,57,2500,7919,0,56503,20781,19748,0,5535,28954,29800,0,45489,47546,60647,0,33528,38069
88.418,0,1,1,1,0,17127,0.4895527459153649,63,2500,21038,0,54109,27242,63638,0,29098,31398,35518,0,601,6224,24615,0,17323,30129
88.438,1,1,25,1,1,5063,0.48512784090909095,57,2500,7919,0,56503,20781,19748,0,5535,28954,29800,0,45489,47546,60647,0,33528,38069
88.455,0,1,1,1,0,17111,0.49025787622897876,63,2500,21038,0,54109,27242,63638,0,29098,31398,35518,0,601,6224,24615,0,17323,30129
88.475,1,1,25,1,1,5066,0.48561505681818184,57,2500,7919,0,56503,20781,19748,0,5535,28954,29800,0,45489,47546,60647,0,33528,38069
88.492,0,1,1,1,0,17111,0.4895527459153649,63,2500,21038,0,54109,27242,63638,0,29098,31398,35518,0,601,6224,24615,0,17323,30129
88.512,1,1,25,1,1,5117,0.4858238636363637,57,2500,7919,0,56503,20781,19748,0,5535,28954,29800,0,45489,47546,60647,0,33528,38069
88.529,0,1,1,1,0,17010,0.4889117183575341,64,2500,21038,0,54109,27242,63638,0,29098,31398,35518,0,601,6224,24615,0,17323,30129
88.549,1,1,25,1,1,5069,0.48484943181818185,57,2500,7919,0,56503,20781,19748,0,5535,28954,29800,0,45489,47546,60647,0,33528,38069
88.566,0,1,1,1,0,17053,0.4900014652058465,64,2500,21038,0,54109,27242,63638,0,29098,31398,35518,0,601,6224,24615,0,17323,30129
88.586,1,1,25,1,1,5053,0.48477982954545457,57,2500,7919,0,56503,20781,19748,0,5535,28954,29800,0,45489,47546,60647,0,33528,38069
88.603,0,1,1,1,0,17087,0.49147582858885724,64,2500,21038,0,54109,27242,63638,0,29098,31398,35518,0,601,6224,24615,0,17323,30129
88.623,1,1,25,1,1,5028,0.48422301136363644,57,2500,7919,0,56503,20781,19748,0,5535,28954,29800,0,45489,47546,60647,0,33528,38069
88.64,0,1,1,1,0,17021,0.4925014726813865,64,2500,21038,0,54109,27242,63638,0,29098,31398,35518,0,601,6224,24615,0,17323,30129
88.66,1,1,25,1,1,4982,0.48380539772727277,57,2500,7919,0,56503,20781,19748,0,5535,28954,29800,0,45489,47546,60647,0,33528,38069
88.677,0,1,1,1,0,17021,0.4924373699256034,64,2500,21038,0,54109,27242,63638,0,29098,31398,35518,0,601,6224,24615,0,17323,30129
88.697,1,1,25,1,1,4953,0.4845014204545455,57,2500,7919,0,56503,20781,19748,0,5535,28954,29800,0,45489,47546,60647,0,33528,38069
88.714,0,1,1,1,0,17092,0.4927578837045188,63,2500,21038,0,54109,27242,63638,0,29098,31398,35518,0,601,6224,24615,0,17323,30129
88.734,1,1,25,1,1,4929,0.48491903409090914,57,2500,7919,0,56503,20781,19748,0,5535,28954,29800,0,45489,47546,60647,0,33528,38069
88.751,0,1,1,1,0,17111,0.49288608921608495,63,2500,21038,0,54109,27242,63638,0,29098,31398,35518,0,601,6224,24615,0,17323,30129
88.771,1,1,25,1,1,4968,0.4862414772727273,57,2500,7919,0,56503,20781,19748,0,5535,28954,29800,0,45489,47546,60647,0,33528,38069
88.788,0,1,1,1,0,17112,0.492950191971868,63,2500,21038,0,54109,27242,63638,0,29098,31398,35518,0,601,6224,24615,0,17323,30129
88.808,1,1,25,1,1,4990,0.48665909090909093,57,2500,7919,0,56503,20781,19748,0,5535,28954,29800,0,45489,47546,60647,0,33528,38069
88.825,0,1,1,1,0,17088,0.49256557543716956,64,2500,21038,0,54109,27242,63638,0,29098,31398,35518,0,601,6224,24615,0,17323,30129
88.845,1,1,25,1,1,5000,0.4871463068181819,57,2500,7919,0,56503,20781,19748,0,5535,28954,29800,0,45489,47546,60647,0,33528,38069
88.862,0,1,1,1,0,17087,0.492950191971868,64,2500,21038,0,54109,27242,63638,0,29098,31398,35518,0,601,6224,24615,0,17323,30129
88.882,1,1,25,1,1,4960,0.4872855113636364,57,2500,7919,0,56503,20781,19748,0,5535,28954,29800,0,45489,47546,60647,0,33528,38069
88.899,0,1,1,1,0,17067,0.49320660299500035,64,2500,21038,0,54109,27242,63638,0,29098,31398,35518,0,601,6224,24615,0,17323,30129
88.919,1,1,25,1,1,4957,0.4872159090909091,57,2500,7919,0,56503,20781,19748,0,5535,28954,29800,0,45489,47546,60647,0,33528,38069
88.936,0,1,1,1,0,17127,0.4933348085065665,63,2500,21038,0,54109,27242,63638,0,29098,31398,35518,0,601,6224,24615,0,17323,30129
88.956,1,1,25,1,1,4865,0.4863110795454546,57,2500,7919,0,56503,20781,19748,0,5535,28954,29800,0,45489,47546,60647,0,33528,38069
88.973,0,1,1,1,0,17127,0.49352711677391575,63,2500,21038,0,54109,27242,63638,0,29098,31398,35518,0,601,6224,24615,0,17323,30129
88.993,1,1,25,1,1,4748,0.48540625000000004,57,2500,7919,0,56503,20781,19748,0,5535,28954,29800,0,45489,47546,60647,0,33528,38069
89.01,0,1,1,1,0,17115,0.493719425041265,64,2500,21038,0,54109,27242,63638,0,29098,31398,35518,0,601,6224,24615,0,17323,30129
89.03,1,1,25,1,1,4679,0.48394460227272734,57,2500,7919,0,56503,20781,19748,0,5535,28954,29800,0,45489,47546,60647,0,33528,38069
89.047,0,1,1,1,0,17127,0.493719425041265,63,2500,21038,0,54109,27242,63638,0,29098,31398,35518,0,601,6224,24615,0,17323,30129
89.067,1,1,25,1,1,4613,0.48331818181818187,57,2500,7919,0,56503,20781,19748,0,5535,28954,29800,0,45489,47546,60647,0,33528,38069
89.084,0,1,1,1,0,17127,0.49365532228548187,63,2500,21038,0,54109,27242,63638,0,29098,31398,35518,0,601,6224,24615,0,17323,30129
89.104,1,1,25,1,1,4571,0.4826917613636364,57,2500,7919,0,56503,20781,19748,0,5535,28954,29800,0,45489,47546,60647,0,33528,38069
89.121,0,1,1,1,0,17127,0.4935912195296988,63,2500,21038,0,54109,27242,63638,0,29098,31398,35518,0,601,6224,24615,0,17323,30129
89.141,1,1,25,1,1,4527,0.4822045454545455,57,2500,7919,0,56503,20781,19748,0,5535,28954,29800,0,45489,47546,60647,0,33528,38069
89.158,0,1,1,1,0,17127,0.4930142947276511,63,2500,21038,0,54109,27242,63638,0,29098,31398,35518,0,601,6224,24615,0,17323,30129
89.177,1,1,25,1,1,4546,0.4825525568181819,57,2500,7919,0,56503,20781,19748,0,5535,28954,29800,0,45489,47546,60647,0,33528,38069
89.195,0,1,1,1,0,17111,0.49256557543716956,63,2500,21038,0,54109,27242,63638,0,29098,31398,35518,0,601,6224,24615,0,17323,30129
89.214,1,1,25,1,1,4543,0.4817173295454546,57,2500,7919,0,56503,20781,19748,0,5535,28954,29800,0,45489,47546,60647,0,33528,38069
89.232,0,1,1,1,0,17134,0.49230916441403727,63,2500,21038,0,54109,27242,63638,0,29098,31398,35518,0,601,6224,24615,0,17323,30129
89.251,1,1,25,1,1,4466,0.47211221590909097,57,2500,7919,0,56503,20781,19748,0,5535,28954,29800,0,45489,47546,60647,0,33528,38069
89.269,0,1,1,1,0,17136,0.4924373699256034,63,2500,21038,0,54109,27242,63638,0,29098,31398,35518,0,601,6224,24615,0,17323,30129
89.288,1,1,25,1,1,4416,0.4720426136363637,57,2500,7919,0,56503,20781,19748,0,5535,28954,29800,0,45489,47546,60647,0,33528,38069
89.306,0,1,1,1,0,17136,0.49237326716982033,63,2500,21038,0,54109,27242,63638,0,29098,31398,35518,0,601,6224,24615,0,17323,30129
89.325,1,1,25,1,1,4351,0.4719034090909091,57,2500,7919,0,56503,20781,19748,0,5535,28954,29800,0,45489,47546,60647,0,33528,38069
89.343,0,1,1,1,0,17134,0.49230916441403727,63,2500,21038,0,54109,27242,63638,0,29098,31398,35518,0,601,6224,24615,0,17323,30129
89.362,1,1,25,1,1,4301,0.47949005681818185,57,2500,7919,0,56503,20781,19748,0,5535,28954,29800,0,45489,47546,60647,0,33528,38069
89.38,0,1,1,1,0,17136,0.4924373699256034,63,2500,21038,0,54109,27242,63638,0,29098,31398,35518,0,601,6224,24615,0,17323,30129
89.399,1,1,25,1,1,4233,0.47955965909090914,57,2500,7919,0,56503,20781,19748,0,5535,28954,29800,0,45489,47546,60647,0,33528,38069
89.417,0,1,1,1,0,17136,0.4924373699256034,63,2500,21038,0,54109,27242,63638,0,29098,31398,35518,0,601,6224,24615,0,17323,30129
89.436,1,1,25,1,1,4196,0.47969886363636366,57,2500,7919,0,56503,20781,19748,0,5535,28954,29800,0,45489,47546,60647,0,33528,38069
89.454,0,1,1,1,0,17115,0.4924373699256034,64,2500,21038,0,54109,27242,63638,0,29098,31398,35518,0,601,6224,24615,0,17323,30129
89.473,1,1,25,1,1,4166,0.47983806818181823,57,2500,7919,0,56503,20781,19748,0,5535,28954,29800,0,45489,47546,60647,0,33528,38069
89.491,0,1,1,1,0,17127,0.49198865063512187,63,2500,21038,0,54109,27242,63638,0,29098,31398,35518,0,601,6224,24615,0,17323,30129
89.51,1,1,25,1,1,4131,0.47997727272727275,57,2500,7919,0,56503,20781,19748,0,5535,28954,29800,0,45489,47546,60647,0,33528,38069
89.528,0,1,1,1,0,17134,0.49230916441403727,63,2500,21038,0,54109,27242,63638,0,29098,31398,35518,0,601,6224,24615,0,17323,30129
89.547,1,1,25,1,1,4177,0.48331818181818187,57,2500,7919,0,56503,20781,19748,0,5535,28954,29800,0,45489,47546,60647,0,33528,38069
89.565,0,1,1,1,0,17136,0.49147582858885724,63,2500,21038,0,54109,27242,63638,0,29098,31398,35518,0,601,6224,24615,0,17323,30129
89.584,1,1,25,1,1,4186,0.48477982954545457,57,2500,7919,0,56503,20781,19748,0,5535,28954,29800,0,45489,47546,60647,0,33528,38069
89.602,0,1,1,1,0,17127,0.4887194100901849,63,2500,21038,0,54109,27242,63638,0,29098,31398,35518,0,601,6224,24615,0,17323,30129
89.621,1,1,25,1,1,4252,0.4862414772727273,57,2500,7919,0,56503,20781,19748,0,5535,28954,29800,0,45489,47546,60647,0,33528,38069
89.639,0,1,1,1,0,17139,0.48942454040379874,63,2500,21038,0,54109,27242,63638,0,29098,31398,35518,0,601,6224,24615,0,17323,30129
89.658,1,1,25,1,1,4302,0.4863110795454546,57,2500,7919,0,56503,20781,19748,0,5535,28954,29800,0,45489,47546,60647,0,33528,38069
89.676,0,1,1,1,0,17140,0.4889758211133172,63,2500,21038,0,54109,27242,63638,0,29098,31398,35518,0,601,6224,24615,0,17323,30129
89.695,1,1,25,1,1,4379,0.4865198863636364,57,2500,7919,0,56503,20781,19748,0,5535,28954,29800,0,45489,47546,60647,0,33528,38069
89.713,0,1,1,1,0,17084,0.48948864315958185,62,2500,21038,0,54109,27242,63638,0,29098,31398,35518,0,601,6224,24615,0,17323,30129
89.732,1,1,25,1,1,4458,0.48617187500000003,57,2500,7919,0,56503,20781,19748,0,5535,28954,29800,0,45489,47546,60647,0,33528,38069
89.75,0,1,1,1,0,17076,0.48820658804392025,62,2500,21038,0,54109,27242,63638,0,29098,31398,35518,0,601,6224,24615,0,17323,30129
89.769,1,1,25,1,1,4482,0.4859630681818182,57,2500,7919,0,56503,20781,19748,0,5535,28954,29800,0,45489,47546,60647,0,33528,38069
89.787,0,1,1,1,0,17137,0.4892963348922326,63,2500,21038,0,54109,27242,63638,0,29098,31398,35518,0,601,6224,24615,0,17323,30129
89.806,1,1,25,1,1,4509,0.4859630681818182,57,2500,7919,0,56503,20781,19748,0,5535,28954,29800,0,45489,47546,60647,0,33528,38069
89.824,0,1,1,1,0,17127,0.4873732522187403,63,2500,21038,0,54109,27242,63638,0,29098,31398,35518,0,601,6224,24615,0,17323,30129
89.843,1,1,25,1,1,4573,0.48770312500000007,57,2500,7919,0,56503,20781,19748,0,5535,28954,29800,0,45489,47546,60647,0,33528,38069
89.861,0,1,1,1,0,17136,0.488014279776571,63,2500,21038,0,54109,27242,63638,0,29098,31398,35518,0,601,6224,24615,0,17323,30129
89.88,1,1,25,1,1,4642,0.49000000000000005,57,2500,7919,0,56503,20781,19748,0,5535,28954,29800,0,45489,47546,60647,0,33528,38069
89.898,0,1,1,1,0,17136,0.48711684119560794,63,2500,21038,0,54109,27242,63638,0,29098,31398,35518,0,601,6224,24615,0,17323,30129
89.917,1,1,25,1,1,4693,0.4909048295454546,57,2500,7919,0,56503,20781,19748,0,5535,28954,29800,0,45489,47546,60647,0,33528,38069
89.935,0,1,1,1,0,17139,0.48628350537042797,63,2500,21038,0,54109,27242,63638,0,29098,31398,35518,0,601,6224,24615,0,17323,30129
89.954,1,1,25,1,1,4822,0.492296875,57,2500,7919,0,56503,20781,19748,0,5535,28954,29800,0,45489,47546,60647,0,33528,38069
89.972,0,1,1,1,0,17136,0.48577068332416334,63,2500,21038,0,54109,27242,63638,0,29098,31398,35518,0,601,6224,24615,0,17323,30129
89.991,1,1,25,1,1,5020,0.49410653409090916,57,2500,7919,0,56503,20781,19748,0,5535,28954,29800,0,45489,47546,60647,0,33528,38069
90.009,0,1,1,1,0,17139,0.48596299159151257,63,2500,21038,0,54109,27242,63638,0,29098,31398,35518,0,601,6224,24615,0,17323,30129
90.028,1,1,25,1,1,5165,0.49542897727272733,57,2500,7919,0,56503,20781,19748,0,5535,28954,29800,0,45489,47546,60647,0,33528,38069
90.046,0,1,1,1,0,17081,0.4853219640336818,62,2500,21038,0,54109,27242,63638,0,29098,31398,35518,0,601,6224,24615,0,17323,30129
90.065,1,1,25,1,1,5334,0.4969602272727273,58,2500,7919,0,56503,20781,19748,0,5535,28954,29800,0,45489,47546,60647,0,33528,38069
90.083,0,1,1,1,0,16932,0.48359118962753866,62,2500,21038,0,54109,27242,63638,0,29098,31398,35518,0,601,6224,24615,0,17323,30129
90.102,1,1,25,1,1,5579,0.49939630681818187,58,2500,7919,0,56503,20781,19748,0,5535,28954,29800,0,45489,47546,60647,0,33528,38069
90.12,0,1,1,1,0,17097,0.48487324474320026,62,2500,21038,0,54109,27242,63638,0,29098,31398,35518,0,601,6224,24615,0,17323,30129
90.139,1,1,25,1,1,5768,0.5019715909090909,58,2500,7919,0,56503,20781,19748,0,5535,28954,29800,0,45489,47546,60647,0,33528,38069
90.157,0,1,1,1,0,16922,0.48314247033705715,62,2500,21038,0,54109,27242,63638,0,29098,31398,35518,0,601,6224,24615,0,17323,30129
90.176,1,1,25,1,1,5953,0.5034332386363637,58,2500,7919,0,56503,20781,19748,0,5535,28954,29800,0,45489,47546,60647,0,33528,38069
90.194,0,1,1,1,0,16950,0.48314247033705715,62,2500,21038,0,54109,27242,63638,0,29098,31398,35518,0,601,6224,24615,0,17323,30129
90.213,1,1,25,1,1,6174,0.5049644886363637,58,2500,7919,0,56503,20781,19748,0,5535,28954,29800,0,45489,47546,60647,0,33528,38069
90.231,0,1,1,1,0,16894,0.4819886207329617,62,2500,21038,0,54109,27242,63638,0,29098,31398,35518,0,601,6224,24615,0,17323,30129
90.25,1,1,25,1,1,6411,0.5067741477272728,58,2500,7919,0,56503,20781,19748,0,5535,28954,29800,0,45489,47546,60647,0,33528,38069
90.268,0,1,1,1,0,16990,0.4826937510465756,62,2500,21038,0,54109,27242,63638,0,29098,31398,35518,0,601,6224,24615,0,17323,30129
90.287,1,1,25,1,1,6565,0.5075397727272728,58,2500,7919,0,56503,20781,19748,0,5535,28954,29800,0,45489,47546,60647,0,33528,38069
90.305,0,1,1,1,0,16921,0.48224503175609407,62,2500,21038,0,54109,27242,63638,0,29098,31398,35518,0,601,6224,24615,0,17323,30129
90.324,1,1,25,1,1,6707,0.5083053977272728,58,2500,7919,0,56503,20781,19748,0,5535,28954,29800,0,45489,47546,60647,0,33528,38069
90.342,0,1,1,1,0,17100,0.48327067584862327,64,2500,21038,0,54109,27242,63638,0,29098,31398,35518,0,601,6224,24615,0,17323,30129
90.361,1,1,25,1,1,6803,0.5087926136363636,58,2500,7919,0,56503,20781,19748,0,5535,28954,29800,0,45489,47546,60647,0,33528,38069
90.379,0,1,1,1,0,17040,0.48346298411597255,64,2500,21038,0,54109,27242,63638,0,29098,31398,35518,0,601,6224,24615,0,17323,30129
90.398,1,1,25,1,1,6894,0.5089318181818182,59,2500,7919,0,56503,20781,19748,0,5535,28954,29800,0,45489,47546,60647,0,33528,38069
90.415,0,1,1,1,0,16894,0.4825655455350094,62,2500,21038,0,54109,27242,63638,0,29098,31398,35518,0,601,6224,24615,0,17323,30129
90.435,1,1,25,1,1,6946,0.5092102272727274,59,2500,7919,0,56503,20781,19748,0,5535,28954,29800,0,45489,47546,60647,0,33528,38069
90.452,0,1,1,1,0,17135,0.4841681144295864,64,2500,21038,0,54109,27242,63638,0,29098,31398,35518,0,601,6224,24615,0,17323,30129
90.472,1,1,25,1,1,6870,0.5090710227272728,59,2500,7919,0,56503,20781,19748,0,5535,28954,29800,0,45489,47546,60647,0,33528,38069
90.489,0,1,1,1,0,17135,0.48436042269693563,64,2500,21038,0,54109,27242,63638,0,29098,31398,35518,0,601,6224,24615,0,17323,30129
90.509,1,1,25,1,1,6739,0.508375,59,2500,7919,0,56503,20781,19748,0,5535,28954,29800,0,45489,47546,60647,0,33528,38069
90.526,0,1,1,1,0,17164,0.48423221718536946,63,2500,21038,0,54109,27242,63638,0,29098,31398,35518,0,601,6224,24615,0,17323,30129
90.546,1,1,25,1,1,6617,0.5074701704545455,58,2500,7919,0,56503,20781,19748,0,5535,28954,29800,0,45489,47546,60647,0,33528,38069
90.563,0,1,1,1,0,17140,0.4836552923833218,64,2500,21038,0,54109,27242,63638,0,29098,31398,35518,0,601,6224,24615,0,17323,30129
90.583,1,1,25,1,1,6579,0.5058693181818182,58,2500,7919,0,56503,20781,19748,0,5535,28954,29800,0,45489,47546,60647,0,33528,38069
90.6,0,1,1,1,0,17100,0.48327067584862327,64,2500,21038,0,54109,27242,63638,0,29098,31398,35518,0,601,6224,24615,0,17323,30129
90.62,1,1,25,1,1,6506,0.5043380681818183,58,2500,7919,0,56503,20781,19748,0,5535,28954,29800,0,45489,47546,60647,0,33528,38069
90.637,0,1,1,1,0,16985,0.4819886207329617,62,2500,21038,0,54109,27242,63638,0,29098,31398,35518,0,601,6224,24615,0,17323,30129
90.657,1,1,25,1,1,6298,0.5019019886363637,58,2500,7919,0,56503,20781,19748,0,5535,28954,29800,0,45489,47546,60647,0,33528,38069
90.674,0,1,1,1,0,16985,0.4814757986866971,62,2500,21038,0,54109,27242,63638,0,29098,31398,35518,0,601,6224,24615,0,17323,30129
90.694,1,1,25,1,1,6034,0.49890909090909097,58,2500,7919,0,56503,20781,19748,0,5535,28954,29800,0,45489,47546,60647,0,33528,38069
90.711,0,1,1,1,0,17142,0.4825655455350094,63,2500,21038,0,54109,27242,63638,0,29098,31398,35518,0,601,6224,24615,0,17323,30129
90.731,1,1,25,1,1,5684,0.49431534090909096,58,2500,7919,0,56503,20781,19748,0,5535,28954,29800,0,45489,47546,60647,0,33528,38069
90.748,0,1,1,1,0,17108,0.48186041522139555,62,2500,21038,0,54109,27242,63638,0,29098,31398,35518,0,601,6224,24615,0,17323,30129
90.768,1,1,25,1,1,5354,0.49041761363636366,58,2500,7919,0,56503,20781,19748,0,5535,28954,29800,0,45489,47546,60647,0,33528,38069
90.785,0,1,1,1,0,17067,0.4816681069540463,62,2500,21038,0,54109,27242,63638,0,29098,31398,35518,0,601,6224,24615,0,17323,30129
90.805,1,1,25,1,1,5172,0.4855454545454546,57,2500,7919,0,56503,20781,19748,0,5535,28954,29800,0,45489,47546,60647,0,33528,38069
90.822,0,1,1,1,0,17140,0.48205272348874484,63,2500,21038,0,54109,27242,63638,0,29098,31398,35518,0,601,6224,24615,0,17323,30129
90.842,1,1,25,1,1,5139,0.48415340909090915,57,2500,7919,0,56503,20781,19748,0,5535,28954,29800,0,45489,47546,60647,0,33528,38069
90.859,0,1,1,1,0,17137,0.48218092900031095,63,2500,21038,0,54109,27242,63638,0,29098,31398,35518,0,601,6224,24615,0,17323,30129
90.879,1,1,25,1,1,5216,0.48380539772727277,57,2500,7919,0,56503,20781,19748,0,5535,28954,29800,0,45489,47546,60647,0,33528,38069
90.896,0,1,1,1,0,17139,0.4816681069540463,63,2500,21038,0,54109,27242,63638,0,29098,31398,35518,0,601,6224,24615,0,17323,30129
90.916,1,1,25,1,1,5358,0.48512784090909095,57,2500,7919,0,56503,20781,19748,0,5535,28954,29800,0,45489,47546,60647,0,33528,38069
90.933,0,1,1,1,0,17111,0.4816681069540463,63,2500,21038,0,54109,27242,63638,0,29098,31398,35518,0,601,6224,24615,0,17323,30129
90.953,1,1,25,1,1,5411,0.48561505681818184,57,2500,7919,0,56503,20781,19748,0,5535,28954,29800,0,45489,47546,60647,0,33528,38069
90.97,0,1,1,1,0,17127,0.48314247033705715,63,2500,21038,0,54109,27242,63638,0,29098,31398,35518,0,601,6224,24615,0,17323,30129
90.99,1,1,25,1,1,5443,0.4863110795454546,57,2500,7919,0,56503,20781,19748,0,5535,28954,29800,0,45489,47546,60647,0,33528,38069
91.007,0,1,1,1,0,17137,0.4850014502547664,63,2500,21038,0,54109,27242,63638,0,29098,31398,35518,0,601,6224,24615,0,17323,30129
91.027,1,1,25,1,1,5340,0.48512784090909095,57,2500,7919,0,56503,20781,19748,0,5535,28954,29800,0,45489,47546,60647,0,33528,38069
91.044,0,1,1,1,0,17140,0.48634760812621103,63,2500,21038,0,54109,27242,63638,0,29098,31398,35518,0,601,6224,24615,0,17323,30129
91.064,1,1,25,1,1,5138,0.48359659090909096,57,2500,7919,0,56503,20781,19748,0,5535,28954,29800,0,45489,47546,60647,0,33528,38069
91.081,0,1,1,1,0,17140,0.48679632741669254,63,2500,21038,0,54109,27242,63638,0,29098,31398,35518,0,601,6224,24615,0,17323,30129
91.101,1,1,25,1,1,4898,0.4811605113636364,57,2500,7919,0,56503,20781,19748,0,5535,28954,29800,0,45489,47546,60647,0,33528,38069
91.118,0,1,1,1,0,17139,0.48679632741669254,63,2500,21038,0,54109,27242,63638,0,29098,31398,35518,0,601,6224,24615,0,17323,30129
91.138,1,1,25,1,1,4737,0.4717642045454546,57,2500,7919,0,56503,20781,19748,0,5535,28954,29800,0,45489,47546,60647,0,33528,38069
91.155,0,1,1,1,0,17139,0.48730914946295717,63,2500,21038,0,54109,27242,63638,0,29098,31398,35518,0,601,6224,24615,0,17323,30129
91.175,1,1,25,1,1,4621,0.4714857954545455,57,2500,7919,0,56503,20781,19748,0,5535,28954,29800,0,45489,47546,60647,0,33528,38069
91.192,0,1,1,1,0,17139,0.4864758136377772,63,2500,21038,0,54109,27242,63638,0,29098,31398,35518,0,601,6224,24615,0,17323,30129
91.212,1,1,25,1,1,4509,0.47900284090909095,57,2500,7919,0,56503,20781,19748,0,5535,28954,29800,0,45489,47546,60647,0,33528,38069
91.229,0,1,1,1,0,17033,0.48634760812621103,62,2500,21038,0,54109,27242,63638,0,29098,31398,35518,0,601,6224,24615,0,17323,30129
91.249,1,1,25,1,1,4548,0.47907244318181824,57,2500,7919,0,56503,20781,19748,0,5535,28954,29800,0,45489,47546,60647,0,33528,38069
91.266,0,1,1,1,0,16977,0.48577068332416334,62,2500,21038,0,54109,27242,63638,0,29098,31398,35518,0,601,6224,24615,0,17323,30129
91.286,1,1,25,1,1,4673,0.47935085227272733,57,2500,7919,0,56503,20781,19748,0,5535,28954,29800,0,45489,47546,60647,0,33528,38069
91.303,0,1,1,1,0,17140,0.4858347860799464,63,2500,21038,0,54109,27242,63638,0,29098,31398,35518,0,601,6224,24615,0,17323,30129
91.323,1,1,25,1,1,4744,0.47955965909090914,57,2500,7919,0,56503,20781,19748,0,5535,28954,29800,0,45489,47546,60647,0,33528,38069
91.34,0,1,1,1,0,17106,0.48512965576633255,62,2500,21038,0,54109,27242,63638,0,29098,31398,35518,0,601,6224,24615,0,17323,30129
91.36,1,1,25,1,1,4840,0.47976846590909095,58,2500,7919,0,56503,20781,19748,0,5535,28954,29800,0,45489,47546,60647,0,33528,38069
91.377,0,1,1,1,0,16894,0.48359118962753866,62,2500,21038,0,54109,27242,63638,0,29098,31398,35518,0,601,6224,24615,0,17323,30129
91.397,1,1,25,1,1,4992,0.4817173295454546,58,2500,7919,0,56503,20781,19748,0,5535,28954,29800,0,45489,47546,60647,0,33528,38069
91.414,0,1,1,1,0,16977,0.48307836758127404,62,2500,21038,0,54109,27242,63638,0,29098,31398,35518,0,601,6224,24615,0,17323,30129
91.434,1,1,25,1,1,5220,0.48408380681818186,58,2500,7919,0,56503,20781,19748,0,5535,28954,29800,0,45489,47546,60647,0,33528,38069
91.451,0,1,1,1,0,17141,0.4829501620697079,63,2500,21038,0,54109,27242,63638,0,29098,31398,35518,0,601,6224,24615,0,17323,30129
91.471,1,1,25,1,1,5530,0.487424715909091,58,2500,7919,0,56503,20781,19748,0,5535,28954,29800,0,45489,47546,60647,0,33528,38069
91.488,0,1,1,1,0,16950,0.4811552849077817,62,2500,21038,0,54109,27242,63638,0,29098,31398,35518,0,601,6224,24615,0,17323,30129
91.508,1,1,25,1,1,5838,0.4916008522727273,58,2500,7919,0,56503,20781,19748,0,5535,28954,29800,0,45489,47546,60647,0,33528,38069
91.525,0,1,1,1,0,17038,0.4815399014424802,62,2500,21038,0,54109,27242,63638,0,29098,31398,35518,0,601,6224,24615,0,17323,30129
91.545,1,1,25,1,1,6066,0.4938977272727273,58,2500,7919,0,56503,20781,19748,0,5535,28954,29800,0,45489,47546,60647,0,33528,38069
91.562,0,1,1,1,0,16894,0.48045015459416784,62,2500,21038,0,54109,27242,63638,0,29098,31398,35518,0,601,6224,24615,0,17323,30129
91.582,1,1,25,1,1,6225,0.4952201704545455,58,2500,7919,0,56503,20781,19748,0,5535,28954,29800,0,45489,47546,60647,0,33528,38069
91.599,0,1,1,1,0,16907,0.4802578463268186,62,2500,21038,0,54109,27242,63638,0,29098,31398,35518,0,601,6224,24615,0,17323,30129
91.619,1,1,25,1,1,6367,0.4972386363636364,58,2500,7919,0,56503,20781,19748,0,5535,28954,29800,0,45489,47546,60647,0,33528,38069
91.636,0,1,1,1,0,17087,0.4801296408152525,64,2500,21038,0,54109,27242,63638,0,29098,31398,35518,0,601,6224,24615,0,17323,30129
91.656,1,1,25,1,1,6493,0.4983522727272728,58,2500,7919,0,56503,20781,19748,0,5535,28954,29800,0,45489,47546,60647,0,33528,38069
91.673,0,1,1,1,0,17063,0.47936040774585553,64,2500,21038,0,54109,27242,63638,0,29098,31398,35518,0,601,6224,24615,0,17323,30129
91.693,1,1,25,1,1,6696,0.5000227272727273,58,2500,7919,0,56503,20781,19748,0,5535,28954,29800,0,45489,47546,60647,0,33528,38069
91.71,0,1,1,1,0,16995,0.47820655814176016,62,2500,21038,0,54109,27242,63638,0,29098,31398,35518,0,601,6224,24615,0,17323,30129
91.73,1,1,25,1,1,6785,0.5007187500000001,58,2500,7919,0,56503,20781,19748,0,5535,28954,29800,0,45489,47546,60647,0,33528,38069
91.747,0,1,1,1,0,16944,0.47801424987441093,62,2500,21038,0,54109,27242,63638,0,29098,31398,35518,0,601,6224,24615,0,17323,30129
91.767,1,1,25,1,1,6824,0.5007883522727273,58,2500,7919,0,56503,20781,19748,0,5535,28954,29800,0,45489,47546,60647,0,33528,38069
91.784,0,1,1,1,0,17141,0.47903989396694013,63,2500,21038,0,54109,27242,63638,0,29098,31398,35518,0,601,6224,24615,0,17323,30129
91.804,1,1,25,1,1,6905,0.5009971590909091,58,2500,7919,0,56503,20781,19748,0,5535,28954,29800,0,45489,47546,60647,0,33528,38069
91.821,0,1,1,1,0,16914,0.478078352630194,62,2500,21038,0,54109,27242,63638,0,29098,31398,35518,0,601,6224,24615,0,17323,30129
91.841,1,1,25,1,1,6930,0.5006491477272728,58,2500,7919,0,56503,20781,19748,0,5535,28954,29800,0,45489,47546,60647,0,33528,38069
91.858,0,1,1,1,0,17164,0.4798091270363371,63,2500,21038,0,54109,27242,63638,0,29098,31398,35518,0,601,6224,24615,0,17323,30129
91.878,1,1,25,1,1,6833,0.49995312500000005,58,2500,7919,0,56503,20781,19748,0,5535,28954,29800,0,45489,47546,60647,0,33528,38069
91.895,0,1,1,1,0,17195,0.48051425734995096,63,2500,21038,0,54109,27242,63638,0,29098,31398,35518,0,601,6224,24615,0,17323,30129
91.915,1,1,25,1,1,6787,0.49939630681818187,58,2500,7919,0,56503,20781,19748,0,5535,28954,29800,0,45489,47546,60647,0,33528,38069
91.932,0,1,1,1,0,17106,0.48045015459416784,64,2500,21038,0,54109,27242,63638,0,29098,31398,35518,0,601,6224,24615,0,17323,30129
91.952,1,1,25,1,1,6748,0.4986306818181819,58,2500,7919,0,56503,20781,19748,0,5535,28954,29800,0,45489,47546,60647,0,33528,38069
91.969,0,1,1,1,0,17135,0.4808988738846494,64,2500,21038,0,54109,27242,63638,0,29098,31398,35518,0,601,6224,24615,0,17323,30129
91.989,1,1,25,1,1,6742,0.49765625,58,2500,7919,0,56503,20781,19748,0,5535,28954,29800,0,45489,47546,60647,0,33528,38069
92.006,0,1,1,1,0,17106,0.4808988738846494,64,2500,21038,0,54109,27242,63638,0,29098,31398,35518,0,601,6224,24615,0,17323,30129
92.026,1,1,25,1,1,6738,0.4972386363636364,58,2500,7919,0,56503,20781,19748,0,5535,28954,29800,0,45489,47546,60647,0,33528,38069
92.043,0,1,1,1,0,17166,0.4814757986866971,63,2500,21038,0,54109,27242,63638,0,29098,31398,35518,0,601,6224,24615,0,17323,30129
92.063,1,1,25,1,1,6814,0.4968210227272728,58,2500,7919,0,56503,20781,19748,0,5535,28954,29800,0,45489,47546,60647,0,33528,38069
92.08,0,1,1,1,0,17064,0.4807065656173002,64,2500,21038,0,54109,27242,63638,0,29098,31398,35518,0,601,6224,24615,0,17323,30129
92.1,1,1,25,1,1,6814,0.4967514204545455,58,2500,7919,0,56503,20781,19748,0,5535,28954,29800,0,45489,47546,60647,0,33528,38069
92.117,0,1,1,1,0,17141,0.4811552849077817,63,2500,21038,0,54109,27242,63638,0,29098,31398,35518,0,601,6224,24615,0,17323,30129
92.136,1,1,25,1,1,6852,0.49633380681818184,58,2500,7919,0,56503,20781,19748,0,5535,28954,29800,0,45489,47546,60647,0,33528,38069
92.154,0,1,1,1,0,16957,0.4801296408152525,62,2500,21038,0,54109,27242,63638,0,29098,31398,35518,0,601,6224,24615,0,17323,30129
92.173,1,1,25,1,1,6817,0.49584659090909095,58,2500,7919,0,56503,20781,19748,0,5535,28954,29800,0,45489,47546,60647,0,33528,38069
92.191,0,1,1,1,0,17112,0.48077066837308324,62,2500,21038,0,54109,27242,63638,0,29098,31398,35518,0,601,6224,24615,0,17323,30129
92.21,1,1,25,1,1,6812,0.4957073863636364,58,2500,7919,0,56503,20781,19748,0,5535,28954,29800,0,45489,47546,60647,0,33528,38069
92.228,0,1,1,1,0,16957,0.4802578463268186,62,2500,21038,0,54109,27242,63638,0,29098,31398,35518,0,601,6224,24615,0,17323,30129
92.247,1,1,25,1,1,6784,0.49535937500000005,58,2500,7919,0,56503,20781,19748,0,5535,28954,29800,0,45489,47546,60647,0,33528,38069
92.265,0,1,1,1,0,17141,0.4811552849077817,63,2500,21038,0,54109,27242,63638,0,29098,31398,35518,0,601,6224,24615,0,17323,30129
92.284,1,1,25,1,1,6807,0.49508096590909095,58,2500,7919,0,56503,20781,19748,0,5535,28954,29800,0,45489,47546,60647,0,33528,38069
92.302,0,1,1,1,0,17141,0.4808988738846494,63,2500,21038,0,54109,27242,63638,0,29098,31398,35518,0,601,6224,24615,0,17323,30129
92.321,1,1,25,1,1,6896,0.49549857954545456,58,2500,7919,0,56503,20781,19748,0,5535,28954,29800,0,45489,47546,60647,0,33528,38069
92.339,0,1,1,1,0,17141,0.48077066837308324,63,2500,21038,0,54109,27242,63638,0,29098,31398,35518,0,601,6224,24615,0,17323,30129
92.358,1,1,25,1,1,6890,0.49535937500000005,58,2500,7919,0,56503,20781,19748,0,5535,28954,29800,0,45489,47546,60647,0,33528,38069
92.376,0,1,1,1,0,17141,0.4803860518383848,63,2500,21038,0,54109,27242,63638,0,29098,31398,35518,0,601,6224,24615,0,17323,30129
92.395,1,1,25,1,1,6910,0.49563778409090914,58,2500,7919,0,56503,20781,19748,0,5535,28954,29800,0,45489,47546,60647,0,33528,38069
92.413,0,1,1,1,0,17040,0.47936040774585553,64,2500,21038,0,54109,27242,63638,0,29098,31398,35518,0,601,6224,24615,0,17323,30129
92.432,1,1,25,1,1,6941,0.4962642045454546,58,2500,7919,0,56503,20781,19748,0,5535,28954,29800,0,45489,47546,60647,0,33528,38069
92.45,0,1,1,1,0,16930,0.4778219416070617,62,2500,21038,0,54109,27242,63638,0,29098,31398,35518,0,601,6224,24615,0,17323,30129
92.469,1,1,25,1,1,7010,0.4969602272727273,58,2500,7919,0,56503,20781,19748,0,5535,28954,29800,0,45489,47546,60647,0,33528,38069
92.487,0,1,1,1,0,16972,0.4769886057818817,62,2500,21038,0,54109,27242,63638,0,29098,31398,35518,0,601,6224,24615,0,17323,30129
92.506,1,1,25,1,1,7147,0.4977954545454546,58,2500,7919,0,56503,20781,19748,0,5535,28954,29800,0,45489,47546,60647,0,33528,38069
92.524,0,1,1,1,0,17092,0.4771809140492309,64,2500,21038,0,54109,27242,63638,0,29098,31398,35518,0,601,6224,24615,0,17323,30129
92.543,1,1,25,1,1,7310,0.4985610795454546,58,2500,7919,0,56503,20781,19748,0,5535,28954,29800,0,45489,47546,60647,0,33528,38069
92.561,0,1,1,1,0,17144,0.47769373609549554,64,2500,21038,0,54109,27242,63638,0,29098,31398,35518,0,601,6224,24615,0,17323,30129
92.58,1,1,25,1,1,7359,0.49939630681818187,58,2500,7919,0,56503,20781,19748,0,5535,28954,29800,0,45489,47546,60647,0,33528,38069
92.598,0,1,1,1,0,17164,0.47846296916489245,63,2500,21038,0,54109,27242,63638,0,29098,31398,35518,0,601,6224,24615,0,17323,30129
92.617,1,1,25,1,1,7570,0.5001619318181819,58,2500,7919,0,56503,20781,19748,0,5535,28954,29800,0,45489,47546,60647,0,33528,38069
92.635,0,1,1,1,0,17195,0.47968092152477093,63,2500,21038,0,54109,27242,63638,0,29098,31398,35518,0,601,6224,24615,0,17323,30129
92.654,1,1,25,1,1,7736,0.5015539772727273,58,2500,7919,0,56503,20781,19748,0,5535,28954,29800,0,45489,47546,60647,0,33528,38069
92.672,0,1,1,1,0,17195,0.480578360105734,63,2500,21038,0,54109,27242,63638,0,29098,31398,35518,0,601,6224,24615,0,17323,30129
92.691,1,1,25,1,1,7883,0.5027372159090909,58,2500,7919,0,56503,20781,19748,0,5535,28954,29800,0,45489,47546,60647,0,33528,38069
92.709,0,1,1,1,0,17195,0.4815399014424802,63,2500,21038,0,54109,27242,63638,0,29098,31398,35518,0,601,6224,24615,0,17323,30129
92.728,1,1,25,1,1,8095,0.5046164772727273,58,2500,7919,0,56503,20781,19748,0,5535,28954,29800,0,45489,47546,60647,0,33528,38069
92.746,0,1,1,1,0,17165,0.4817963124656125,63,2500,21038,0,54109,27242,63638,0,29098,31398,35518,0,601,6224,24615,0,17323,30129
92.765,1,1,25,1,1,8239,0.506078125,59,2500,7919,0,56503,20781,19748,0,5535,28954,29800,0,45489,47546,60647,0,33528,38069
92.783,0,1,1,1,0,17196,0.4821168262445279,63,2500,21038,0,54109,27242,63638,0,29098,31398,35518,0,601,6224,24615,0,17323,30129
92.802,1,1,25,1,1,8491,0.507609375,59,2500,7919,0,56503,20781,19748,0,5535,28954,29800,0,45489,47546,60647,0,33528,38069
92.82,0,1,1,1,0,17195,0.48192451797717867,63,2500,21038,0,54109,27242,63638,0,29098,31398,35518,0,601,6224,24615,0,17323,30129
92.839,1,1,25,1,1,8695,0.5084446022727274,59,2500,7919,0,56503,20781,19748,0,5535,28954,29800,0,45489,47546,60647,0,33528,38069
92.857,0,1,1,1,0,17107,0.48141169593091404,64,2500,21038,0,54109,27242,63638,0,29098,31398,35518,0,601,6224,24615,0,17323,30129
92.876,1,1,25,1,1,8891,0.5087230113636364,59,2500,7919,0,56503,20781,19748,0,5535,28954,29800,0,45489,47546,60647,0,33528,38069
92.894,0,1,1,1,0,16903,0.47968092152477093,62,2500,21038,0,54109,27242,63638,0,29098,31398,35518,0,601,6224,24615,0,17323,30129
92.913,1,1,25,1,1,9008,0.5090014204545456,58,2500,7919,0,56503,20781,19748,0,5535,28954,29800,0,45489,47546,60647,0,33528,38069
92.931,0,1,1,1,0,17046,0.47910399672272325,64,2500,21038,0,54109,27242,63638,0,29098,31398,35518,0,601,6224,24615,0,17323,30129
92.95,1,1,25,1,1,9079,0.5087926136363636,59,2500,7919,0,56503,20781,19748,0,5535,28954,29800,0,45489,47546,60647,0,33528,38069
92.968,0,1,1,1,0,16900,0.4778219416070617,62,2500,21038,0,54109,27242,63638,0,29098,31398,35518,0,601,6224,24615,0,17323,30129
92.987,1,1,25,1,1,9044,0.5082357954545454,59,2500,7919,0,56503,20781,19748,0,5535,28954,29800,0,45489,47546,60647,0,33528,38069
93.005,0,1,1,1,0,17195,0.4785911746764586,63,2500,21038,0,54109,27242,63638,0,29098,31398,35518,0,601,6224,24615,0,17323,30129
93.024,1,1,25,1,1,8924,0.5075397727272728,59,2500,7919,0,56503,20781,19748,0,5535,28954,29800,0,45489,47546,60647,0,33528,38069
93.042,0,1,1,1,0,17109,0.478078352630194,64,2500,21038,0,54109,27242,63638,0,29098,31398,35518,0,601,6224,24615,0,17323,30129
93.061,1,1,25,1,1,8745,0.5064261363636364,58,2500,7919,0,56503,20781,19748,0,5535,28954,29800,0,45489,47546,60647,0,33528,38069
93.079,0,1,1,1,0,17109,0.4782706608975432,64,2500,21038,0,54109,27242,63638,0,29098,31398,35518,0,601,6224,24615,0,17323,30129
93.098,1,1,25,1,1,8627,0.5055213068181819,58,2500,7919,0,56503,20781,19748,0,5535,28954,29800,0,45489,47546,60647,0,33528,38069
93.116,0,1,1,1,0,17164,0.4798091270363371,63,2500,21038,0,54109,27242,63638,0,29098,31398,35518,0,601,6224,24615,0,17323,30129
93.135,1,1,25,1,1,8504,0.5045468750000001,58,2500,7919,0,56503,20781,19748,0,5535,28954,29800,0,45489,47546,60647,0,33528,38069
93.153,0,1,1,1,0,17144,0.48045015459416784,64,2500,21038,0,54109,27242,63638,0,29098,31398,35518,0,601,6224,24615,0,17323,30129
93.172,1,1,25,1,1,8390,0.5037116477272727,58,2500,7919,0,56503,20781,19748,0,5535,28954,29800,0,45489,47546,60647,0,33528,38069
93.19,0,1,1,1,0,17193,0.4823091345118771,63,2500,21038,0,54109,27242,63638,0,29098,31398,35518,0,601,6224,24615,0,17323,30129
93.209,1,1,25,1,1,8299,0.5033636363636365,58,2500,7919,0,56503,20781,19748,0,5535,28954,29800,0,45489,47546,60647,0,33528,38069
93.227,0,1,1,1,0,17193,0.4832065730928402,63,2500,21038,0,54109,27242,63638,0,29098,31398,35518,0,601,6224,24615,0,17323,30129
93.246,1,1,25,1,1,8221,0.5030156250000001,58,2500,7919,0,56503,20781,19748,0,5535,28954,29800,0,45489,47546,60647,0,33528,38069
93.264,0,1,1,1,0,17193,0.4842963199411525,63,2500,21038,0,54109,27242,63638,0,29098,31398,35518,0,601,6224,24615,0,17323,30129
93.283,1,1,25,1,1,8195,0.5032940340909091,58,2500,7919,0,56503,20781,19748,0,5535,28954,29800,0,45489,47546,60647,0,33528,38069
93.3,0,1,1,1,0,17165,0.4846168337200679,63,2500,21038,0,54109,27242,63638,0,29098,31398,35518,0,601,6224,24615,0,17323,30129
93.32,1,1,25,1,1,8064,0.5029460227272727,58,2500,7919,0,56503,20781,19748,0,5535,28954,29800,0,45489,47546,60647,0,33528,38069
93.337,0,1,1,1,0,17196,0.4849373474989833,63,2500,21038,0,54109,27242,63638,0,29098,31398,35518,0,601,6224,24615,0,17323,30129
93.357,1,1,25,1,1,7877,0.5030156250000001,58,2500,7919,0,56503,20781,19748,0,5535,28954,29800,0,45489,47546,60647,0,33528,38069
93.374,0,1,1,1,0,17195,0.4850014502547664,63,2500,21038,0,54109,27242,63638,0,29098,31398,35518,0,601,6224,24615,0,17323,30129
93.394,1,1,25,1,1,7802,0.5027372159090909,58,2500,7919,0,56503,20781,19748,0,5535,28954,29800,0,45489,47546,60647,0,33528,38069
93.411,0,1,1,1,0,17213,0.48480914198741715,63,2500,21038,0,54109,27242,63638,0,29098,31398,35518,0,601,6224,24615,0,17323,30129
93.431,1,1,25,1,1,7645,0.5027372159090909,58,2500,7919,0,56503,20781,19748,0,5535,28954,29800,0,45489,47546,60647,0,33528,38069
93.448,0,1,1,1,0,17223,0.484680936475851,63,2500,21038,0,54109,27242,63638,0,29098,31398,35518,0,601,6224,24615,0,17323,30129
93.468,1,1,25,1,1,7600,0.5029460227272727,58,2500,7919,0,56503,20781,19748,0,5535,28954,29800,0,45489,47546,60647,0,33528,38069
93.485,0,1,1,1,0,17225,0.48545016954524794,63,2500,21038,0,54109,27242,63638,0,29098,31398,35518,0,601,6224,24615,0,17323,30129
93.505,1,1,25,1,1,7625,0.5032940340909091,58,2500,7919,0,56503,20781,19748,0,5535,28954,29800,0,45489,47546,60647,0,33528,38069
93.522,0,1,1,1,0,17213,0.48480914198741715,63,2500,21038,0,54109,27242,63638,0,29098,31398,35518,0,601,6224,24615,0,17323,30129
93.542,1,1,25,1,1,7643,0.5036420454545455,58,2500,7919,0,56503,20781,19748,0,5535,28954,29800,0,45489,47546,60647,0,33528,38069
93.559,0,1,1,1,0,17223,0.4851937585221156,63,2500,21038,0,54109,27242,63638,0,29098,31398,35518,0,601,6224,24615,0,17323,30129
93.579,1,1,25,1,1,7699,0.5039900568181819,58,2500,7919,0,56503,20781,19748,0,5535,28954,29800,0,45489,47546,60647,0,33528,38069
93.596,0,1,1,1,0,17228,0.48455273096428486,63,2500,21038,0,54109,27242,63638,0,29098,31398,35518,0,601,6224,24615,0,17323,30129
93.616,1,1,25,1,1,7695,0.5039204545454546,58,2500,7919,0,56503,20781,19748,0,5535,28954,29800,0,45489,47546,60647,0,33528,38069
93.633,0,1,1,1,0,17228,0.4844245254527187,63,2500,21038,0,54109,27242,63638,0,29098,31398,35518,0,601,6224,24615,0,17323,30129
93.653,1,1,25,1,1,7655,0.5036420454545455,58,2500,7919,0,56503,20781,19748,0,5535,28954,29800,0,45489,47546,60647,0,33528,38069
93.67,0,1,1,1,0,17230,0.4850014502547664,63,2500,21038,0,54109,27242,63638,0,29098,31398,35518,0,601,6224,24615,0,17323,30129
93.69,1,1,25,1,1,7585,0.5029460227272727,58,2500,7919,0,56503,20781,19748,0,5535,28954,29800,0,45489,47546,60647,0,33528,38069
93.707,0,1,1,1,0,17230,0.48448862820850175,63,2500,21038,0,54109,27242,63638,0,29098,31398,35518,0,601,6224,24615,0,17323,30129
93.727,1,1,25,1,1,7435,0.5019715909090909,58,2500,7919,0,56503,20781,19748,0,5535,28954,29800,0,45489,47546,60647,0,33528,38069
93.744,0,1,1,1,0,17230,0.4850655530105495,63,2500,21038,0,54109,27242,63638,0,29098,31398,35518,0,601,6224,24615,0,17323,30129
93.764,1,1,25,1,1,7224,0.5012755681818182,58,2500,7919,0,56503,20781,19748,0,5535,28954,29800,0,45489,47546,60647,0,33528,38069
93.781,0,1,1,1,0,16807,0.48205272348874484,61,2500,21038,0,54109,27242,63638,0,29098,31398,35518,0,601,6224,24615,0,17323,30129
93.801,1,1,25,1,1,7103,0.5007187500000001,58,2500,7919,0,56503,20781,19748,0,5535,28954,29800,0,45489,47546,60647,0,33528,38069
93.818,0,1,1,1,0,17228,0.48538606678946483,63,2500,21038,0,54109,27242,63638,0,29098,31398,35518,0,601,6224,24615,0,17323,30129
93.838,1,1,25,1,1,6996,0.5003011363636364,58,2500,7919,0,56503,20781,19748,0,5535,28954,29800,0,45489,47546,60647,0,33528,38069
93.855,0,1,1,1,0,16856,0.48282195655814175,62,2500,21038,0,54109,27242,63638,0,29098,31398,35518,0,601,6224,24615,0,17323,30129
93.875,1,1,25,1,1,6945,0.4998139204545455,58,2500,7919,0,56503,20781,19748,0,5535,28954,29800,0,45489,47546,60647,0,33528,38069
93.892,0,1,1,1,0,17228,0.485514272301031,63,2500,21038,0,54109,27242,63638,0,29098,31398,35518,0,601,6224,24615,0,17323,30129
93.912,1,1,25,1,1,6876,0.4990482954545455,58,2500,7919,0,56503,20781,19748,0,5535,28954,29800,0,45489,47546,60647,0,33528,38069
93.929,0,1,1,1,0,17228,0.4856424778125972,63,2500,21038,0,54109,27242,63638,0,29098,31398,35518,0,601,6224,24615,0,17323,30129
93.949,1,1,25,1,1,6705,0.49765625,58,2500,7919,0,56503,20781,19748,0,5535,28954,29800,0,45489,47546,60647,0,33528,38069
93.966,0,1,1,1,0,17228,0.485514272301031,63,2500,21038,0,54109,27242,63638,0,29098,31398,35518,0,601,6224,24615,0,17323,30129
93.986,1,1,25,1,1,6557,0.49640340909090913,58,2500,7919,0,56503,20781,19748,0,5535,28954,29800,0,45489,47546,60647,0,33528,38069
94.003,0,1,1,1,0,17228,0.485514272301031,63,2500,21038,0,54109,27242,63638,0,29098,31398,35518,0,601,6224,24615,0,17323,30129
94.023,1,1,25,1,1,6392,0.49563778409090914,58,2500,7919,0,56503,20781,19748,0,5535,28954,29800,0,45489,47546,60647,0,33528,38069
94.04,0,1,1,1,0,17228,0.485514272301031,63,2500,21038,0,54109,27242,63638,0,29098,31398,35518,0,601,6224,24615,0,17323,30129
94.06,1,1,25,1,1,6360,0.49515056818181824,57,2500,7919,0,56503,20781,19748,0,5535,28954,29800,0,45489,47546,60647,0,33528,38069
94.077,0,1,1,1,0,17228,0.4856424778125972,63,2500,21038,0,54109,27242,63638,0,29098,31398,35518,0,601,6224,24615,0,17323,30129
94.097,1,1,25,1,1,6337,0.49501136363636367,57,2500,7919,0,56503,20781,19748,0,5535,28954,29800,0,45489,47546,60647,0,33528,38069
94.114,0,1,1,1,0,17230,0.4849373474989833,63,2500,21038,0,54109,27242,63638,0,29098,31398,35518,0,601,6224,24615,0,17323,30129
94.134,1,1,25,1,1,6348,0.49494176136363643,57,2500,7919,0,56503,20781,19748,0,5535,28954,29800,0,45489,47546,60647,0,33528,38069
94.151,0,1,1,1,0,17228,0.48403990891802023,63,2500,21038,0,54109,27242,63638,0,29098,31398,35518,0,601,6224,24615,0,17323,30129
94.171,1,1,25,1,1,6325,0.4944545454545455,57,2500,7919,0,56503,20781,19748,0,5535,28954,29800,0,45489,47546,60647,0,33528,38069
94.188,0,1,1,1,0,17118,0.4832065730928402,62,2500,21038,0,54109,27242,63638,0,29098,31398,35518,0,601,6224,24615,0,17323,30129
94.208,1,1,25,1,1,6321,0.49410653409090916,57,2500,7919,0,56503,20781,19748,0,5535,28954,29800,0,45489,47546,60647,0,33528,38069
94.225,0,1,1,1,0,17230,0.4835270868717556,63,2500,21038,0,54109,27242,63638,0,29098,31398,35518,0,601,6224,24615,0,17323,30129
94.245,1,1,25,1,1,6291,0.4939673295454546,57,2500,7919,0,56503,20781,19748,0,5535,28954,29800,0,45489,47546,60647,0,33528,38069
94.262,0,1,1,1,0,17223,0.4828860593139248,63,2500,21038,0,54109,27242,63638,0,29098,31398,35518,0,601,6224,24615,0,17323,30129
94.282,1,1,25,1,1,6222,0.4934105113636364,57,2500,7919,0,56503,20781,19748,0,5535,28954,29800,0,45489,47546,60647,0,33528,38069
94.299,0,1,1,1,0,17213,0.4826937510465756,63,2500,21038,0,54109,27242,63638,0,29098,31398,35518,0,601,6224,24615,0,17323,30129
94.319,1,1,25,1,1,6152,0.4929928977272728,57,2500,7919,0,56503,20781,19748,0,5535,28954,29800,0,45489,47546,60647,0,33528,38069
94.336,0,1,1,1,0,17223,0.4826937510465756,63,2500,21038,0,54109,27242,63638,0,29098,31398,35518,0,601,6224,24615,0,17323,30129
94.356,1,1,25,1,1,6069,0.4923664772727273,57,2500,7919,0,56503,20781,19748,0,5535,28954,29800,0,45489,47546,60647,0,33528,38069
94.373,0,1,1,1,0,17213,0.4829501620697079,63,2500,21038,0,54109,27242,63638,0,29098,31398,35518,0,601,6224,24615,0,17323,30129
94.393,1,1,25,1,1,6010,0.49174005681818184,57,2500,7919,0,56503,20781,19748,0,5535,28954,29800,0,45489,47546,60647,0,33528,38069
94.41,0,1,1,1,0,17195,0.4828860593139248,63,2500,21038,0,54109,27242,63638,0,29098,31398,35518,0,601,6224,24615,0,17323,30129
94.43,1,1,25,1,1,5912,0.49153125000000003,57,2500,7919,0,56503,20781,19748,0,5535,28954,29800,0,45489,47546,60647,0,33528,38069
94.447,0,1,1,1,0,17213,0.48339888136018944,63,2500,21038,0,54109,27242,63638,0,29098,31398,35518,0,601,6224,24615,0,17323,30129
94.467,1,1,25,1,1,5862,0.4913224431818182,57,2500,7919,0,56503,20781,19748,0,5535,28954,29800,0,45489,47546,60647,0,33528,38069
94.484,0,1,1,1,0,17195,0.483014264825491,63,2500,21038,0,54109,27242,63638,0,29098,31398,35518,0,601,6224,24615,0,17323,30129
94.504,1,1,25,1,1,5784,0.4906264204545455,57,2500,7919,0,56503,20781,19748,0,5535,28954,29800,0,45489,47546,60647,0,33528,38069
94.521,0,1,1,1,0,17135,0.4827578538023587,64,2500,21038,0,54109,27242,63638,0,29098,31398,35518,0,601,6224,24615,0,17323,30129
94.541,1,1,25,1,1,5723,0.49041761363636366,57,2500,7919,0,56503,20781,19748,0,5535,28954,29800,0,45489,47546,60647,0,33528,38069
94.558,0,1,1,1,0,17195,0.48346298411597255,63,2500,21038,0,54109,27242,63638,0,29098,31398,35518,0,601,6224,24615,0,17323,30129
94.578,1,1,25,1,1,5659,0.49013920454545457,57,2500,7919,0,56503,20781,19748,0,5535,28954,29800,0,45489,47546,60647,0,33528,38069
94.595,0,1,1,1,0,16894,0.48160400419826327,62,2500,21038,0,54109,27242,63638,0,29098,31398,35518,0,601,6224,24615,0,17323,30129
94.615,1,1,25,1,1,5590,0.48972159090909095,57,2500,7919,0,56503,20781,19748,0,5535,28954,29800,0,45489,47546,60647,0,33528,38069
94.632,0,1,1,1,0,17083,0.4833347786044064,64,2500,21038,0,54109,27242,63638,0,29098,31398,35518,0,601,6224,24615,0,17323,30129
94.652,1,1,25,1,1,5505,0.4888863636363637,57,2500,7919,0,56503,20781,19748,0,5535,28954,29800,0,45489,47546,60647,0,33528,38069
94.669,0,1,1,1,0,17155,0.4841681144295864,64,2500,21038,0,54109,27242,63638,0,29098,31398,35518,0,601,6224,24615,0,17323,30129
