time[s],SensorID,event,mask,tL.num_valid_targets,tL.reserved,tL.targets[0].amplitude,tL.targets[0].range,tL.targets[0].reserved[0],tL.targets[0].reserved[1],tL.targets[1].amplitude,tL.targets[1].range,tL.targets[1].reserved[0],tL.targets[1].reserved[1],tL.targets[2].amplitude,tL.targets[2].range,tL.targets[2].reserved[0],tL.targets[2].reserved[1],tL.targets[3].amplitude,tL.targets[3].range,tL.targets[3].reserved[0],tL.targets[3].reserved[1],tL.targets[4].amplitude,tL.targets[4].range,tL.targets[4].reserved[0],tL.targets[4].reserved[1]
363.961,1,1,25,1,1,7666,0.47942045454545457,55,2500,7919,0,40375,20783,19812,0,5527,28698,29800,0,45489,47546,60647,0,33522,38069
363.978,0,1,1,1,0,17182,0.47793543960971413,61,2500,16942,0,54109,27371,64150,0,29090,31398,35518,0,89,6224,24871,0,17323,30129
363.998,1,1,25,1,1,7848,0.47942045454545457,55,2500,7919,0,40375,20783,19812,0,5527,28698,29800,0,45489,47546,60647,0,33522,38069
364.015,0,1,1,1,0,17211,0.4780636067965228,61,2500,16942,0,54109,27371,64150,0,29090,31398,35518,0,89,6224,24871,0,17323,30129
364.035,1,1,25,1,1,7988,0.47955965909090914,55,2500,7919,0,40375,20783,19812,0,5527,28698,29800,0,45489,47546,60647,0,33522,38069
364.052,0,1,1,1,0,17190,0.4780636067965228,61,2500,16942,0,54109,27371,64150,0,29090,31398,35518,0,89,6224,24871,0,17323,30129
364.072,1,1,25,1,1,8142,0.47969886363636366,55,2500,7919,0,40375,20783,19812,0,5527,28698,29800,0,45489,47546,60647,0,33522,38069
364.089,0,1,1,1,0,17200,0.4780636067965228,61,2500,16942,0,54109,27371,64150,0,29090,31398,35518,0,89,6224,24871,0,17323,30129
364.109,1,1,25,1,1,8253,0.4799076704545455,55,2500,7919,0,40375,20783,19812,0,5527,28698,29800,0,45489,47546,60647,0,33522,38069
364.126,0,1,1,1,0,17212,0.4781276903899272,61,2500,16942,0,54109,27371,64150,0,29090,31398,35518,0,89,6224,24871,0,17323,30129
364.146,1,1,25,1,1,8296,0.4799076704545455,56,2500,7919,0,40375,20783,19812,0,5527,28698,29800,0,45489,47546,60647,0,33522,38069
364.163,0,1,1,1,0,17200,0.4780636067965228,61,2500,16942,0,54109,27371,64150,0,29090,31398,35518,0,89,6224,24871,0,17323,30129
364.183,1,1,25,1,1,8335,0.4801860795454546,56,2500,7919,0,40375,20783,19812,0,5527,28698,29800,0,45489,47546,60647,0,33522,38069
364.2,0,1,1,1,0,17183,0.4780636067965228,61,2500,16942,0,54109,27371,64150,0,29090,31398,35518,0,89,6224,24871,0,17323,30129
364.22,1,1,25,1,1,8283,0.4801860795454546,55,2500,7919,0,40375,20783,19812,0,5527,28698,29800,0,45489,47546,60647,0,33522,38069
364.237,0,1,1,1,0,17200,0.4781276903899272,61,2500,16942,0,54109,27371,64150,0,29090,31398,35518,0,89,6224,24871,0,17323,30129
364.257,1,1,25,1,1,8240,0.4801860795454546,55,2500,7919,0,40375,20783,19812,0,5527,28698,29800,0,45489,47546,60647,0,33522,38069
364.274,0,1,1,1,0,17188,0.4782558575767359,61,2500,16942,0,54109,27371,64150,0,29090,31398,35518,0,89,6224,24871,0,17323,30129
364.294,1,1,25,1,1,8314,0.48025568181818185,55,2500,7919,0,40375,20783,19812,0,5527,28698,29800,0,45489,47546,60647,0,33522,38069
364.311,0,1,1,1,0,17188,0.47831994117014026,61,2500,16942,0,54109,27371,64150,0,29090,31398,35518,0,89,6224,24871,0,17323,30129
364.331,1,1,25,1,1,8330,0.48025568181818185,56,2500,7919,0,40375,20783,19812,0,5527,28698,29800,0,45489,47546,60647,0,33522,38069
364.348,0,1,1,1,0,17222,0.4782558575767359,60,2500,16942,0,54109,27371,64150,0,29090,31398,35518,0,89,6224,24871,0,17323,30129
364.368,1,1,25,1,1,8392,0.48025568181818185,56,2500,7919,0,40375,20783,19812,0,5527,28698,29800,0,45489,47546,60647,0,33522,38069
364.385,0,1,1,1,0,17190,0.478448108356949,61,2500,16942,0,54109,27371,64150,0,29090,31398,35518,0,89,6224,24871,0,17323,30129
364.405,1,1,25,1,1,8419,0.48032528409090913,56,2500,7919,0,40375,20783,19812,0,5527,28698,29800,0,45489,47546,60647,0,33522,38069
364.422,0,1,1,1,0,17211,0.47838402476354464,61,2500,16942,0,54109,27371,64150,0,29090,31398,35518,0,89,6224,24871,0,17323,30129
364.442,1,1,25,1,1,8332,0.4801860795454546,55,2500,7919,0,40375,20783,19812,0,5527,28698,29800,0,45489,47546,60647,0,33522,38069
364.459,0,1,1,1,0,17210,0.47838402476354464,60,2500,16942,0,54109,27371,64150,0,29090,31398,35518,0,89,6224,24871,0,17323,30129
364.479,1,1,25,1,1,8300,0.48004687500000004,55,2500,7919,0,40375,20783,19812,0,5527,28698,29800,0,45489,47546,60647,0,33522,38069
364.496,0,1,1,1,0,17211,0.4785121919503533,61,2500,16942,0,54109,27371,64150,0,29090,31398,35518,0,89,6224,24871,0,17323,30129
364.516,1,1,25,1,1,8187,0.4799076704545455,55,2500,7919,0,40375,20783,19812,0,5527,28698,29800,0,45489,47546,60647,0,33522,38069
364.533,0,1,1,1,0,17184,0.47838402476354464,61,2500,16942,0,54109,27371,64150,0,29090,31398,35518,0,89,6224,24871,0,17323,30129
364.553,1,1,25,1,1,8130,0.47976846590909095,55,2500,7919,0,40375,20783,19812,0,5527,28698,29800,0,45489,47546,60647,0,33522,38069
364.57,0,1,1,1,0,17222,0.4785121919503533,60,2500,16942,0,54109,27371,64150,0,29090,31398,35518,0,89,6224,24871,0,17323,30129
364.59,1,1,25,1,1,8121,0.47969886363636366,56,2500,7919,0,40375,20783,19812,0,5527,28698,29800,0,45489,47546,60647,0,33522,38069
364.607,0,1,1,1,0,17190,0.47831994117014026,61,2500,16942,0,54109,27371,64150,0,29090,31398,35518,0,89,6224,24871,0,17323,30129
364.627,1,1,25,1,1,8122,0.47969886363636366,56,2500,7919,0,40375,20783,19812,0,5527,28698,29800,0,45489,47546,60647,0,33522,38069
364.644,0,1,1,1,0,17211,0.478448108356949,61,2500,16942,0,54109,27371,64150,0,29090,31398,35518,0,89,6224,24871,0,17323,30129
364.664,1,1,25,1,1,8125,0.47949005681818185,56,2500,7919,0,40375,20783,19812,0,5527,28698,29800,0,45489,47546,60647,0,33522,38069
364.681,0,1,1,1,0,17222,0.4785121919503533,60,2500,16942,0,54109,27371,64150,0,29090,31398,35518,0,89,6224,24871,0,17323,30129
364.701,1,1,25,1,1,8154,0.47949005681818185,56,2500,7919,0,40375,20783,19812,0,5527,28698,29800,0,45489,47546,60647,0,33522,38069
364.718,0,1,1,1,0,17210,0.4785762755437577,60,2500,16942,0,54109,27371,64150,0,29090,31398,35518,0,89,6224,24871,0,17323,30129
364.738,1,1,25,1,1,8223,0.47949005681818185,56,2500,7919,0,40375,20783,19812,0,5527,28698,29800,0,45489,47546,60647,0,33522,38069
364.755,0,1,1,1,0,17167,0.4785121919503533,61,2500,16942,0,54109,27371,64150,0,29090,31398,35518,0,89,6224,24871,0,17323,30129
364.775,1,1,25,1,1,8328,0.47955965909090914,56,2500,7919,0,40375,20783,19812,0,5527,28698,29800,0,45489,47546,60647,0,33522,38069
364.792,0,1,1,1,0,17190,0.4786403591371621,60,2500,16942,0,54109,27371,64150,0,29090,31398,35518,0,89,6224,24871,0,17323,30129
364.812,1,1,25,1,1,8450,0.47976846590909095,56,2500,7919,0,40375,20783,19812,0,5527,28698,29800,0,45489,47546,60647,0,33522,38069
364.829,0,1,1,1,0,17162,0.4785762755437577,61,2500,16942,0,54109,27371,64150,0,29090,31398,35518,0,89,6224,24871,0,17323,30129
364.849,1,1,25,1,1,8527,0.4799076704545455,56,2500,7919,0,40375,20783,19812,0,5527,28698,29800,0,45489,47546,60647,0,33522,38069
364.866,0,1,1,1,0,17184,0.47883260991737514,61,2500,16942,0,54109,27371,64150,0,29090,31398,35518,0,89,6224,24871,0,17323,30129
364.886,1,1,25,1,1,8598,0.4801164772727273,56,2500,7919,0,40375,20783,19812,0,5527,28698,29800,0,45489,47546,60647,0,33522,38069
364.903,0,1,1,1,0,17213,0.47876852632397077,60,2500,16942,0,54109,27371,64150,0,29090,31398,35518,0,89,6224,24871,0,17323,30129
364.923,1,1,25,1,1,8621,0.48025568181818185,56,2500,7919,0,40375,20783,19812,0,5527,28698,29800,0,45489,47546,60647,0,33522,38069
364.94,0,1,1,1,0,17184,0.47876852632397077,61,2500,16942,0,54109,27371,64150,0,29090,31398,35518,0,89,6224,24871,0,17323,30129
364.96,1,1,25,1,1,8664,0.4803948863636364,56,2500,7919,0,40375,20783,19812,0,5527,28698,29800,0,45489,47546,60647,0,33522,38069
364.977,0,1,1,1,0,17190,0.47870444273056645,60,2500,16942,0,54109,27371,64150,0,29090,31398,35518,0,89,6224,24871,0,17323,30129
364.997,1,1,25,1,1,8708,0.48053409090909094,56,2500,7919,0,40375,20783,19812,0,5527,28698,29800,0,45489,47546,60647,0,33522,38069
365.014,0,1,1,1,0,17184,0.4786403591371621,61,2500,16942,0,54109,27371,64150,0,29090,31398,35518,0,89,6224,24871,0,17323,30129
365.034,1,1,25,1,1,8724,0.4806732954545455,56,2500,7919,0,40375,20783,19812,0,5527,28698,29800,0,45489,47546,60647,0,33522,38069
365.051,0,1,1,1,0,17125,0.4785762755437577,61,2500,16942,0,54109,27371,64150,0,29090,31398,35518,0,89,6224,24871,0,17323,30129
365.071,1,1,25,1,1,8801,0.4808821022727273,56,2500,7919,0,40375,20783,19812,0,5527,28698,29800,0,45489,47546,60647,0,33522,38069
365.088,0,1,1,1,0,17162,0.47870444273056645,61,2500,16942,0,54109,27371,64150,0,29090,31398,35518,0,89,6224,24871,0,17323,30129
365.108,1,1,25,1,1,8865,0.48081250000000003,56,2500,7919,0,40375,20783,19812,0,5527,28698,29800,0,45489,47546,60647,0,33522,38069
365.125,0,1,1,1,0,17094,0.4785121919503533,61,2500,16942,0,54109,27371,64150,0,29090,31398,35518,0,89,6224,24871,0,17323,30129
365.145,1,1,25,1,1,8923,0.48102130681818184,56,2500,7919,0,40375,20783,19812,0,5527,28698,29800,0,45489,47546,60647,0,33522,38069
365.162,0,1,1,1,0,17125,0.4786403591371621,61,2500,16942,0,54109,27371,64150,0,29090,31398,35518,0,89,6224,24871,0,17323,30129
365.182,1,1,25,1,1,8918,0.48102130681818184,56,2500,7919,0,40375,20783,19812,0,5527,28698,29800,0,45489,47546,60647,0,33522,38069
365.199,0,1,1,1,0,17185,0.4785121919503533,61,2500,16942,0,54109,27371,64150,0,29090,31398,35518,0,89,6224,24871,0,17323,30129
365.219,1,1,25,1,1,8916,0.4809517045454546,56,2500,7919,0,40375,20783,19812,0,5527,28698,29800,0,45489,47546,60647,0,33522,38069
365.236,0,1,1,1,0,17121,0.4785762755437577,61,2500,16942,0,54109,27371,64150,0,29090,31398,35518,0,89,6224,24871,0,17323,30129
365.256,1,1,25,1,1,8945,0.48102130681818184,56,2500,7919,0,40375,20783,19812,0,5527,28698,29800,0,45489,47546,60647,0,33522,38069
365.273,0,1,1,1,0,17190,0.4786403591371621,60,2500,16942,0,54109,27371,64150,0,29090,31398,35518,0,89,6224,24871,0,17323,30129
365.293,1,1,25,1,1,8905,0.48102130681818184,56,2500,7919,0,40375,20783,19812,0,5527,28698,29800,0,45489,47546,60647,0,33522,38069
365.31,0,1,1,1,0,17162,0.4785121919503533,61,2500,16942,0,54109,27371,64150,0,29090,31398,35518,0,89,6224,24871,0,17323,30129
365.33,1,1,25,1,1,8853,0.48081250000000003,56,2500,7919,0,40375,20783,19812,0,5527,28698,29800,0,45489,47546,60647,0,33522,38069
365.347,0,1,1,1,0,17114,0.4785762755437577,61,2500,16942,0,54109,27371,64150,0,29090,31398,35518,0,89,6224,24871,0,17323,30129
365.367,1,1,25,1,1,8739,0.4806732954545455,56,2500,7919,0,40375,20783,19812,0,5527,28698,29800,0,45489,47546,60647,0,33522,38069
365.384,0,1,1,1,0,17121,0.47838402476354464,61,2500,16942,0,54109,27371,64150,0,29090,31398,35518,0,89,6224,24871,0,17323,30129
365.404,1,1,25,1,1,8546,0.48025568181818185,56,2500,7919,0,40375,20783,19812,0,5527,28698,29800,0,45489,47546,60647,0,33522,38069
365.421,0,1,1,1,0,17139,0.4786403591371621,61,2500,16942,0,54109,27371,64150,0,29090,31398,35518,0,89,6224,24871,0,17323,30129
365.441,1,1,25,1,1,8354,0.48004687500000004,56,2500,7919,0,40375,20783,19812,0,5527,28698,29800,0,45489,47546,60647,0,33522,38069
365.458,0,1,1,1,0,17210,0.4785762755437577,60,2500,16942,0,54109,27371,64150,0,29090,31398,35518,0,89,6224,24871,0,17323,30129
365.477,1,1,25,1,1,8198,0.47983806818181823,56,2500,7919,0,40375,20783,19812,0,5527,28698,29800,0,45489,47546,60647,0,33522,38069
365.495,0,1,1,1,0,17190,0.4785121919503533,60,2500,16942,0,54109,27371,64150,0,29090,31398,35518,0,89,6224,24871,0,17323,30129
365.514,1,1,25,1,1,8104,0.47955965909090914,56,2500,7919,0,40375,20783,19812,0,5527,28698,29800,0,45489,47546,60647,0,33522,38069
365.532,0,1,1,1,0,17184,0.478448108356949,61,2500,16942,0,54109,27371,64150,0,29090,31398,35518,0,89,6224,24871,0,17323,30129
365.551,1,1,25,1,1,8078,0.47942045454545457,56,2500,7919,0,40375,20783,19812,0,5527,28698,29800,0,45489,47546,60647,0,33522,38069
365.569,0,1,1,1,0,17190,0.478448108356949,60,2500,16942,0,54109,27371,64150,0,29090,31398,35518,0,89,6224,24871,0,17323,30129
365.588,1,1,25,1,1,8104,0.47949005681818185,56,2500,7919,0,40375,20783,19812,0,5527,28698,29800,0,45489,47546,60647,0,33522,38069
365.606,0,1,1,1,0,17139,0.4785762755437577,61,2500,16942,0,54109,27371,64150,0,29090,31398,35518,0,89,6224,24871,0,17323,30129
365.625,1,1,25,1,1,8184,0.47942045454545457,56,2500,7919,0,40375,20783,19812,0,5527,28698,29800,0,45489,47546,60647,0,33522,38069
365.643,0,1,1,1,0,16903,0.47819177398333157,59,2500,16942,0,54109,27371,64150,0,29090,31398,35518,0,89,6224,24871,0,17323,30129
365.662,1,1,25,1,1,8237,0.47949005681818185,56,2500,7919,0,40375,20783,19812,0,5527,28698,29800,0,45489,47546,60647,0,33522,38069
365.68,0,1,1,1,0,17162,0.4785121919503533,61,2500,16942,0,54109,27371,64150,0,29090,31398,35518,0,89,6224,24871,0,17323,30129
365.699,1,1,25,1,1,8215,0.47935085227272733,56,2500,7919,0,40375,20783,19812,0,5527,28698,29800,0,45489,47546,60647,0,33522,38069
365.717,0,1,1,1,0,16944,0.47838402476354464,60,2500,16942,0,54109,27371,64150,0,29090,31398,35518,0,89,6224,24871,0,17323,30129
365.736,1,1,25,1,1,8200,0.47921164772727276,56,2500,7919,0,40375,20783,19812,0,5527,28698,29800,0,45489,47546,60647,0,33522,38069
365.754,0,1,1,1,0,16958,0.4785762755437577,60,2500,16942,0,54109,27371,64150,0,29090,31398,35518,0,89,6224,24871,0,17323,30129
365.773,1,1,25,1,1,8153,0.47921164772727276,56,2500,7919,0,40375,20783,19812,0,5527,28698,29800,0,45489,47546,60647,0,33522,38069
365.791,0,1,1,1,0,16926,0.4785121919503533,59,2500,16942,0,54109,27371,64150,0,29090,31398,35518,0,89,6224,24871,0,17323,30129
365.81,1,1,25,1,1,8086,0.47928125000000005,56,2500,7919,0,40375,20783,19812,0,5527,28698,29800,0,45489,47546,60647,0,33522,38069
365.828,0,1,1,1,0,16883,0.4785762755437577,59,2500,16942,0,54109,27371,64150,0,29090,31398,35518,0,89,6224,24871,0,17323,30129
365.847,1,1,25,1,1,8004,0.4791420454545455,56,2500,7919,0,40375,20783,19812,0,5527,28698,29800,0,45489,47546,60647,0,33522,38069
365.865,0,1,1,1,0,17140,0.47876852632397077,61,2500,16942,0,54109,27371,64150,0,29090,31398,35518,0,89,6224,24871,0,17323,30129
365.884,1,1,25,1,1,7889,0.47907244318181824,56,2500,7919,0,40375,20783,19812,0,5527,28698,29800,0,45489,47546,60647,0,33522,38069
365.902,0,1,1,1,0,17140,0.4788966935107795,60,2500,16942,0,54109,27371,64150,0,29090,31398,35518,0,89,6224,24871,0,17323,30129
365.921,1,1,25,1,1,7790,0.47900284090909095,56,2500,7919,0,40375,20783,19812,0,5527,28698,29800,0,45489,47546,60647,0,33522,38069
365.939,0,1,1,1,0,17140,0.47883260991737514,61,2500,16942,0,54109,27371,64150,0,29090,31398,35518,0,89,6224,24871,0,17323,30129
365.958,1,1,25,1,1,7660,0.47872443181818186,56,2500,7919,0,40375,20783,19812,0,5527,28698,29800,0,45489,47546,60647,0,33522,38069
365.976,0,1,1,1,0,17140,0.4788966935107795,60,2500,16942,0,54109,27371,64150,0,29090,31398,35518,0,89,6224,24871,0,17323,30129
365.995,1,1,25,1,1,7476,0.47844602272727277,56,2500,7919,0,40375,20783,19812,0,5527,28698,29800,0,45489,47546,60647,0,33522,38069
366.012,0,1,1,1,0,17141,0.4789607771041839,60,2500,16942,0,54109,27371,64150,0,29090,31398,35518,0,89,6224,24871,0,17323,30129
366.032,1,1,25,1,1,7317,0.47823721590909096,56,2500,7919,0,40375,20783,19812,0,5527,28698,29800,0,45489,47546,60647,0,33522,38069
366.049,0,1,1,1,0,17140,0.4790889442909926,60,2500,16942,0,54109,27371,64150,0,29090,31398,35518,0,89,6224,24871,0,17323,30129
366.069,1,1,25,1,1,7163,0.4781676136363637,56,2500,7919,0,40375,20783,19812,0,5527,28698,29800,0,45489,47546,60647,0,33522,38069
366.086,0,1,1,1,0,17141,0.4790248606975882,60,2500,16942,0,54109,27371,64150,0,29090,31398,35518,0,89,6224,24871,0,17323,30129
366.106,1,1,25,1,1,6982,0.4778892045454546,55,2500,7919,0,40375,20783,19812,0,5527,28698,29800,0,45489,47546,60647,0,33522,38069
366.123,0,1,1,1,0,17140,0.4790889442909926,60,2500,16942,0,54109,27371,64150,0,29090,31398,35518,0,89,6224,24871,0,17323,30129
366.143,1,1,25,1,1,6844,0.4778196022727273,56,2500,7919,0,40375,20783,19812,0,5527,28698,29800,0,45489,47546,60647,0,33522,38069
366.16,0,1,1,1,0,17097,0.4790889442909926,60,2500,16942,0,54109,27371,64150,0,29090,31398,35518,0,89,6224,24871,0,17323,30129
366.18,1,1,25,1,1,6754,0.4778892045454546,56,2500,7919,0,40375,20783,19812,0,5527,28698,29800,0,45489,47546,60647,0,33522,38069
366.197,0,1,1,1,0,17073,0.4790248606975882,59,2500,16942,0,54109,27371,64150,0,29090,31398,35518,0,89,6224,24871,0,17323,30129
366.217,1,1,25,1,1,6719,0.47802840909090916,56,2500,7919,0,40375,20783,19812,0,5527,28698,29800,0,45489,47546,60647,0,33522,38069
366.234,0,1,1,1,0,16907,0.47883260991737514,59,2500,16942,0,54109,27371,64150,0,29090,31398,35518,0,89,6224,24871,0,17323,30129
366.254,1,1,25,1,1,6748,0.4780980113636364,56,2500,7919,0,40375,20783,19812,0,5527,28698,29800,0,45489,47546,60647,0,33522,38069
366.271,0,1,1,1,0,17140,0.4789607771041839,61,2500,16942,0,54109,27371,64150,0,29090,31398,35518,0,89,6224,24871,0,17323,30129
366.291,1,1,25,1,1,6873,0.47844602272727277,56,2500,7919,0,40375,20783,19812,0,5527,28698,29800,0,45489,47546,60647,0,33522,38069
366.308,0,1,1,1,0,17064,0.4788966935107795,59,2500,16942,0,54109,27371,64150,0,29090,31398,35518,0,89,6224,24871,0,17323,30129
366.328,1,1,25,1,1,7066,0.47893323863636367,56,2500,7919,0,40375,20783,19812,0,5527,28698,29800,0,45489,47546,60647,0,33522,38069
366.345,0,1,1,1,0,16929,0.4785762755437577,60,2500,16942,0,54109,27371,64150,0,29090,31398,35518,0,89,6224,24871,0,17323,30129
366.365,1,1,25,1,1,7286,0.47949005681818185,56,2500,7919,0,40375,20783,19812,0,5527,28698,29800,0,45489,47546,60647,0,33522,38069
366.382,0,1,1,1,0,16958,0.4785762755437577,60,2500,16942,0,54109,27371,64150,0,29090,31398,35518,0,89,6224,24871,0,17323,30129
366.402,1,1,25,1,1,7505,0.47969886363636366,56,2500,7919,0,40375,20783,19812,0,5527,28698,29800,0,45489,47546,60647,0,33522,38069
366.419,0,1,1,1,0,17140,0.4785762755437577,61,2500,16942,0,54109,27371,64150,0,29090,31398,35518,0,89,6224,24871,0,17323,30129
366.439,1,1,25,1,1,7756,0.4801860795454546,56,2500,7919,0,40375,20783,19812,0,5527,28698,29800,0,45489,47546,60647,0,33522,38069
366.456,0,1,1,1,0,17119,0.4785121919503533,60,2500,16942,0,54109,27371,64150,0,29090,31398,35518,0,89,6224,24871,0,17323,30129
366.476,1,1,25,1,1,7993,0.4804644886363637,56,2500,7919,0,40375,20783,19812,0,5527,28698,29800,0,45489,47546,60647,0,33522,38069
366.493,0,1,1,1,0,16958,0.478448108356949,60,2500,16942,0,54109,27371,64150,0,29090,31398,35518,0,89,6224,24871,0,17323,30129
366.513,1,1,25,1,1,8195,0.4806732954545455,56,2500,7919,0,40375,20783,19812,0,5527,28698,29800,0,45489,47546,60647,0,33522,38069
366.53,0,1,1,1,0,17114,0.47838402476354464,59,2500,16942,0,54109,27371,64150,0,29090,31398,35518,0,89,6224,24871,0,17323,30129
366.55,1,1,25,1,1,8355,0.4808821022727273,56,2500,7919,0,40375,20783,19812,0,5527,28698,29800,0,45489,47546,60647,0,33522,38069
366.567,0,1,1,1,0,17101,0.478448108356949,61,2500,16942,0,54109,27371,64150,0,29090,31398,35518,0,89,6224,24871,0,17323,30129
366.587,1,1,25,1,1,8460,0.4808821022727273,56,2500,7919,0,40375,20783,19812,0,5527,28698,29800,0,45489,47546,60647,0,33522,38069
366.604,0,1,1,1,0,17135,0.478448108356949,61,2500,16942,0,54109,27371,64150,0,29090,31398,35518,0,89,6224,24871,0,17323,30129
366.624,1,1,25,1,1,8474,0.48081250000000003,56,2500,7919,0,40375,20783,19812,0,5527,28698,29800,0,45489,47546,60647,0,33522,38069
366.641,0,1,1,1,0,16863,0.4782558575767359,59,2500,16942,0,54109,27371,64150,0,29090,31398,35518,0,89,6224,24871,0,17323,30129
366.661,1,1,25,1,1,8400,0.48074289772727274,56,2500,7919,0,40375,20783,19812,0,5527,28698,29800,0,45489,47546,60647,0,33522,38069
366.678,0,1,1,1,0,17121,0.4785121919503533,61,2500,16942,0,54109,27371,64150,0,29090,31398,35518,0,89,6224,24871,0,17323,30129
366.698,1,1,25,1,1,8200,0.48053409090909094,56,2500,7919,0,40375,20783,19812,0,5527,28698,29800,0,45489,47546,60647,0,33522,38069
366.715,0,1,1,1,0,17121,0.478448108356949,61,2500,16942,0,54109,27371,64150,0,29090,31398,35518,0,89,6224,24871,0,17323,30129
366.735,1,1,25,1,1,7982,0.4801860795454546,55,2500,7919,0,40375,20783,19812,0,5527,28698,29800,0,45489,47546,60647,0,33522,38069
366.752,0,1,1,1,0,17121,0.47838402476354464,61,2500,16942,0,54109,27371,64150,0,29090,31398,35518,0,89,6224,24871,0,17323,30129
366.772,1,1,25,1,1,7735,0.47997727272727275,55,2500,7919,0,40375,20783,19812,0,5527,28698,29800,0,45489,47546,60647,0,33522,38069
366.789,0,1,1,1,0,17121,0.47831994117014026,61,2500,16942,0,54109,27371,64150,0,29090,31398,35518,0,89,6224,24871,0,17323,30129
366.809,1,1,25,1,1,7499,0.47976846590909095,55,2500,7919,0,40375,20783,19812,0,5527,28698,29800,0,45489,47546,60647,0,33522,38069
366.826,0,1,1,1,0,17190,0.47838402476354464,60,2500,16942,0,54109,27371,64150,0,29090,31398,35518,0,89,6224,24871,0,17323,30129
366.846,1,1,25,1,1,7315,0.47942045454545457,55,2500,7919,0,40375,20783,19812,0,5527,28698,29800,0,45489,47546,60647,0,33522,38069
366.863,0,1,1,1,0,17190,0.478448108356949,61,2500,16942,0,54109,27371,64150,0,29090,31398,35518,0,89,6224,24871,0,17323,30129
366.883,1,1,25,1,1,7177,0.47942045454545457,55,2500,7919,0,40375,20783,19812,0,5527,28698,29800,0,45489,47546,60647,0,33522,38069
366.9,0,1,1,1,0,17190,0.47831994117014026,60,2500,16942,0,54109,27371,64150,0,29090,31398,35518,0,89,6224,24871,0,17323,30129
366.92,1,1,25,1,1,7173,0.47949005681818185,55,2500,7919,0,40375,20783,19812,0,5527,28698,29800,0,45489,47546,60647,0,33522,38069
366.937,0,1,1,1,0,17210,0.478448108356949,60,2500,16942,0,54109,27371,64150,0,29090,31398,35518,0,89,6224,24871,0,17323,30129
366.957,1,1,25,1,1,7200,0.47955965909090914,55,2500,7919,0,40375,20783,19812,0,5527,28698,29800,0,45489,47546,60647,0,33522,38069
366.974,0,1,1,1,0,17210,0.4785762755437577,60,2500,16942,0,54109,27371,64150,0,29090,31398,35518,0,89,6224,24871,0,17323,30129
366.994,1,1,25,1,1,7202,0.47955965909090914,55,2500,7919,0,40375,20783,19812,0,5527,28698,29800,0,45489,47546,60647,0,33522,38069
367.011,0,1,1,1,0,17222,0.47838402476354464,60,2500,16942,0,54109,27371,64150,0,29090,31398,35518,0,89,6224,24871,0,17323,30129
367.031,1,1,25,1,1,7237,0.47921164772727276,55,2500,7919,0,40375,20783,19812,0,5527,28698,29800,0,45489,47546,60647,0,33522,38069
367.048,0,1,1,1,0,17223,0.47838402476354464,60,2500,16942,0,54109,27371,64150,0,29090,31398,35518,0,89,6224,24871,0,17323,30129
367.068,1,1,25,1,1,7248,0.4791420454545455,55,2500,7919,0,40375,20783,19812,0,5527,28698,29800,0,45489,47546,60647,0,33522,38069
367.085,0,1,1,1,0,17222,0.47838402476354464,60,2500,16942,0,54109,27371,64150,0,29090,31398,35518,0,89,6224,24871,0,17323,30129
367.105,1,1,25,1,1,7412,0.47900284090909095,55,2500,7919,0,40375,20783,19812,0,5527,28698,29800,0,45489,47546,60647,0,33522,38069
367.122,0,1,1,1,0,17190,0.47838402476354464,61,2500,16942,0,54109,27371,64150,0,29090,31398,35518,0,89,6224,24871,0,17323,30129
367.142,1,1,25,1,1,7677,0.47907244318181824,55,2500,7919,0,40375,20783,19812,0,5527,28698,29800,0,45489,47546,60647,0,33522,38069
367.159,0,1,1,1,0,17190,0.4786403591371621,61,2500,16942,0,54109,27371,64150,0,29090,31398,35518,0,89,6224,24871,0,17323,30129
367.179,1,1,25,1,1,7883,0.47907244318181824,55,2500,7919,0,40375,20783,19812,0,5527,28698,29800,0,45489,47546,60647,0,33522,38069
367.196,0,1,1,1,0,17139,0.4789607771041839,61,2500,16942,0,54109,27371,64150,0,29090,31398,35518,0,89,6224,24871,0,17323,30129
367.216,1,1,25,1,1,7987,0.47928125000000005,55,2500,7919,0,40375,20783,19812,0,5527,28698,29800,0,45489,47546,60647,0,33522,38069
367.233,0,1,1,1,0,16872,0.4790248606975882,59,2500,16942,0,54109,27371,64150,0,29090,31398,35518,0,89,6224,24871,0,17323,30129
367.253,1,1,25,1,1,7948,0.47921164772727276,55,2500,7919,0,40375,20783,19812,0,5527,28698,29800,0,45489,47546,60647,0,33522,38069
367.27,0,1,1,1,0,17141,0.47947344585141877,60,2500,16942,0,54109,27371,64150,0,29090,31398,35518,0,89,6224,24871,0,17323,30129
367.29,1,1,25,1,1,7889,0.47935085227272733,55,2500,7919,0,40375,20783,19812,0,5527,28698,29800,0,45489,47546,60647,0,33522,38069
367.307,0,1,1,1,0,17140,0.4795375294448231,60,2500,16942,0,54109,27371,64150,0,29090,31398,35518,0,89,6224,24871,0,17323,30129
367.327,1,1,25,1,1,7708,0.47921164772727276,55,2500,7919,0,40375,20783,19812,0,5527,28698,29800,0,45489,47546,60647,0,33522,38069
367.344,0,1,1,1,0,17140,0.47947344585141877,60,2500,16942,0,54109,27371,64150,0,29090,31398,35518,0,89,6224,24871,0,17323,30129
367.364,1,1,25,1,1,7510,0.47893323863636367,55,2500,7919,0,40375,20783,19812,0,5527,28698,29800,0,45489,47546,60647,0,33522,38069
367.381,0,1,1,1,0,17142,0.47915302788439695,60,2500,16942,0,54109,27371,64150,0,29090,31398,35518,0,89,6224,24871,0,17323,30129
367.401,1,1,25,1,1,7256,0.47851562500000006,55,2500,7919,0,40375,20783,19812,0,5527,28698,29800,0,45489,47546,60647,0,33522,38069
367.418,0,1,1,1,0,16943,0.4789607771041839,60,2500,16942,0,54109,27371,64150,0,29090,31398,35518,0,89,6224,24871,0,17323,30129
367.438,1,1,25,1,1,7063,0.47823721590909096,55,2500,7919,0,40375,20783,19812,0,5527,28698,29800,0,45489,47546,60647,0,33522,38069
367.455,0,1,1,1,0,16991,0.47883260991737514,59,2500,16942,0,54109,27371,64150,0,29090,31398,35518,0,89,6224,24871,0,17323,30129
367.475,1,1,25,1,1,6952,0.47795880681818187,55,2500,7919,0,40375,20783,19812,0,5527,28698,29800,0,45489,47546,60647,0,33522,38069
367.492,0,1,1,1,0,16928,0.47876852632397077,60,2500,16942,0,54109,27371,64150,0,29090,31398,35518,0,89,6224,24871,0,17323,30129
367.512,1,1,25,1,1,6843,0.4776803977272728,55,2500,7919,0,40375,20783,19812,0,5527,28698,29800,0,45489,47546,60647,0,33522,38069
367.529,0,1,1,1,0,17092,0.47883260991737514,61,2500,16942,0,54109,27371,64150,0,29090,31398,35518,0,89,6224,24871,0,17323,30129
367.549,1,1,25,1,1,6773,0.4776107954545455,55,2500,7919,0,40375,20783,19812,0,5527,28698,29800,0,45489,47546,60647,0,33522,38069
367.566,0,1,1,1,0,16872,0.47870444273056645,59,2500,16942,0,54109,27371,64150,0,29090,31398,35518,0,89,6224,24871,0,17323,30129
367.586,1,1,25,1,1,6694,0.4771235795454546,55,2500,7919,0,40375,20783,19812,0,5527,28698,29800,0,45489,47546,60647,0,33522,38069
367.603,0,1,1,1,0,16916,0.47883260991737514,60,2500,16942,0,54109,27371,64150,0,29090,31398,35518,0,89,6224,24871,0,17323,30129
367.623,1,1,25,1,1,6602,0.4769147727272728,55,2500,7919,0,40375,20783,19812,0,5527,28698,29800,0,45489,47546,60647,0,33522,38069
367.64,0,1,1,1,0,16876,0.4790248606975882,59,2500,16942,0,54109,27371,64150,0,29090,31398,35518,0,89,6224,24871,0,17323,30129
367.66,1,1,25,1,1,6595,0.4769147727272728,55,2500,7919,0,40375,20783,19812,0,5527,28698,29800,0,45489,47546,60647,0,33522,38069
367.677,0,1,1,1,0,17091,0.4792171114778013,61,2500,16942,0,54109,27371,64150,0,29090,31398,35518,0,89,6224,24871,0,17323,30129
367.697,1,1,25,1,1,6701,0.4771235795454546,55,2500,7919,0,40375,20783,19812,0,5527,28698,29800,0,45489,47546,60647,0,33522,38069
367.714,0,1,1,1,0,17066,0.4792171114778013,61,2500,16942,0,54109,27371,64150,0,29090,31398,35518,0,89,6224,24871,0,17323,30129
367.734,1,1,25,1,1,6802,0.4774019886363637,55,2500,7919,0,40375,20783,19812,0,5527,28698,29800,0,45489,47546,60647,0,33522,38069
367.751,0,1,1,1,0,16864,0.4789607771041839,59,2500,16942,0,54109,27371,64150,0,29090,31398,35518,0,89,6224,24871,0,17323,30129
367.771,1,1,25,1,1,6894,0.4776803977272728,55,2500,7919,0,40375,20783,19812,0,5527,28698,29800,0,45489,47546,60647,0,33522,38069
367.788,0,1,1,1,0,17184,0.4789607771041839,61,2500,16942,0,54109,27371,64150,0,29090,31398,35518,0,89,6224,24871,0,17323,30129
367.808,1,1,25,1,1,6937,0.4778196022727273,55,2500,7919,0,40375,20783,19812,0,5527,28698,29800,0,45489,47546,60647,0,33522,38069
367.825,0,1,1,1,0,17147,0.4788966935107795,61,2500,16942,0,54109,27371,64150,0,29090,31398,35518,0,89,6224,24871,0,17323,30129
367.845,1,1,25,1,1,6993,0.47802840909090916,55,2500,7919,0,40375,20783,19812,0,5527,28698,29800,0,45489,47546,60647,0,33522,38069
367.862,0,1,1,1,0,17210,0.4790248606975882,60,2500,16942,0,54109,27371,64150,0,29090,31398,35518,0,89,6224,24871,0,17323,30129
367.882,1,1,25,1,1,7032,0.4780980113636364,55,2500,7919,0,40375,20783,19812,0,5527,28698,29800,0,45489,47546,60647,0,33522,38069
367.899,0,1,1,1,0,17222,0.4790248606975882,60,2500,16942,0,54109,27371,64150,0,29090,31398,35518,0,89,6224,24871,0,17323,30129
367.919,1,1,25,1,1,7054,0.47802840909090916,56,2500,7919,0,40375,20783,19812,0,5527,28698,29800,0,45489,47546,60647,0,33522,38069
367.936,0,1,1,1,0,17222,0.4788966935107795,60,2500,16942,0,54109,27371,64150,0,29090,31398,35518,0,89,6224,24871,0,17323,30129
367.956,1,1,25,1,1,7085,0.4780980113636364,56,2500,7919,0,40375,20783,19812,0,5527,28698,29800,0,45489,47546,60647,0,33522,38069
367.973,0,1,1,1,0,17228,0.4789607771041839,60,2500,16942,0,54109,27371,64150,0,29090,31398,35518,0,89,6224,24871,0,17323,30129
367.993,1,1,25,1,1,7224,0.47823721590909096,56,2500,7919,0,40375,20783,19812,0,5527,28698,29800,0,45489,47546,60647,0,33522,38069
368.01,0,1,1,1,0,17228,0.47883260991737514,60,2500,16942,0,54109,27371,64150,0,29090,31398,35518,0,89,6224,24871,0,17323,30129
368.03,1,1,25,1,1,7378,0.47851562500000006,56,2500,7919,0,40375,20783,19812,0,5527,28698,29800,0,45489,47546,60647,0,33522,38069
368.047,0,1,1,1,0,17228,0.4790248606975882,60,2500,16942,0,54109,27371,64150,0,29090,31398,35518,0,89,6224,24871,0,17323,30129
368.067,1,1,25,1,1,7499,0.47858522727272734,55,2500,7919,0,40375,20783,19812,0,5527,28698,29800,0,45489,47546,60647,0,33522,38069
368.084,0,1,1,1,0,17228,0.4790248606975882,60,2500,16942,0,54109,27371,64150,0,29090,31398,35518,0,89,6224,24871,0,17323,30129
368.104,1,1,25,1,1,7567,0.4786548295454546,56,2500,7919,0,40375,20783,19812,0,5527,28698,29800,0,45489,47546,60647,0,33522,38069
368.121,0,1,1,1,0,17223,0.4788966935107795,60,2500,16942,0,54109,27371,64150,0,29090,31398,35518,0,89,6224,24871,0,17323,30129
368.141,1,1,25,1,1,7538,0.47858522727272734,56,2500,7919,0,40375,20783,19812,0,5527,28698,29800,0,45489,47546,60647,0,33522,38069
368.158,0,1,1,1,0,17228,0.47915302788439695,60,2500,16942,0,54109,27371,64150,0,29090,31398,35518,0,89,6224,24871,0,17323,30129
368.178,1,1,25,1,1,7463,0.47830681818181825,56,2500,7919,0,40375,20783,19812,0,5527,28698,29800,0,45489,47546,60647,0,33522,38069
368.195,0,1,1,1,0,17136,0.47915302788439695,59,2500,16942,0,54109,27371,64150,0,29090,31398,35518,0,89,6224,24871,0,17323,30129
368.215,1,1,25,1,1,7390,0.4781676136363637,56,2500,7919,0,40375,20783,19812,0,5527,28698,29800,0,45489,47546,60647,0,33522,38069
368.232,0,1,1,1,0,17228,0.4792171114778013,60,2500,16942,0,54109,27371,64150,0,29090,31398,35518,0,89,6224,24871,0,17323,30129
368.252,1,1,25,1,1,7350,0.47802840909090916,56,2500,7919,0,40375,20783,19812,0,5527,28698,29800,0,45489,47546,60647,0,33522,38069
368.269,0,1,1,1,0,17223,0.4792171114778013,60,2500,16942,0,54109,27371,64150,0,29090,31398,35518,0,89,6224,24871,0,17323,30129
368.289,1,1,25,1,1,7240,0.47795880681818187,56,2500,7919,0,40375,20783,19812,0,5527,28698,29800,0,45489,47546,60647,0,33522,38069
368.306,0,1,1,1,0,17211,0.4792171114778013,61,2500,16942,0,54109,27371,64150,0,29090,31398,35518,0,89,6224,24871,0,17323,30129
368.326,1,1,25,1,1,7099,0.4776803977272728,56,2500,7919,0,40375,20783,19812,0,5527,28698,29800,0,45489,47546,60647,0,33522,38069
368.343,0,1,1,1,0,17223,0.47934527866461,60,2500,16942,0,54109,27371,64150,0,29090,31398,35518,0,89,6224,24871,0,17323,30129
368.363,1,1,25,1,1,6904,0.47747159090909097,56,2500,7919,0,40375,20783,19812,0,5527,28698,29800,0,45489,47546,60647,0,33522,38069
368.38,0,1,1,1,0,17222,0.47928119507120565,60,2500,16942,0,54109,27371,64150,0,29090,31398,35518,0,89,6224,24871,0,17323,30129
368.399,1,1,25,1,1,6719,0.4771235795454546,56,2500,7919,0,40375,20783,19812,0,5527,28698,29800,0,45489,47546,60647,0,33522,38069
368.417,0,1,1,1,0,17222,0.4792171114778013,60,2500,16942,0,54109,27371,64150,0,29090,31398,35518,0,89,6224,24871,0,17323,30129
368.436,1,1,25,1,1,6572,0.4768451704545455,55,2500,7919,0,40375,20783,19812,0,5527,28698,29800,0,45489,47546,60647,0,33522,38069
368.454,0,1,1,1,0,17211,0.4790889442909926,61,2500,16942,0,54109,27371,64150,0,29090,31398,35518,0,89,6224,24871,0,17323,30129
368.473,1,1,25,1,1,6446,0.4768451704545455,55,2500,7919,0,40375,20783,19812,0,5527,28698,29800,0,45489,47546,60647,0,33522,38069
368.491,0,1,1,1,0,17222,0.4790889442909926,60,2500,16942,0,54109,27371,64150,0,29090,31398,35518,0,89,6224,24871,0,17323,30129
368.51,1,1,25,1,1,6355,0.4765667613636364,55,2500,7919,0,40375,20783,19812,0,5527,28698,29800,0,45489,47546,60647,0,33522,38069
368.528,0,1,1,1,0,16871,0.47870444273056645,60,2500,16942,0,54109,27371,64150,0,29090,31398,35518,0,89,6224,24871,0,17323,30129
368.547,1,1,25,1,1,6303,0.4766363636363637,55,2500,7919,0,40375,20783,19812,0,5527,28698,29800,0,45489,47546,60647,0,33522,38069
368.565,0,1,1,1,0,17228,0.4789607771041839,60,2500,16942,0,54109,27371,64150,0,29090,31398,35518,0,89,6224,24871,0,17323,30129
368.584,1,1,25,1,1,6329,0.4766363636363637,55,2500,7919,0,40375,20783,19812,0,5527,28698,29800,0,45489,47546,60647,0,33522,38069
368.602,0,1,1,1,0,17228,0.4789607771041839,60,2500,16942,0,54109,27371,64150,0,29090,31398,35518,0,89,6224,24871,0,17323,30129
368.621,1,1,25,1,1,6394,0.4768451704545455,55,2500,7919,0,40375,20783,19812,0,5527,28698,29800,0,45489,47546,60647,0,33522,38069
368.639,0,1,1,1,0,17228,0.47876852632397077,60,2500,16942,0,54109,27371,64150,0,29090,31398,35518,0,89,6224,24871,0,17323,30129
368.658,1,1,25,1,1,6529,0.4771931818181819,56,2500,7919,0,40375,20783,19812,0,5527,28698,29800,0,45489,47546,60647,0,33522,38069
368.676,0,1,1,1,0,17228,0.47883260991737514,60,2500,16942,0,54109,27371,64150,0,29090,31398,35518,0,89,6224,24871,0,17323,30129
368.695,1,1,25,1,1,6729,0.47747159090909097,55,2500,7919,0,40375,20783,19812,0,5527,28698,29800,0,45489,47546,60647,0,33522,38069
368.713,0,1,1,1,0,16964,0.4785762755437577,59,2500,16942,0,54109,27371,64150,0,29090,31398,35518,0,89,6224,24871,0,17323,30129
368.732,1,1,25,1,1,6922,0.47775000000000006,56,2500,7919,0,40375,20783,19812,0,5527,28698,29800,0,45489,47546,60647,0,33522,38069
368.75,0,1,1,1,0,17228,0.47876852632397077,60,2500,16942,0,54109,27371,64150,0,29090,31398,35518,0,89,6224,24871,0,17323,30129
368.769,1,1,25,1,1,7156,0.4783764204545455,56,2500,7919,0,40375,20783,19812,0,5527,28698,29800,0,45489,47546,60647,0,33522,38069
368.787,0,1,1,1,0,17228,0.4786403591371621,60,2500,16942,0,54109,27371,64150,0,29090,31398,35518,0,89,6224,24871,0,17323,30129
368.806,1,1,25,1,1,7358,0.47858522727272734,56,2500,7919,0,40375,20783,19812,0,5527,28698,29800,0,45489,47546,60647,0,33522,38069
368.824,0,1,1,1,0,17020,0.4785762755437577,59,2500,16942,0,54109,27371,64150,0,29090,31398,35518,0,89,6224,24871,0,17323,30129
368.843,1,1,25,1,1,7544,0.4788636363636364,56,2500,7919,0,40375,20783,19812,0,5527,28698,29800,0,45489,47546,60647,0,33522,38069
368.861,0,1,1,1,0,17230,0.47870444273056645,60,2500,16942,0,54109,27371,64150,0,29090,31398,35518,0,89,6224,24871,0,17323,30129
368.88,1,1,25,1,1,7722,0.47921164772727276,56,2500,7919,0,40375,20783,19812,0,5527,28698,29800,0,45489,47546,60647,0,33522,38069
368.898,0,1,1,1,0,17228,0.47876852632397077,60,2500,16942,0,54109,27371,64150,0,29090,31398,35518,0,89,6224,24871,0,17323,30129
368.917,1,1,25,1,1,7890,0.47942045454545457,56,2500,7919,0,40375,20783,19812,0,5527,28698,29800,0,45489,47546,60647,0,33522,38069
368.935,0,1,1,1,0,17229,0.47883260991737514,60,2500,16942,0,54109,27371,64150,0,29090,31398,35518,0,89,6224,24871,0,17323,30129
368.954,1,1,25,1,1,7959,0.47949005681818185,56,2500,7919,0,40375,20783,19812,0,5527,28698,29800,0,45489,47546,60647,0,33522,38069
368.972,0,1,1,1,0,17067,0.4785762755437577,59,2500,16942,0,54109,27371,64150,0,29090,31398,35518,0,89,6224,24871,0,17323,30129
368.991,1,1,25,1,1,8035,0.4796292613636364,56,2500,7919,0,40375,20783,19812,0,5527,28698,29800,0,45489,47546,60647,0,33522,38069
369.009,0,1,1,1,0,17069,0.4785762755437577,59,2500,16942,0,54109,27371,64150,0,29090,31398,35518,0,89,6224,24871,0,17323,30129
369.028,1,1,25,1,1,8100,0.47976846590909095,56,2500,7919,0,40375,20783,19812,0,5527,28698,29800,0,45489,47546,60647,0,33522,38069
369.046,0,1,1,1,0,17022,0.4786403591371621,59,2500,16942,0,54109,27371,64150,0,29090,31398,35518,0,89,6224,24871,0,17323,30129
369.065,1,1,25,1,1,8127,0.47983806818181823,56,2500,7919,0,40375,20783,19812,0,5527,28698,29800,0,45489,47546,60647,0,33522,38069
369.083,0,1,1,1,0,16992,0.4786403591371621,61,2500,16942,0,54109,27371,64150,0,29090,31398,35518,0,89,6224,24871,0,17323,30129
369.102,1,1,25,1,1,8100,0.47976846590909095,56,2500,7919,0,40375,20783,19812,0,5527,28698,29800,0,45489,47546,60647,0,33522,38069
369.12,0,1,1,1,0,17228,0.47876852632397077,60,2500,16942,0,54109,27371,64150,0,29090,31398,35518,0,89,6224,24871,0,17323,30129
369.139,1,1,25,1,1,8130,0.47969886363636366,56,2500,7919,0,40375,20783,19812,0,5527,28698,29800,0,45489,47546,60647,0,33522,38069
369.157,0,1,1,1,0,17228,0.47883260991737514,60,2500,16942,0,54109,27371,64150,0,29090,31398,35518,0,89,6224,24871,0,17323,30129
369.176,1,1,25,1,1,8107,0.4796292613636364,56,2500,7919,0,40375,20783,19812,0,5527,28698,29800,0,45489,47546,60647,0,33522,38069
369.194,0,1,1,1,0,17228,0.4790889442909926,60,2500,16942,0,54109,27371,64150,0,29090,31398,35518,0,89,6224,24871,0,17323,30129
369.213,1,1,25,1,1,8170,0.4796292613636364,56,2500,7919,0,40375,20783,19812,0,5527,28698,29800,0,45489,47546,60647,0,33522,38069
369.231,0,1,1,1,0,17222,0.47876852632397077,60,2500,16942,0,54109,27371,64150,0,29090,31398,35518,0,89,6224,24871,0,17323,30129
369.25,1,1,25,1,1,8170,0.47969886363636366,56,2500,7919,0,40375,20783,19812,0,5527,28698,29800,0,45489,47546,60647,0,33522,38069
369.268,0,1,1,1,0,17222,0.47883260991737514,60,2500,16942,0,54109,27371,64150,0,29090,31398,35518,0,89,6224,24871,0,17323,30129
369.287,1,1,25,1,1,8163,0.47969886363636366,56,2500,7919,0,40375,20783,19812,0,5527,28698,29800,0,45489,47546,60647,0,33522,38069
369.305,0,1,1,1,0,17228,0.47876852632397077,60,2500,16942,0,54109,27371,64150,0,29090,31398,35518,0,89,6224,24871,0,17323,30129
369.324,1,1,25,1,1,8096,0.47949005681818185,56,2500,7919,0,40375,20783,19812,0,5527,28698,29800,0,45489,47546,60647,0,33522,38069
369.341,0,1,1,1,0,17222,0.47870444273056645,60,2500,16942,0,54109,27371,64150,0,29090,31398,35518,0,89,6224,24871,0,17323,30129
369.361,1,1,25,1,1,8106,0.47942045454545457,56,2500,7919,0,40375,20783,19812,0,5527,28698,29800,0,45489,47546,60647,0,33522,38069
369.378,0,1,1,1,0,17228,0.47876852632397077,60,2500,16942,0,54109,27371,64150,0,29090,31398,35518,0,89,6224,24871,0,17323,30129
369.398,1,1,25,1,1,8044,0.47942045454545457,56,2500,7919,0,40375,20783,19812,0,5527,28698,29800,0,45489,47546,60647,0,33522,38069
369.415,0,1,1,1,0,17228,0.4786403591371621,60,2500,16942,0,54109,27371,64150,0,29090,31398,35518,0,89,6224,24871,0,17323,30129
369.435,1,1,25,1,1,8090,0.47942045454545457,56,2500,7919,0,40375,20783,19812,0,5527,28698,29800,0,45489,47546,60647,0,33522,38069
369.452,0,1,1,1,0,17167,0.4786403591371621,59,2500,16942,0,54109,27371,64150,0,29090,31398,35518,0,89,6224,24871,0,17323,30129
369.472,1,1,25,1,1,8075,0.47949005681818185,56,2500,7919,0,40375,20783,19812,0,5527,28698,29800,0,45489,47546,60647,0,33522,38069
369.489,0,1,1,1,0,17228,0.4785762755437577,60,2500,16942,0,54109,27371,64150,0,29090,31398,35518,0,89,6224,24871,0,17323,30129
369.509,1,1,25,1,1,8136,0.47949005681818185,56,2500,7919,0,40375,20783,19812,0,5527,28698,29800,0,45489,47546,60647,0,33522,38069
369.526,0,1,1,1,0,17137,0.4785121919503533,59,2500,16942,0,54109,27371,64150,0,29090,31398,35518,0,89,6224,24871,0,17323,30129
369.546,1,1,25,1,1,8239,0.4796292613636364,56,2500,7919,0,40375,20783,19812,0,5527,28698,29800,0,45489,47546,60647,0,33522,38069
369.563,0,1,1,1,0,17228,0.4785121919503533,60,2500,16942,0,54109,27371,64150,0,29090,31398,35518,0,89,6224,24871,0,17323,30129
369.583,1,1,25,1,1,8281,0.47969886363636366,56,2500,7919,0,40375,20783,19812,0,5527,28698,29800,0,45489,47546,60647,0,33522,38069
369.6,0,1,1,1,0,17222,0.4786403591371621,60,2500,16942,0,54109,27371,64150,0,29090,31398,35518,0,89,6224,24871,0,17323,30129
369.62,1,1,25,1,1,8433,0.47997727272727275,56,2500,7919,0,40375,20783,19812,0,5527,28698,29800,0,45489,47546,60647,0,33522,38069
369.637,0,1,1,1,0,17231,0.4785121919503533,60,2500,16942,0,54109,27371,64150,0,29090,31398,35518,0,89,6224,24871,0,17323,30129
369.657,1,1,25,1,1,8539,0.48004687500000004,56,2500,7919,0,40375,20783,19812,0,5527,28698,29800,0,45489,47546,60647,0,33522,38069
369.674,0,1,1,1,0,17228,0.4786403591371621,60,2500,16942,0,54109,27371,64150,0,29090,31398,35518,0,89,6224,24871,0,17323,30129
369.694,1,1,25,1,1,8635,0.4801860795454546,56,2500,7919,0,40375,20783,19812,0,5527,28698,29800,0,45489,47546,60647,0,33522,38069
369.711,0,1,1,1,0,17222,0.4785762755437577,60,2500,16942,0,54109,27371,64150,0,29090,31398,35518,0,89,6224,24871,0,17323,30129
369.731,1,1,25,1,1,8708,0.4803948863636364,56,2500,7919,0,40375,20783,19812,0,5527,28698,29800,0,45489,47546,60647,0,33522,38069
369.748,0,1,1,1,0,17223,0.4786403591371621,60,2500,16942,0,54109,27371,64150,0,29090,31398,35518,0,89,6224,24871,0,17323,30129
369.768,1,1,25,1,1,8769,0.4803948863636364,56,2500,7919,0,40375,20783,19812,0,5527,28698,29800,0,45489,47546,60647,0,33522,38069
369.785,0,1,1,1,0,17105,0.47876852632397077,59,2500,16942,0,54109,27371,64150,0,29090,31398,35518,0,89,6224,24871,0,17323,30129
369.805,1,1,25,1,1,8770,0.4803948863636364,56,2500,7919,0,40375,20783,19812,0,5527,28698,29800,0,45489,47546,60647,0,33522,38069
369.822,0,1,1,1,0,17228,0.47883260991737514,60,2500,16942,0,54109,27371,64150,0,29090,31398,35518,0,89,6224,24871,0,17323,30129
369.842,1,1,25,1,1,8752,0.48032528409090913,56,2500,7919,0,40375,20783,19812,0,5527,28698,29800,0,45489,47546,60647,0,33522,38069
369.859,0,1,1,1,0,17222,0.47876852632397077,60,2500,16942,0,54109,27371,64150,0,29090,31398,35518,0,89,6224,24871,0,17323,30129
369.879,1,1,25,1,1,8666,0.4801164772727273,56,2500,7919,0,40375,20783,19812,0,5527,28698,29800,0,45489,47546,60647,0,33522,38069
369.896,0,1,1,1,0,17222,0.4788966935107795,60,2500,16942,0,54109,27371,64150,0,29090,31398,35518,0,89,6224,24871,0,17323,30129
369.916,1,1,25,1,1,8603,0.4801860795454546,56,2500,7919,0,40375,20783,19812,0,5527,28698,29800,0,45489,47546,60647,0,33522,38069
369.933,0,1,1,1,0,17222,0.4788966935107795,60,2500,16942,0,54109,27371,64150,0,29090,31398,35518,0,89,6224,24871,0,17323,30129
369.953,1,1,25,1,1,8544,0.47997727272727275,56,2500,7919,0,40375,20783,19812,0,5527,28698,29800,0,45489,47546,60647,0,33522,38069
369.97,0,1,1,1,0,17210,0.47876852632397077,60,2500,16942,0,54109,27371,64150,0,29090,31398,35518,0,89,6224,24871,0,17323,30129
369.99,1,1,25,1,1,8454,0.47983806818181823,56,2500,7919,0,40375,20783,19812,0,5527,28698,29800,0,45489,47546,60647,0,33522,38069
370.007,0,1,1,1,0,17211,0.4789607771041839,61,2500,16942,0,54109,27371,64150,0,29090,31398,35518,0,89,6224,24871,0,17323,30129
370.027,1,1,25,1,1,8381,0.47983806818181823,56,2500,7919,0,40375,20783,19812,0,5527,28698,29800,0,45489,47546,60647,0,33522,38069
370.044,0,1,1,1,0,17210,0.47883260991737514,60,2500,16942,0,54109,27371,64150,0,29090,31398,35518,0,89,6224,24871,0,17323,30129
370.064,1,1,25,1,1,8311,0.4796292613636364,56,2500,7919,0,40375,20783,19812,0,5527,28698,29800,0,45489,47546,60647,0,33522,38069
370.081,0,1,1,1,0,17210,0.4789607771041839,60,2500,16942,0,54109,27371,64150,0,29090,31398,35518,0,89,6224,24871,0,17323,30129
370.101,1,1,25,1,1,8267,0.4796292613636364,56,2500,7919,0,40375,20783,19812,0,5527,28698,29800,0,45489,47546,60647,0,33522,38069
370.118,0,1,1,1,0,17211,0.4789607771041839,61,2500,16942,0,54109,27371,64150,0,29090,31398,35518,0,89,6224,24871,0,17323,30129
370.138,1,1,25,1,1,8234,0.47955965909090914,56,2500,7919,0,40375,20783,19812,0,5527,28698,29800,0,45489,47546,60647,0,33522,38069
370.155,0,1,1,1,0,17184,0.4788966935107795,61,2500,16942,0,54109,27371,64150,0,29090,31398,35518,0,89,6224,24871,0,17323,30129
370.175,1,1,25,1,1,8218,0.4796292613636364,56,2500,7919,0,40375,20783,19812,0,5527,28698,29800,0,45489,47546,60647,0,33522,38069
370.192,0,1,1,1,0,17153,0.4789607771041839,61,2500,16942,0,54109,27371,64150,0,29090,31398,35518,0,89,6224,24871,0,17323,30129
370.212,1,1,25,1,1,8173,0.4796292613636364,56,2500,7919,0,40375,20783,19812,0,5527,28698,29800,0,45489,47546,60647,0,33522,38069
370.229,0,1,1,1,0,17185,0.47915302788439695,61,2500,16942,0,54109,27371,64150,0,29090,31398,35518,0,89,6224,24871,0,17323,30129
370.249,1,1,25,1,1,8139,0.47955965909090914,56,2500,7919,0,40375,20783,19812,0,5527,28698,29800,0,45489,47546,60647,0,33522,38069
370.266,0,1,1,1,0,17153,0.4790248606975882,61,2500,16942,0,54109,27371,64150,0,29090,31398,35518,0,89,6224,24871,0,17323,30129
370.286,1,1,25,1,1,8083,0.47942045454545457,56,2500,7919,0,40375,20783,19812,0,5527,28698,29800,0,45489,47546,60647,0,33522,38069
370.303,0,1,1,1,0,17185,0.4790248606975882,61,2500,16942,0,54109,27371,64150,0,29090,31398,35518,0,89,6224,24871,0,17323,30129
370.323,1,1,25,1,1,7925,0.47928125000000005,56,2500,7919,0,40375,20783,19812,0,5527,28698,29800,0,45489,47546,60647,0,33522,38069
370.34,0,1,1,1,0,17182,0.4790248606975882,61,2500,16942,0,54109,27371,64150,0,29090,31398,35518,0,89,6224,24871,0,17323,30129
370.36,1,1,25,1,1,7753,0.47928125000000005,56,2500,7919,0,40375,20783,19812,0,5527,28698,29800,0,45489,47546,60647,0,33522,38069
370.377,0,1,1,1,0,17121,0.4788966935107795,61,2500,16942,0,54109,27371,64150,0,29090,31398,35518,0,89,6224,24871,0,17323,30129
370.397,1,1,25,1,1,7569,0.47900284090909095,56,2500,7919,0,40375,20783,19812,0,5527,28698,29800,0,45489,47546,60647,0,33522,38069
370.414,0,1,1,1,0,16865,0.47883260991737514,59,2500,16942,0,54109,27371,64150,0,29090,31398,35518,0,89,6224,24871,0,17323,30129
370.434,1,1,25,1,1,7344,0.47872443181818186,56,2500,7919,0,40375,20783,19812,0,5527,28698,29800,0,45489,47546,60647,0,33522,38069
370.451,0,1,1,1,0,17150,0.4790248606975882,61,2500,16942,0,54109,27371,64150,0,29090,31398,35518,0,89,6224,24871,0,17323,30129
370.471,1,1,25,1,1,7063,0.47823721590909096,56,2500,7919,0,40375,20783,19812,0,5527,28698,29800,0,45489,47546,60647,0,33522,38069
370.488,0,1,1,1,0,17178,0.4790248606975882,61,2500,16942,0,54109,27371,64150,0,29090,31398,35518,0,89,6224,24871,0,17323,30129
370.508,1,1,25,1,1,6839,0.47795880681818187,56,2500,7919,0,40375,20783,19812,0,5527,28698,29800,0,45489,47546,60647,0,33522,38069
370.525,0,1,1,1,0,17067,0.4788966935107795,61,2500,16942,0,54109,27371,64150,0,29090,31398,35518,0,89,6224,24871,0,17323,30129
370.545,1,1,25,1,1,6617,0.4776803977272728,56,2500,7919,0,40375,20783,19812,0,5527,28698,29800,0,45489,47546,60647,0,33522,38069
370.562,0,1,1,1,0,17141,0.4789607771041839,60,2500,16942,0,54109,27371,64150,0,29090,31398,35518,0,89,6224,24871,0,17323,30129
370.582,1,1,25,1,1,6401,0.4772627840909091,56,2500,7919,0,40375,20783,19812,0,5527,28698,29800,0,45489,47546,60647,0,33522,38069
370.599,0,1,1,1,0,17140,0.4788966935107795,61,2500,16942,0,54109,27371,64150,0,29090,31398,35518,0,89,6224,24871,0,17323,30129
370.619,1,1,25,1,1,6218,0.476984375,56,2500,7919,0,40375,20783,19812,0,5527,28698,29800,0,45489,47546,60647,0,33522,38069
370.636,0,1,1,1,0,17097,0.4790248606975882,60,2500,16942,0,54109,27371,64150,0,29090,31398,35518,0,89,6224,24871,0,17323,30129
370.656,1,1,25,1,1,6047,0.476705965909091,56,2500,7919,0,40375,20783,19812,0,5527,28698,29800,0,45489,47546,60647,0,33522,38069
370.673,0,1,1,1,0,17020,0.4790889442909926,59,2500,16942,0,54109,27371,64150,0,29090,31398,35518,0,89,6224,24871,0,17323,30129
370.693,1,1,25,1,1,5964,0.4766363636363637,55,2500,7919,0,40375,20783,19812,0,5527,28698,29800,0,45489,47546,60647,0,33522,38069
370.71,0,1,1,1,0,17140,0.47915302788439695,60,2500,16942,0,54109,27371,64150,0,29090,31398,35518,0,89,6224,24871,0,17323,30129
370.73,1,1,25,1,1,5887,0.4764971590909091,55,2500,7919,0,40375,20783,19812,0,5527,28698,29800,0,45489,47546,60647,0,33522,38069
