time[s],SensorID,event,mask,tL.num_valid_targets,tL.reserved,tL.targets[0].amplitude,tL.targets[0].range,tL.targets[0].reserved[0],tL.targets[0].reserved[1],tL.targets[1].amplitude,tL.targets[1].range,tL.targets[1].reserved[0],tL.targets[1].reserved[1],tL.targets[2].amplitude,tL.targets[2].range,tL.targets[2].reserved[0],tL.targets[2].reserved[1],tL.targets[3].amplitude,tL.targets[3].range,tL.targets[3].reserved[0],tL.targets[3].reserved[1],tL.targets[4].amplitude,tL.targets[4].range,tL.targets[4].reserved[0],tL.targets[4].reserved[1]
409.373,1,1,0,1,1,17124,0.24935247126958596,31,3500,0,0,0,0,0,0,0,0,0,0,0,0,0,0,0,0
409.39,0,1,1,1,0,17012,0.2033725818630741,26,3500,21038,0,54109,27371,64182,0,29098,31398,35518,0,601,6224,24615,0,17323,30129
409.41,1,1,0,1,1,17103,0.24789264358721594,31,3500,0,0,0,0,0,0,0,0,0,0,0,0,0,0,0,0
409.427,0,1,1,1,0,16988,0.20330834541902384,26,3500,21038,0,54109,27371,64182,0,29098,31398,35518,0,601,6224,24615,0,17323,30129
409.447,1,1,0,1,1,16876,0.24559862865777732,31,3500,0,0,0,0,0,0,0,0,0,0,0,0,0,0,0,0
409.464,0,1,1,1,0,16986,0.2033725818630741,26,3500,21038,0,54109,27371,64182,0,29098,31398,35518,0,601,6224,24615,0,17323,30129
409.484,1,1,0,1,1,16878,0.24448637899501918,31,3500,0,0,0,0,0,0,0,0,0,0,0,0,0,0,0,0
409.501,0,1,1,1,0,16986,0.2032441089749736,26,3500,21038,0,54109,27371,64182,0,29098,31398,35518,0,601,6224,24615,0,17323,30129
409.521,1,1,0,1,1,17063,0.24573765986562207,31,3500,0,0,0,0,0,0,0,0,0,0,0,0,0,0,0,0
409.538,0,1,1,1,0,17043,0.2032441089749736,26,3500,21038,0,54109,27371,64182,0,29098,31398,35518,0,601,6224,24615,0,17323,30129
409.558,1,1,0,1,1,16877,0.24413880097540727,31,3500,0,0,0,0,0,0,0,0,0,0,0,0,0,0,0,0
409.575,0,1,1,1,0,16986,0.20317987253092337,26,3500,21038,0,54109,27371,64182,0,29098,31398,35518,0,601,6224,24615,0,17323,30129
409.595,1,1,0,1,1,17103,0.24580717546954445,31,3500,0,0,0,0,0,0,0,0,0,0,0,0,0,0,0,0
409.612,0,1,1,1,0,17053,0.20330834541902384,26,3500,21038,0,54109,27371,64182,0,29098,31398,35518,0,601,6224,24615,0,17323,30129
409.632,1,1,0,1,1,17103,0.24587669107346682,31,3500,0,0,0,0,0,0,0,0,0,0,0,0,0,0,0,0
409.649,0,1,1,1,0,17015,0.20311563608687314,26,3500,21038,0,54109,27371,64182,0,29098,31398,35518,0,601,6224,24615,0,17323,30129
409.669,1,1,0,1,1,17016,0.24476444141070872,31,3500,0,0,0,0,0,0,0,0,0,0,0,0,0,0,0,0
409.686,0,1,1,1,0,16992,0.20305139964282287,26,3500,21038,0,54109,27371,64182,0,29098,31398,35518,0,601,6224,24615,0,17323,30129
409.706,1,1,0,1,1,17072,0.24539008184601016,31,3500,0,0,0,0,0,0,0,0,0,0,0,0,0,0,0,0
409.723,0,1,1,1,0,16954,0.2032441089749736,26,3500,21038,0,54109,27371,64182,0,29098,31398,35518,0,601,6224,24615,0,17323,30129
409.743,1,1,0,1,1,17063,0.24573765986562207,31,3500,0,0,0,0,0,0,0,0,0,0,0,0,0,0,0,0
409.76,0,1,1,1,0,16934,0.20298716319877264,26,3500,21038,0,54109,27371,64182,0,29098,31398,35518,0,601,6224,24615,0,17323,30129
409.78,1,1,0,1,1,16875,0.245181535034243,31,3500,0,0,0,0,0,0,0,0,0,0,0,0,0,0,0,0
409.797,0,1,1,1,0,16969,0.20298716319877264,26,3500,21038,0,54109,27371,64182,0,29098,31398,35518,0,601,6224,24615,0,17323,30129
409.817,1,1,0,1,1,16975,0.2455291130538549,31,3500,0,0,0,0,0,0,0,0,0,0,0,0,0,0,0,0
409.834,0,1,1,1,0,17008,0.2032441089749736,26,3500,21038,0,54109,27371,64182,0,29098,31398,35518,0,601,6224,24615,0,17323,30129
409.854,1,1,0,1,1,17231,0.24684990952838018,32,3500,0,0,0,0,0,0,0,0,0,0,0,0,0,0,0,0
409.871,0,1,1,1,0,16913,0.2029229267547224,26,3500,21038,0,54109,27371,64182,0,29098,31398,35518,0,601,6224,24615,0,17323,30129
409.891,1,1,0,1,1,16870,0.2456681442616997,31,3500,0,0,0,0,0,0,0,0,0,0,0,0,0,0,0,0
409.908,0,1,1,1,0,16902,0.20285869031067214,26,3500,21038,0,54109,27371,64182,0,29098,31398,35518,0,601,6224,24615,0,17323,30129
409.928,1,1,0,1,1,16870,0.2452510506381654,31,3500,0,0,0,0,0,0,0,0,0,0,0,0,0,0,0,0
409.945,0,1,1,1,0,16943,0.20298716319877264,26,3500,21038,0,54109,27371,64182,0,29098,31398,35518,0,601,6224,24615,0,17323,30129
409.965,1,1,0,1,1,16863,0.245181535034243,31,3500,0,0,0,0,0,0,0,0,0,0,0,0,0,0,0,0
409.982,0,1,1,1,0,16917,0.20298716319877264,26,3500,21038,0,54109,27371,64182,0,29098,31398,35518,0,601,6224,24615,0,17323,30129
410.002,1,1,0,1,1,16865,0.24545959744993254,31,3500,0,0,0,0,0,0,0,0,0,0,0,0,0,0,0,0
410.019,0,1,1,1,0,16860,0.20285869031067214,27,3500,21038,0,54109,27371,64182,0,29098,31398,35518,0,601,6224,24615,0,17323,30129
410.038,1,1,0,1,1,17231,0.2480316747950607,31,3500,0,0,0,0,0,0,0,0,0,0,0,0,0,0,0,0
410.056,0,1,1,1,0,16832,0.2029229267547224,26,3500,21038,0,54109,27371,64182,0,29098,31398,35518,0,601,6224,24615,0,17323,30129
410.075,1,1,0,1,1,16870,0.24657184711269067,31,3500,0,0,0,0,0,0,0,0,0,0,0,0,0,0,0,0
410.093,0,1,1,1,0,16818,0.20298716319877264,26,3500,21038,0,54109,27371,64182,0,29098,31398,35518,0,601,6224,24615,0,17323,30129
410.112,1,1,0,1,1,16894,0.24733651875583687,30,3500,0,0,0,0,0,0,0,0,0,0,0,0,0,0,0,0
410.13,0,1,1,1,0,16850,0.2029229267547224,26,3500,21038,0,54109,27371,64182,0,29098,31398,35518,0,601,6224,24615,0,17323,30129
410.149,1,1,0,1,1,17043,0.2472670031519145,33,3500,0,0,0,0,0,0,0,0,0,0,0,0,0,0,0,0
410.167,0,1,1,1,0,16917,0.2029229267547224,26,3500,21038,0,54109,27371,64182,0,29098,31398,35518,0,601,6224,24615,0,17323,30129
410.186,1,1,0,1,1,17231,0.2483792528146726,31,3500,0,0,0,0,0,0,0,0,0,0,0,0,0,0,0,0
410.204,0,1,1,1,0,16818,0.20285869031067214,26,3500,21038,0,54109,27371,64182,0,29098,31398,35518,0,601,6224,24615,0,17323,30129
410.223,1,1,0,1,1,16875,0.24594620667738923,31,3500,0,0,0,0,0,0,0,0,0,0,0,0,0,0,0,0
410.241,0,1,1,1,0,16918,0.20305139964282287,26,3500,21038,0,54109,27371,64182,0,29098,31398,35518,0,601,6224,24615,0,17323,30129
410.26,1,1,0,1,1,16860,0.24608523788523398,31,3500,0,0,0,0,0,0,0,0,0,0,0,0,0,0,0,0
410.278,0,1,1,1,0,16890,0.20298716319877264,26,3500,21038,0,54109,27371,64182,0,29098,31398,35518,0,601,6224,24615,0,17323,30129
410.297,1,1,0,1,1,16870,0.24545959744993254,31,3500,0,0,0,0,0,0,0,0,0,0,0,0,0,0,0,0
410.315,0,1,1,1,0,16832,0.20298716319877264,26,3500,21038,0,54109,27371,64182,0,29098,31398,35518,0,601,6224,24615,0,17323,30129
410.334,1,1,0,1,1,16875,0.24573765986562207,31,3500,0,0,0,0,0,0,0,0,0,0,0,0,0,0,0,0
410.352,0,1,1,1,0,16890,0.2029229267547224,26,3500,21038,0,54109,27371,64182,0,29098,31398,35518,0,601,6224,24615,0,17323,30129
410.371,1,1,0,1,1,16870,0.24497298822247587,31,3500,0,0,0,0,0,0,0,0,0,0,0,0,0,0,0,0
410.389,0,1,1,1,0,16890,0.20298716319877264,26,3500,21038,0,54109,27371,64182,0,29098,31398,35518,0,601,6224,24615,0,17323,30129
410.408,1,1,0,1,1,16875,0.2452510506381654,31,3500,0,0,0,0,0,0,0,0,0,0,0,0,0,0,0,0
410.426,0,1,1,1,0,16937,0.20298716319877264,26,3500,21038,0,54109,27371,64182,0,29098,31398,35518,0,601,6224,24615,0,17323,30129
410.445,1,1,0,1,1,16877,0.245181535034243,31,3500,0,0,0,0,0,0,0,0,0,0,0,0,0,0,0,0
410.463,0,1,1,1,0,16918,0.20298716319877264,26,3500,21038,0,54109,27371,64182,0,29098,31398,35518,0,601,6224,24615,0,17323,30129
410.482,1,1,0,1,1,16877,0.2455291130538549,31,3500,0,0,0,0,0,0,0,0,0,0,0,0,0,0,0,0
410.5,0,1,1,1,0,16925,0.2029229267547224,26,3500,21038,0,54109,27371,64182,0,29098,31398,35518,0,601,6224,24615,0,17323,30129
410.519,1,1,0,1,1,16875,0.24545959744993254,31,3500,0,0,0,0,0,0,0,0,0,0,0,0,0,0,0,0
410.537,0,1,1,1,0,16928,0.20305139964282287,26,3500,21038,0,54109,27371,64182,0,29098,31398,35518,0,601,6224,24615,0,17323,30129
410.556,1,1,0,1,1,16875,0.2456681442616997,31,3500,0,0,0,0,0,0,0,0,0,0,0,0,0,0,0,0
410.574,0,1,1,1,0,16940,0.2029229267547224,25,3500,21038,0,54109,27371,64182,0,29098,31398,35518,0,601,6224,24615,0,17323,30129
410.593,1,1,0,1,1,16876,0.24559862865777732,31,3500,0,0,0,0,0,0,0,0,0,0,0,0,0,0,0,0
410.611,0,1,1,1,0,16928,0.20298716319877264,26,3500,21038,0,54109,27371,64182,0,29098,31398,35518,0,601,6224,24615,0,17323,30129
410.63,1,1,0,1,1,16877,0.24580717546954445,31,3500,0,0,0,0,0,0,0,0,0,0,0,0,0,0,0,0
410.648,0,1,1,1,0,16943,0.20305139964282287,26,3500,21038,0,54109,27371,64182,0,29098,31398,35518,0,601,6224,24615,0,17323,30129
410.667,1,1,0,1,1,16875,0.24497298822247587,31,3500,0,0,0,0,0,0,0,0,0,0,0,0,0,0,0,0
410.685,0,1,1,1,0,17017,0.2032441089749736,26,3500,21038,0,54109,27371,64182,0,29098,31398,35518,0,601,6224,24615,0,17323,30129
410.704,1,1,0,1,1,17016,0.2455291130538549,31,3500,0,0,0,0,0,0,0,0,0,0,0,0,0,0,0,0
410.722,0,1,1,1,0,17017,0.20305139964282287,26,3500,21038,0,54109,27371,64182,0,29098,31398,35518,0,601,6224,24615,0,17323,30129
410.741,1,1,0,1,1,16870,0.24434734778717443,31,3500,0,0,0,0,0,0,0,0,0,0,0,0,0,0,0,0
410.759,0,1,1,1,0,16939,0.20317987253092337,26,3500,21038,0,54109,27371,64182,0,29098,31398,35518,0,601,6224,24615,0,17323,30129
410.778,1,1,0,1,1,16865,0.24413880097540727,31,3500,0,0,0,0,0,0,0,0,0,0,0,0,0,0,0,0
410.796,0,1,1,1,0,16944,0.20305139964282287,25,3500,21038,0,54109,27371,64182,0,29098,31398,35518,0,601,6224,24615,0,17323,30129
410.815,1,1,0,1,1,16865,0.24372170735187298,31,3500,0,0,0,0,0,0,0,0,0,0,0,0,0,0,0,0
410.833,0,1,1,1,0,16928,0.20298716319877264,26,3500,21038,0,54109,27371,64182,0,29098,31398,35518,0,601,6224,24615,0,17323,30129
410.852,1,1,0,1,1,16870,0.24344364493618345,31,3500,0,0,0,0,0,0,0,0,0,0,0,0,0,0,0,0
410.87,0,1,1,1,0,16958,0.20298716319877264,25,3500,21038,0,54109,27371,64182,0,29098,31398,35518,0,601,6224,24615,0,17323,30129
410.889,1,1,0,1,1,17231,0.24532056624208778,31,3500,0,0,0,0,0,0,0,0,0,0,0,0,0,0,0,0
410.907,0,1,1,1,0,16961,0.2029229267547224,26,3500,21038,0,54109,27371,64182,0,29098,31398,35518,0,601,6224,24615,0,17323,30129
410.926,1,1,0,1,1,17231,0.24532056624208778,31,3500,0,0,0,0,0,0,0,0,0,0,0,0,0,0,0,0
410.943,0,1,1,1,0,16967,0.20298716319877264,25,3500,21038,0,54109,27371,64182,0,29098,31398,35518,0,601,6224,24615,0,17323,30129
410.963,1,1,0,1,1,16881,0.2433046137283387,30,3500,0,0,0,0,0,0,0,0,0,0,0,0,0,0,0,0
410.98,0,1,1,1,0,16902,0.20298716319877264,26,3500,21038,0,54109,27371,64182,0,29098,31398,35518,0,601,6224,24615,0,17323,30129
411.0,1,1,0,1,1,16870,0.24316558252049392,31,3500,0,0,0,0,0,0,0,0,0,0,0,0,0,0,0,0
411.017,0,1,1,1,0,16899,0.20298716319877264,26,3500,21038,0,54109,27371,64182,0,29098,31398,35518,0,601,6224,24615,0,17323,30129
411.037,1,1,0,1,1,17231,0.24573765986562207,31,3500,0,0,0,0,0,0,0,0,0,0,0,0,0,0,0,0
411.054,0,1,1,1,0,16928,0.2029229267547224,26,3500,21038,0,54109,27371,64182,0,29098,31398,35518,0,601,6224,24615,0,17323,30129
411.074,1,1,0,1,1,17231,0.24580717546954445,31,3500,0,0,0,0,0,0,0,0,0,0,0,0,0,0,0,0
411.091,0,1,1,1,0,16858,0.2029229267547224,26,3500,21038,0,54109,27371,64182,0,29098,31398,35518,0,601,6224,24615,0,17323,30129
411.111,1,1,0,1,1,17231,0.2455291130538549,31,3500,0,0,0,0,0,0,0,0,0,0,0,0,0,0,0,0
411.128,0,1,1,1,0,16858,0.2029229267547224,26,3500,21038,0,54109,27371,64182,0,29098,31398,35518,0,601,6224,24615,0,17323,30129
411.148,1,1,0,1,1,16872,0.2440692853714849,31,3500,0,0,0,0,0,0,0,0,0,0,0,0,0,0,0,0
411.165,0,1,1,1,0,16858,0.2029229267547224,26,3500,21038,0,54109,27371,64182,0,29098,31398,35518,0,601,6224,24615,0,17323,30129
411.185,1,1,0,1,1,16872,0.24413880097540727,31,3500,0,0,0,0,0,0,0,0,0,0,0,0,0,0,0,0
411.202,0,1,1,1,0,16858,0.2029229267547224,26,3500,21038,0,54109,27371,64182,0,29098,31398,35518,0,601,6224,24615,0,17323,30129
411.222,1,1,0,1,1,16872,0.24420831657932965,31,3500,0,0,0,0,0,0,0,0,0,0,0,0,0,0,0,0
411.239,0,1,1,1,0,16875,0.20311563608687314,27,3500,21038,0,54109,27371,64182,0,29098,31398,35518,0,601,6224,24615,0,17323,30129
411.259,1,1,0,1,1,16875,0.24455589459894156,31,3500,0,0,0,0,0,0,0,0,0,0,0,0,0,0,0,0
411.276,0,1,1,1,0,16872,0.20305139964282287,26,3500,21038,0,54109,27371,64182,0,29098,31398,35518,0,601,6224,24615,0,17323,30129
411.296,1,1,0,1,1,16875,0.2455291130538549,31,3500,0,0,0,0,0,0,0,0,0,0,0,0,0,0,0,0
411.313,0,1,1,1,0,16860,0.2032441089749736,27,3500,21038,0,54109,27371,64182,0,29098,31398,35518,0,601,6224,24615,0,17323,30129
411.333,1,1,0,1,1,16875,0.2452510506381654,31,3500,0,0,0,0,0,0,0,0,0,0,0,0,0,0,0,0
411.35,0,1,1,1,0,16847,0.20317987253092337,26,3500,21038,0,54109,27371,64182,0,29098,31398,35518,0,601,6224,24615,0,17323,30129
411.37,1,1,0,1,1,17028,0.2467803939244578,31,3500,0,0,0,0,0,0,0,0,0,0,0,0,0,0,0,0
411.387,0,1,1,1,0,16858,0.2032441089749736,26,3500,21038,0,54109,27371,64182,0,29098,31398,35518,0,601,6224,24615,0,17323,30129
411.407,1,1,0,1,1,17020,0.24796215919113831,32,3500,0,0,0,0,0,0,0,0,0,0,0,0,0,0,0,0
411.424,0,1,1,1,0,16860,0.20317987253092337,27,3500,21038,0,54109,27371,64182,0,29098,31398,35518,0,601,6224,24615,0,17323,30129
411.444,1,1,0,1,1,17103,0.24928295566566358,31,3500,0,0,0,0,0,0,0,0,0,0,0,0,0,0,0,0
411.461,0,1,1,1,0,16969,0.20330834541902384,27,3500,21038,0,54109,27371,64182,0,29098,31398,35518,0,601,6224,24615,0,17323,30129
411.481,1,1,0,1,1,17097,0.24949150247743074,31,3500,0,0,0,0,0,0,0,0,0,0,0,0,0,0,0,0
411.498,0,1,1,1,0,16993,0.20311563608687314,27,3500,21038,0,54109,27371,64182,0,29098,31398,35518,0,601,6224,24615,0,17323,30129
411.518,1,1,0,1,1,17107,0.24983908049704265,31,3500,0,0,0,0,0,0,0,0,0,0,0,0,0,0,0,0
411.535,0,1,1,1,0,17003,0.20317987253092337,27,3500,21038,0,54109,27371,64182,0,29098,31398,35518,0,601,6224,24615,0,17323,30129
411.555,1,1,0,1,1,17123,0.2503256897244993,31,3500,0,0,0,0,0,0,0,0,0,0,0,0,0,0,0,0
411.572,0,1,1,1,0,17053,0.20298716319877264,26,3500,21038,0,54109,27371,64182,0,29098,31398,35518,0,601,6224,24615,0,17323,30129
411.592,1,1,0,1,1,17124,0.25018665851665456,31,3500,0,0,0,0,0,0,0,0,0,0,0,0,0,0,0,0
411.609,0,1,1,1,0,17019,0.20317987253092337,27,3500,21038,0,54109,27371,64182,0,29098,31398,35518,0,601,6224,24615,0,17323,30129
411.629,1,1,0,1,1,17124,0.2506037521401888,31,3500,0,0,0,0,0,0,0,0,0,0,0,0,0,0,0,0
411.646,0,1,1,1,0,17053,0.20305139964282287,26,3500,21038,0,54109,27371,64182,0,29098,31398,35518,0,601,6224,24615,0,17323,30129
411.666,1,1,0,1,1,17136,0.2508818145558784,31,3500,0,0,0,0,0,0,0,0,0,0,0,0,0,0,0,0
411.683,0,1,1,1,0,17063,0.20305139964282287,26,3500,21038,0,54109,27371,64182,0,29098,31398,35518,0,601,6224,24615,0,17323,30129
411.703,1,1,0,1,1,17135,0.25095133015980076,31,3500,0,0,0,0,0,0,0,0,0,0,0,0,0,0,0,0
411.72,0,1,1,1,0,17097,0.20305139964282287,26,3500,21038,0,54109,27371,64182,0,29098,31398,35518,0,601,6224,24615,0,17323,30129
411.74,1,1,0,1,1,17135,0.2512989081794127,31,3500,0,0,0,0,0,0,0,0,0,0,0,0,0,0,0,0
411.757,0,1,1,1,0,17097,0.20311563608687314,26,3500,21038,0,54109,27371,64182,0,29098,31398,35518,0,601,6224,24615,0,17323,30129
411.777,1,1,0,1,1,17140,0.2511598769715679,31,3500,0,0,0,0,0,0,0,0,0,0,0,0,0,0,0,0
411.794,0,1,1,1,0,17096,0.20298716319877264,26,3500,21038,0,54109,27371,64182,0,29098,31398,35518,0,601,6224,24615,0,17323,30129
411.814,1,1,0,1,1,17140,0.25143793938725745,31,3500,0,0,0,0,0,0,0,0,0,0,0,0,0,0,0,0
411.831,0,1,1,1,0,17097,0.20305139964282287,26,3500,21038,0,54109,27371,64182,0,29098,31398,35518,0,601,6224,24615,0,17323,30129
411.851,1,1,0,1,1,17140,0.2512989081794127,31,3500,0,0,0,0,0,0,0,0,0,0,0,0,0,0,0,0
411.868,0,1,1,1,0,17097,0.20298716319877264,26,3500,21038,0,54109,27371,64182,0,29098,31398,35518,0,601,6224,24615,0,17323,30129
411.888,1,1,0,1,1,17140,0.25122939257549026,31,3500,0,0,0,0,0,0,0,0,0,0,0,0,0,0,0,0
411.905,0,1,1,1,0,17097,0.20311563608687314,26,3500,21038,0,54109,27371,64182,0,29098,31398,35518,0,601,6224,24615,0,17323,30129
411.925,1,1,0,1,1,17140,0.2508818145558784,31,3500,0,0,0,0,0,0,0,0,0,0,0,0,0,0,0,0
411.942,0,1,1,1,0,17097,0.20317987253092337,26,3500,21038,0,54109,27371,64182,0,29098,31398,35518,0,601,6224,24615,0,17323,30129
411.962,1,1,0,1,1,17140,0.25136842378333507,31,3500,0,0,0,0,0,0,0,0,0,0,0,0,0,0,0,0
411.979,0,1,1,1,0,17042,0.20311563608687314,26,3500,21038,0,54109,27371,64182,0,29098,31398,35518,0,601,6224,24615,0,17323,30129
411.999,1,1,0,1,1,17136,0.25143793938725745,32,3500,0,0,0,0,0,0,0,0,0,0,0,0,0,0,0,0
412.016,0,1,1,1,0,17096,0.20317987253092337,26,3500,21038,0,54109,27371,64182,0,29098,31398,35518,0,601,6224,24615,0,17323,30129
412.036,1,1,0,1,1,17141,0.25171600180294695,32,3500,0,0,0,0,0,0,0,0,0,0,0,0,0,0,0,0
412.053,0,1,1,1,0,17041,0.20305139964282287,26,3500,21038,0,54109,27371,64182,0,29098,31398,35518,0,601,6224,24615,0,17323,30129
412.073,1,1,0,1,1,17140,0.2515769705951022,31,3500,0,0,0,0,0,0,0,0,0,0,0,0,0,0,0,0
412.09,0,1,1,1,0,17096,0.20343681830712435,26,3500,21038,0,54109,27371,64182,0,29098,31398,35518,0,601,6224,24615,0,17323,30129
412.11,1,1,0,1,1,17141,0.2515074549911798,32,3500,0,0,0,0,0,0,0,0,0,0,0,0,0,0,0,0
412.127,0,1,1,1,0,17095,0.20330834541902384,26,3500,21038,0,54109,27371,64182,0,29098,31398,35518,0,601,6224,24615,0,17323,30129
412.147,1,1,0,1,1,17140,0.25122939257549026,31,3500,0,0,0,0,0,0,0,0,0,0,0,0,0,0,0,0
412.164,0,1,1,1,0,17097,0.20330834541902384,26,3500,21038,0,54109,27371,64182,0,29098,31398,35518,0,601,6224,24615,0,17323,30129
412.184,1,1,0,1,1,17141,0.25136842378333507,32,3500,0,0,0,0,0,0,0,0,0,0,0,0,0,0,0,0
412.201,0,1,1,1,0,17097,0.20330834541902384,26,3500,21038,0,54109,27371,64182,0,29098,31398,35518,0,601,6224,24615,0,17323,30129
412.221,1,1,0,1,1,17141,0.25102084576372313,32,3500,0,0,0,0,0,0,0,0,0,0,0,0,0,0,0,0
412.238,0,1,1,1,0,17097,0.20330834541902384,26,3500,21038,0,54109,27371,64182,0,29098,31398,35518,0,601,6224,24615,0,17323,30129
412.258,1,1,0,1,1,17141,0.25136842378333507,32,3500,0,0,0,0,0,0,0,0,0,0,0,0,0,0,0,0
412.275,0,1,1,1,0,17097,0.2032441089749736,26,3500,21038,0,54109,27371,64182,0,29098,31398,35518,0,601,6224,24615,0,17323,30129
412.295,1,1,0,1,1,17140,0.25122939257549026,31,3500,0,0,0,0,0,0,0,0,0,0,0,0,0,0,0,0
412.312,0,1,1,1,0,17044,0.2032441089749736,26,3500,21038,0,54109,27371,64182,0,29098,31398,35518,0,601,6224,24615,0,17323,30129
412.332,1,1,0,1,1,17140,0.25102084576372313,31,3500,0,0,0,0,0,0,0,0,0,0,0,0,0,0,0,0
412.349,0,1,1,1,0,17093,0.20330834541902384,26,3500,21038,0,54109,27371,64182,0,29098,31398,35518,0,601,6224,24615,0,17323,30129
412.369,1,1,0,1,1,17140,0.2512989081794127,31,3500,0,0,0,0,0,0,0,0,0,0,0,0,0,0,0,0
412.386,0,1,1,1,0,17096,0.20305139964282287,26,3500,21038,0,54109,27371,64182,0,29098,31398,35518,0,601,6224,24615,0,17323,30129
412.406,1,1,0,1,1,17140,0.2515074549911798,31,3500,0,0,0,0,0,0,0,0,0,0,0,0,0,0,0,0
412.423,0,1,1,1,0,17096,0.20311563608687314,26,3500,21038,0,54109,27371,64182,0,29098,31398,35518,0,601,6224,24615,0,17323,30129
412.443,1,1,0,1,1,17140,0.2512989081794127,31,3500,0,0,0,0,0,0,0,0,0,0,0,0,0,0,0,0
412.46,0,1,1,1,0,17042,0.20305139964282287,26,3500,21038,0,54109,27371,64182,0,29098,31398,35518,0,601,6224,24615,0,17323,30129
412.48,1,1,0,1,1,17140,0.25171600180294695,31,3500,0,0,0,0,0,0,0,0,0,0,0,0,0,0,0,0
412.497,0,1,1,1,0,17095,0.20298716319877264,26,3500,21038,0,54109,27371,64182,0,29098,31398,35518,0,601,6224,24615,0,17323,30129
412.517,1,1,0,1,1,17140,0.25102084576372313,31,3500,0,0,0,0,0,0,0,0,0,0,0,0,0,0,0,0
412.534,0,1,1,1,0,17044,0.20305139964282287,26,3500,21038,0,54109,27371,64182,0,29098,31398,35518,0,601,6224,24615,0,17323,30129
412.554,1,1,0,1,1,17140,0.2507427833480336,31,3500,0,0,0,0,0,0,0,0,0,0,0,0,0,0,0,0
412.571,0,1,1,1,0,17044,0.20305139964282287,26,3500,21038,0,54109,27371,64182,0,29098,31398,35518,0,601,6224,24615,0,17323,30129
412.591,1,1,0,1,1,17140,0.2511598769715679,31,3500,0,0,0,0,0,0,0,0,0,0,0,0,0,0,0,0
412.608,0,1,1,1,0,17044,0.20311563608687314,26,3500,21038,0,54109,27371,64182,0,29098,31398,35518,0,601,6224,24615,0,17323,30129
412.628,1,1,0,1,1,17140,0.25122939257549026,31,3500,0,0,0,0,0,0,0,0,0,0,0,0,0,0,0,0
412.645,0,1,1,1,0,17044,0.20317987253092337,26,3500,21038,0,54109,27371,64182,0,29098,31398,35518,0,601,6224,24615,0,17323,30129
412.665,1,1,0,1,1,17140,0.25095133015980076,31,3500,0,0,0,0,0,0,0,0,0,0,0,0,0,0,0,0
412.682,0,1,1,1,0,17096,0.20311563608687314,26,3500,21038,0,54109,27371,64182,0,29098,31398,35518,0,601,6224,24615,0,17323,30129
412.702,1,1,0,1,1,17141,0.2507427833480336,31,3500,0,0,0,0,0,0,0,0,0,0,0,0,0,0,0,0
412.719,0,1,1,1,0,17044,0.20311563608687314,26,3500,21038,0,54109,27371,64182,0,29098,31398,35518,0,601,6224,24615,0,17323,30129
412.739,1,1,0,1,1,17141,0.2510903613676455,32,3500,0,0,0,0,0,0,0,0,0,0,0,0,0,0,0,0
412.756,0,1,1,1,0,17097,0.20305139964282287,26,3500,21038,0,54109,27371,64182,0,29098,31398,35518,0,601,6224,24615,0,17323,30129
412.776,1,1,0,1,1,17141,0.25095133015980076,32,3500,0,0,0,0,0,0,0,0,0,0,0,0,0,0,0,0
412.793,0,1,1,1,0,17097,0.20305139964282287,26,3500,21038,0,54109,27371,64182,0,29098,31398,35518,0,601,6224,24615,0,17323,30129
412.813,1,1,0,1,1,17141,0.25102084576372313,32,3500,0,0,0,0,0,0,0,0,0,0,0,0,0,0,0,0
412.83,0,1,1,1,0,17097,0.20317987253092337,26,3500,21038,0,54109,27371,64182,0,29098,31398,35518,0,601,6224,24615,0,17323,30129
412.85,1,1,0,1,1,17141,0.25095133015980076,32,3500,0,0,0,0,0,0,0,0,0,0,0,0,0,0,0,0
412.867,0,1,1,1,0,17136,0.2032441089749736,26,3500,21038,0,54109,27371,64182,0,29098,31398,35518,0,601,6224,24615,0,17323,30129
412.887,1,1,0,1,1,17141,0.250812298951956,32,3500,0,0,0,0,0,0,0,0,0,0,0,0,0,0,0,0
412.904,0,1,1,1,0,17097,0.20311563608687314,26,3500,21038,0,54109,27371,64182,0,29098,31398,35518,0,601,6224,24615,0,17323,30129
412.923,1,1,0,1,1,17140,0.25053423653626644,31,3500,0,0,0,0,0,0,0,0,0,0,0,0,0,0,0,0
412.941,0,1,1,1,0,17044,0.20298716319877264,26,3500,21038,0,54109,27371,64182,0,29098,31398,35518,0,601,6224,24615,0,17323,30129
412.96,1,1,0,1,1,17141,0.2508818145558784,32,3500,0,0,0,0,0,0,0,0,0,0,0,0,0,0,0,0
412.978,0,1,1,1,0,17136,0.20311563608687314,26,3500,21038,0,54109,27371,64182,0,29098,31398,35518,0,601,6224,24615,0,17323,30129
412.997,1,1,0,1,1,17141,0.250812298951956,32,3500,0,0,0,0,0,0,0,0,0,0,0,0,0,0,0,0
413.015,0,1,1,1,0,17136,0.20311563608687314,26,3500,21038,0,54109,27371,64182,0,29098,31398,35518,0,601,6224,24615,0,17323,30129
413.034,1,1,0,1,1,17141,0.25095133015980076,32,3500,0,0,0,0,0,0,0,0,0,0,0,0,0,0,0,0
413.052,0,1,1,1,0,17136,0.2032441089749736,26,3500,21038,0,54109,27371,64182,0,29098,31398,35518,0,601,6224,24615,0,17323,30129
413.071,1,1,0,1,1,17141,0.2510903613676455,32,3500,0,0,0,0,0,0,0,0,0,0,0,0,0,0,0,0
413.089,0,1,1,1,0,17136,0.20311563608687314,26,3500,21038,0,54109,27371,64182,0,29098,31398,35518,0,601,6224,24615,0,17323,30129
413.108,1,1,0,1,1,17140,0.25102084576372313,31,3500,0,0,0,0,0,0,0,0,0,0,0,0,0,0,0,0
413.126,0,1,1,1,0,17138,0.2032441089749736,26,3500,21038,0,54109,27371,64182,0,29098,31398,35518,0,601,6224,24615,0,17323,30129
413.145,1,1,0,1,1,17141,0.25136842378333507,32,3500,0,0,0,0,0,0,0,0,0,0,0,0,0,0,0,0
413.163,0,1,1,1,0,17097,0.20311563608687314,26,3500,21038,0,54109,27371,64182,0,29098,31398,35518,0,601,6224,24615,0,17323,30129
413.182,1,1,0,1,1,17141,0.25136842378333507,32,3500,0,0,0,0,0,0,0,0,0,0,0,0,0,0,0,0
413.2,0,1,1,1,0,17136,0.2032441089749736,26,3500,21038,0,54109,27371,64182,0,29098,31398,35518,0,601,6224,24615,0,17323,30129
413.219,1,1,0,1,1,17141,0.25095133015980076,32,3500,0,0,0,0,0,0,0,0,0,0,0,0,0,0,0,0
413.237,0,1,1,1,0,17096,0.20311563608687314,26,3500,21038,0,54109,27371,64182,0,29098,31398,35518,0,601,6224,24615,0,17323,30129
413.256,1,1,0,1,1,17141,0.2516464861990246,32,3500,0,0,0,0,0,0,0,0,0,0,0,0,0,0,0,0
413.274,0,1,1,1,0,17136,0.2032441089749736,26,3500,21038,0,54109,27371,64182,0,29098,31398,35518,0,601,6224,24615,0,17323,30129
413.293,1,1,0,1,1,17141,0.2512989081794127,32,3500,0,0,0,0,0,0,0,0,0,0,0,0,0,0,0,0
413.311,0,1,1,1,0,17128,0.20298716319877264,26,3500,21038,0,54109,27371,64182,0,29098,31398,35518,0,601,6224,24615,0,17323,30129
413.33,1,1,0,1,1,17141,0.25136842378333507,32,3500,0,0,0,0,0,0,0,0,0,0,0,0,0,0,0,0
413.348,0,1,1,1,0,17116,0.20317987253092337,26,3500,21038,0,54109,27371,64182,0,29098,31398,35518,0,601,6224,24615,0,17323,30129
413.367,1,1,0,1,1,17141,0.2515769705951022,32,3500,0,0,0,0,0,0,0,0,0,0,0,0,0,0,0,0
413.385,0,1,1,1,0,17136,0.20317987253092337,26,3500,21038,0,54109,27371,64182,0,29098,31398,35518,0,601,6224,24615,0,17323,30129
413.404,1,1,0,1,1,17141,0.2515074549911798,32,3500,0,0,0,0,0,0,0,0,0,0,0,0,0,0,0,0
413.422,0,1,1,1,0,17133,0.20311563608687314,26,3500,21038,0,54109,27371,64182,0,29098,31398,35518,0,601,6224,24615,0,17323,30129
413.441,1,1,0,1,1,17141,0.2512989081794127,32,3500,0,0,0,0,0,0,0,0,0,0,0,0,0,0,0,0
413.459,0,1,1,1,0,17129,0.20311563608687314,26,3500,21038,0,54109,27371,64182,0,29098,31398,35518,0,601,6224,24615,0,17323,30129
413.478,1,1,0,1,1,17141,0.2511598769715679,32,3500,0,0,0,0,0,0,0,0,0,0,0,0,0,0,0,0
413.496,0,1,1,1,0,17135,0.20317987253092337,26,3500,21038,0,54109,27371,64182,0,29098,31398,35518,0,601,6224,24615,0,17323,30129
413.515,1,1,0,1,1,17141,0.25136842378333507,32,3500,0,0,0,0,0,0,0,0,0,0,0,0,0,0,0,0
413.533,0,1,1,1,0,17115,0.20305139964282287,26,3500,21038,0,54109,27371,64182,0,29098,31398,35518,0,601,6224,24615,0,17323,30129
413.552,1,1,0,1,1,17140,0.2510903613676455,31,3500,0,0,0,0,0,0,0,0,0,0,0,0,0,0,0,0
413.57,0,1,1,1,0,17135,0.20317987253092337,26,3500,21038,0,54109,27371,64182,0,29098,31398,35518,0,601,6224,24615,0,17323,30129
413.589,1,1,0,1,1,17141,0.2511598769715679,32,3500,0,0,0,0,0,0,0,0,0,0,0,0,0,0,0,0
413.607,0,1,1,1,0,17119,0.20317987253092337,26,3500,21038,0,54109,27371,64182,0,29098,31398,35518,0,601,6224,24615,0,17323,30129
413.626,1,1,0,1,1,17141,0.2515769705951022,31,3500,0,0,0,0,0,0,0,0,0,0,0,0,0,0,0,0
413.644,0,1,1,1,0,17136,0.2032441089749736,26,3500,21038,0,54109,27371,64182,0,29098,31398,35518,0,601,6224,24615,0,17323,30129
413.663,1,1,0,1,1,17141,0.2510903613676455,32,3500,0,0,0,0,0,0,0,0,0,0,0,0,0,0,0,0
413.681,0,1,1,1,0,17097,0.20317987253092337,26,3500,21038,0,54109,27371,64182,0,29098,31398,35518,0,601,6224,24615,0,17323,30129
413.7,1,1,0,1,1,17141,0.2510903613676455,32,3500,0,0,0,0,0,0,0,0,0,0,0,0,0,0,0,0
413.718,0,1,1,1,0,17136,0.20298716319877264,26,3500,21038,0,54109,27371,64182,0,29098,31398,35518,0,601,6224,24615,0,17323,30129
413.737,1,1,0,1,1,17141,0.2515074549911798,32,3500,0,0,0,0,0,0,0,0,0,0,0,0,0,0,0,0
413.755,0,1,1,1,0,17096,0.20330834541902384,26,3500,21038,0,54109,27371,64182,0,29098,31398,35518,0,601,6224,24615,0,17323,30129
413.774,1,1,0,1,1,17141,0.25143793938725745,32,3500,0,0,0,0,0,0,0,0,0,0,0,0,0,0,0,0
413.791,0,1,1,1,0,17136,0.2032441089749736,26,3500,21038,0,54109,27371,64182,0,29098,31398,35518,0,601,6224,24615,0,17323,30129
413.811,1,1,0,1,1,17141,0.2510903613676455,32,3500,0,0,0,0,0,0,0,0,0,0,0,0,0,0,0,0
413.828,0,1,1,1,0,17101,0.20317987253092337,26,3500,21038,0,54109,27371,64182,0,29098,31398,35518,0,601,6224,24615,0,17323,30129
413.848,1,1,0,1,1,16878,0.25102084576372313,30,3500,0,0,0,0,0,0,0,0,0,0,0,0,0,0,0,0
413.865,0,1,1,1,0,17115,0.20311563608687314,26,3500,21038,0,54109,27371,64182,0,29098,31398,35518,0,601,6224,24615,0,17323,30129
413.885,1,1,0,1,1,17034,0.25102084576372313,33,3500,0,0,0,0,0,0,0,0,0,0,0,0,0,0,0,0
413.902,0,1,1,1,0,17101,0.20311563608687314,26,3500,21038,0,54109,27371,64182,0,29098,31398,35518,0,601,6224,24615,0,17323,30129
413.922,1,1,0,1,1,16853,0.25102084576372313,30,3500,0,0,0,0,0,0,0,0,0,0,0,0,0,0,0,0
413.939,0,1,1,1,0,17139,0.20311563608687314,26,3500,21038,0,54109,27371,64182,0,29098,31398,35518,0,601,6224,24615,0,17323,30129
413.959,1,1,0,1,1,17048,0.25171600180294695,33,3500,0,0,0,0,0,0,0,0,0,0,0,0,0,0,0,0
413.976,0,1,1,1,0,17116,0.20317987253092337,26,3500,21038,0,54109,27371,64182,0,29098,31398,35518,0,601,6224,24615,0,17323,30129
413.996,1,1,0,1,1,16838,0.25171600180294695,30,3500,0,0,0,0,0,0,0,0,0,0,0,0,0,0,0,0
414.013,0,1,1,1,0,17133,0.20317987253092337,26,3500,21038,0,54109,27371,64182,0,29098,31398,35518,0,601,6224,24615,0,17323,30129
414.033,1,1,0,1,1,17034,0.2520635798225589,33,3500,0,0,0,0,0,0,0,0,0,0,0,0,0,0,0,0
414.05,0,1,1,1,0,17133,0.20311563608687314,26,3500,21038,0,54109,27371,64182,0,29098,31398,35518,0,601,6224,24615,0,17323,30129
414.07,1,1,0,1,1,16852,0.25122939257549026,30,3500,0,0,0,0,0,0,0,0,0,0,0,0,0,0,0,0
414.087,0,1,1,1,0,17091,0.20305139964282287,26,3500,21038,0,54109,27371,64182,0,29098,31398,35518,0,601,6224,24615,0,17323,30129
414.107,1,1,0,1,1,16876,0.2518550330107917,30,3500,0,0,0,0,0,0,0,0,0,0,0,0,0,0,0,0
414.124,0,1,1,1,0,17133,0.2032441089749736,26,3500,21038,0,54109,27371,64182,0,29098,31398,35518,0,601,6224,24615,0,17323,30129
414.144,1,1,0,1,1,16852,0.2516464861990246,30,3500,0,0,0,0,0,0,0,0,0,0,0,0,0,0,0,0
414.161,0,1,1,1,0,17091,0.20311563608687314,26,3500,21038,0,54109,27371,64182,0,29098,31398,35518,0,601,6224,24615,0,17323,30129
414.181,1,1,0,1,1,16853,0.25171600180294695,30,3500,0,0,0,0,0,0,0,0,0,0,0,0,0,0,0,0
414.198,0,1,1,1,0,17115,0.20305139964282287,26,3500,21038,0,54109,27371,64182,0,29098,31398,35518,0,601,6224,24615,0,17323,30129
414.218,1,1,0,1,1,16857,0.25178551740686933,30,3500,0,0,0,0,0,0,0,0,0,0,0,0,0,0,0,0
414.235,0,1,1,1,0,17114,0.20298716319877264,26,3500,21038,0,54109,27371,64182,0,29098,31398,35518,0,601,6224,24615,0,17323,30129
414.255,1,1,0,1,1,16876,0.2518550330107917,30,3500,0,0,0,0,0,0,0,0,0,0,0,0,0,0,0,0
414.272,0,1,1,1,0,17115,0.20311563608687314,26,3500,21038,0,54109,27371,64182,0,29098,31398,35518,0,601,6224,24615,0,17323,30129
414.292,1,1,0,1,1,16875,0.25192454861471414,30,3500,0,0,0,0,0,0,0,0,0,0,0,0,0,0,0,0
414.309,0,1,1,1,0,17136,0.20305139964282287,26,3500,21038,0,54109,27371,64182,0,29098,31398,35518,0,601,6224,24615,0,17323,30129
414.329,1,1,0,1,1,16876,0.25178551740686933,30,3500,0,0,0,0,0,0,0,0,0,0,0,0,0,0,0,0
414.346,0,1,1,1,0,17131,0.20305139964282287,26,3500,21038,0,54109,27371,64182,0,29098,31398,35518,0,601,6224,24615,0,17323,30129
414.366,1,1,0,1,1,16837,0.2518550330107917,30,3500,0,0,0,0,0,0,0,0,0,0,0,0,0,0,0,0
414.383,0,1,1,1,0,17133,0.20298716319877264,26,3500,21038,0,54109,27371,64182,0,29098,31398,35518,0,601,6224,24615,0,17323,30129
414.403,1,1,0,1,1,16838,0.2524111578421708,30,3500,0,0,0,0,0,0,0,0,0,0,0,0,0,0,0,0
414.42,0,1,1,1,0,17118,0.2029229267547224,26,3500,21038,0,54109,27371,64182,0,29098,31398,35518,0,601,6224,24615,0,17323,30129
414.44,1,1,0,1,1,16852,0.25178551740686933,30,3500,0,0,0,0,0,0,0,0,0,0,0,0,0,0,0,0
414.457,0,1,1,1,0,17115,0.20285869031067214,26,3500,21038,0,54109,27371,64182,0,29098,31398,35518,0,601,6224,24615,0,17323,30129
414.477,1,1,0,1,1,16837,0.252272126634326,30,3500,0,0,0,0,0,0,0,0,0,0,0,0,0,0,0,0
414.494,0,1,1,1,0,17059,0.2029229267547224,26,3500,21038,0,54109,27371,64182,0,29098,31398,35518,0,601,6224,24615,0,17323,30129
414.514,1,1,0,1,1,16876,0.2520635798225589,30,3500,0,0,0,0,0,0,0,0,0,0,0,0,0,0,0,0
414.531,0,1,1,1,0,16958,0.2029229267547224,25,3500,21038,0,54109,27371,64182,0,29098,31398,35518,0,601,6224,24615,0,17323,30129
414.551,1,1,0,1,1,16837,0.25248067344609315,30,3500,0,0,0,0,0,0,0,0,0,0,0,0,0,0,0,0
414.568,0,1,1,1,0,17103,0.20285869031067214,26,3500,21038,0,54109,27371,64182,0,29098,31398,35518,0,601,6224,24615,0,17323,30129
414.588,1,1,0,1,1,16838,0.2518550330107917,30,3500,0,0,0,0,0,0,0,0,0,0,0,0,0,0,0,0
414.605,0,1,1,1,0,17059,0.20298716319877264,26,3500,21038,0,54109,27371,64182,0,29098,31398,35518,0,601,6224,24615,0,17323,30129
414.625,1,1,0,1,1,17034,0.252272126634326,31,3500,0,0,0,0,0,0,0,0,0,0,0,0,0,0,0,0
414.642,0,1,1,1,0,17128,0.20298716319877264,26,3500,21038,0,54109,27371,64182,0,29098,31398,35518,0,601,6224,24615,0,17323,30129
414.662,1,1,0,1,1,17048,0.2519940642186365,31,3500,0,0,0,0,0,0,0,0,0,0,0,0,0,0,0,0
414.679,0,1,1,1,0,17059,0.2027944538666219,26,3500,21038,0,54109,27371,64182,0,29098,31398,35518,0,601,6224,24615,0,17323,30129
414.699,1,1,0,1,1,17128,0.2523416422382484,31,3500,0,0,0,0,0,0,0,0,0,0,0,0,0,0,0,0
414.716,0,1,1,1,0,17014,0.20298716319877264,26,3500,21038,0,54109,27371,64182,0,29098,31398,35518,0,601,6224,24615,0,17323,30129
414.736,1,1,0,1,1,17048,0.2523416422382484,31,3500,0,0,0,0,0,0,0,0,0,0,0,0,0,0,0,0
414.753,0,1,1,1,0,16992,0.20273021742257166,25,3500,21038,0,54109,27371,64182,0,29098,31398,35518,0,601,6224,24615,0,17323,30129
414.773,1,1,0,1,1,17048,0.2520635798225589,31,3500,0,0,0,0,0,0,0,0,0,0,0,0,0,0,0,0
414.79,0,1,1,1,0,16959,0.2027944538666219,25,3500,21038,0,54109,27371,64182,0,29098,31398,35518,0,601,6224,24615,0,17323,30129
414.81,1,1,0,1,1,16838,0.2515769705951022,30,3500,0,0,0,0,0,0,0,0,0,0,0,0,0,0,0,0
414.827,0,1,1,1,0,16902,0.20260174453447116,25,3500,21038,0,54109,27371,64182,0,29098,31398,35518,0,601,6224,24615,0,17323,30129
414.847,1,1,0,1,1,17128,0.25213309542648127,31,3500,0,0,0,0,0,0,0,0,0,0,0,0,0,0,0,0
414.864,0,1,1,1,0,16904,0.2027944538666219,25,3500,21038,0,54109,27371,64182,0,29098,31398,35518,0,601,6224,24615,0,17323,30129
414.884,1,1,0,1,1,17080,0.2520635798225589,31,3500,0,0,0,0,0,0,0,0,0,0,0,0,0,0,0,0
414.901,0,1,1,1,0,16883,0.20273021742257166,25,3500,21038,0,54109,27371,64182,0,29098,31398,35518,0,601,6224,24615,0,17323,30129
414.921,1,1,0,1,1,17104,0.25192454861471414,31,3500,0,0,0,0,0,0,0,0,0,0,0,0,0,0,0,0
414.938,0,1,1,1,0,16869,0.20260174453447116,25,3500,21038,0,54109,27371,64182,0,29098,31398,35518,0,601,6224,24615,0,17323,30129
414.958,1,1,0,1,1,17128,0.2518550330107917,31,3500,0,0,0,0,0,0,0,0,0,0,0,0,0,0,0,0
414.975,0,1,1,1,0,16834,0.20260174453447116,26,3500,21038,0,54109,27371,64182,0,29098,31398,35518,0,601,6224,24615,0,17323,30129
414.995,1,1,0,1,1,17128,0.25213309542648127,31,3500,0,0,0,0,0,0,0,0,0,0,0,0,0,0,0,0
415.012,0,1,1,1,0,16884,0.20253750809042093,25,3500,21038,0,54109,27371,64182,0,29098,31398,35518,0,601,6224,24615,0,17323,30129
415.032,1,1,0,1,1,17128,0.25136842378333507,31,3500,0,0,0,0,0,0,0,0,0,0,0,0,0,0,0,0
415.049,0,1,1,1,0,16834,0.20253750809042093,26,3500,21038,0,54109,27371,64182,0,29098,31398,35518,0,601,6224,24615,0,17323,30129
415.069,1,1,0,1,1,17118,0.25143793938725745,31,3500,0,0,0,0,0,0,0,0,0,0,0,0,0,0,0,0
415.086,0,1,1,1,0,16893,0.20260174453447116,25,3500,21038,0,54109,27371,64182,0,29098,31398,35518,0,601,6224,24615,0,17323,30129
415.106,1,1,0,1,1,17136,0.25178551740686933,31,3500,0,0,0,0,0,0,0,0,0,0,0,0,0,0,0,0
415.123,0,1,1,1,0,16914,0.20260174453447116,25,3500,21038,0,54109,27371,64182,0,29098,31398,35518,0,601,6224,24615,0,17323,30129
415.143,1,1,0,1,1,17136,0.25192454861471414,31,3500,0,0,0,0,0,0,0,0,0,0,0,0,0,0,0,0
415.16,0,1,1,1,0,16843,0.20260174453447116,25,3500,21038,0,54109,27371,64182,0,29098,31398,35518,0,601,6224,24615,0,17323,30129
415.18,1,1,0,1,1,17136,0.2511598769715679,31,3500,0,0,0,0,0,0,0,0,0,0,0,0,0,0,0,0
415.197,0,1,1,1,0,16992,0.2026659809785214,25,3500,21038,0,54109,27371,64182,0,29098,31398,35518,0,601,6224,24615,0,17323,30129
415.217,1,1,0,1,1,17136,0.2510903613676455,31,3500,0,0,0,0,0,0,0,0,0,0,0,0,0,0,0,0
415.234,0,1,1,1,0,16973,0.20285869031067214,25,3500,21038,0,54109,27371,64182,0,29098,31398,35518,0,601,6224,24615,0,17323,30129
415.254,1,1,0,1,1,17064,0.25102084576372313,31,3500,0,0,0,0,0,0,0,0,0,0,0,0,0,0,0,0
415.271,0,1,1,1,0,16938,0.2026659809785214,25,3500,21038,0,54109,27371,64182,0,29098,31398,35518,0,601,6224,24615,0,17323,30129
415.291,1,1,0,1,1,17128,0.25095133015980076,31,3500,0,0,0,0,0,0,0,0,0,0,0,0,0,0,0,0
415.308,0,1,1,1,0,16828,0.20273021742257166,25,3500,21038,0,54109,27371,64182,0,29098,31398,35518,0,601,6224,24615,0,17323,30129
415.328,1,1,0,1,1,17097,0.25095133015980076,31,3500,0,0,0,0,0,0,0,0,0,0,0,0,0,0,0,0
415.345,0,1,1,1,0,16923,0.20273021742257166,25,3500,21038,0,54109,27371,64182,0,29098,31398,35518,0,601,6224,24615,0,17323,30129
415.365,1,1,0,1,1,17048,0.2506037521401888,31,3500,0,0,0,0,0,0,0,0,0,0,0,0,0,0,0,0
415.382,0,1,1,1,0,16992,0.2027944538666219,25,3500,21038,0,54109,27371,64182,0,29098,31398,35518,0,601,6224,24615,0,17323,30129
415.402,1,1,0,1,1,17128,0.25067326774411125,31,3500,0,0,0,0,0,0,0,0,0,0,0,0,0,0,0,0
415.419,0,1,1,1,0,17021,0.20285869031067214,26,3500,21038,0,54109,27371,64182,0,29098,31398,35518,0,601,6224,24615,0,17323,30129
415.439,1,1,0,1,1,16838,0.24990859610096502,30,3500,0,0,0,0,0,0,0,0,0,0,0,0,0,0,0,0
415.456,0,1,1,1,0,17054,0.2029229267547224,26,3500,21038,0,54109,27371,64182,0,29098,31398,35518,0,601,6224,24615,0,17323,30129
415.476,1,1,0,1,1,17128,0.2510903613676455,31,3500,0,0,0,0,0,0,0,0,0,0,0,0,0,0,0,0
415.493,0,1,1,1,0,17118,0.20285869031067214,26,3500,21038,0,54109,27371,64182,0,29098,31398,35518,0,601,6224,24615,0,17323,30129
415.513,1,1,0,1,1,17113,0.25025617412057694,31,3500,0,0,0,0,0,0,0,0,0,0,0,0,0,0,0,0
415.53,0,1,1,1,0,16970,0.20285869031067214,25,3500,21038,0,54109,27371,64182,0,29098,31398,35518,0,601,6224,24615,0,17323,30129
415.55,1,1,0,1,1,17128,0.2503256897244993,31,3500,0,0,0,0,0,0,0,0,0,0,0,0,0,0,0,0
415.567,0,1,1,1,0,16968,0.20285869031067214,25,3500,21038,0,54109,27371,64182,0,29098,31398,35518,0,601,6224,24615,0,17323,30129
415.587,1,1,0,1,1,17113,0.25018665851665456,31,3500,0,0,0,0,0,0,0,0,0,0,0,0,0,0,0,0
415.604,0,1,1,1,0,16935,0.20298716319877264,26,3500,21038,0,54109,27371,64182,0,29098,31398,35518,0,601,6224,24615,0,17323,30129
415.624,1,1,0,1,1,16838,0.24928295566566358,30,3500,0,0,0,0,0,0,0,0,0,0,0,0,0,0,0,0
415.641,0,1,1,1,0,17009,0.2027944538666219,26,3500,21038,0,54109,27371,64182,0,29098,31398,35518,0,601,6224,24615,0,17323,30129
415.661,1,1,0,1,1,16835,0.24949150247743074,30,3500,0,0,0,0,0,0,0,0,0,0,0,0,0,0,0,0
415.678,0,1,1,1,0,17008,0.20285869031067214,26,3500,21038,0,54109,27371,64182,0,29098,31398,35518,0,601,6224,24615,0,17323,30129
415.698,1,1,0,1,1,16853,0.24970004928919787,30,3500,0,0,0,0,0,0,0,0,0,0,0,0,0,0,0,0
415.715,0,1,1,1,0,17054,0.2029229267547224,26,3500,21038,0,54109,27371,64182,0,29098,31398,35518,0,601,6224,24615,0,17323,30129
415.735,1,1,0,1,1,16853,0.2496305336852755,30,3500,0,0,0,0,0,0,0,0,0,0,0,0,0,0,0,0
415.752,0,1,1,1,0,17053,0.2029229267547224,26,3500,21038,0,54109,27371,64182,0,29098,31398,35518,0,601,6224,24615,0,17323,30129
415.772,1,1,0,1,1,16860,0.24970004928919787,30,3500,0,0,0,0,0,0,0,0,0,0,0,0,0,0,0,0
415.789,0,1,1,1,0,17054,0.20285869031067214,26,3500,21038,0,54109,27371,64182,0,29098,31398,35518,0,601,6224,24615,0,17323,30129
415.808,1,1,0,1,1,16876,0.24976956489312024,30,3500,0,0,0,0,0,0,0,0,0,0,0,0,0,0,0,0
415.826,0,1,1,1,0,16899,0.20273021742257166,25,3500,21038,0,54109,27371,64182,0,29098,31398,35518,0,601,6224,24615,0,17323,30129
415.845,1,1,0,1,1,17053,0.2501171429127322,31,3500,0,0,0,0,0,0,0,0,0,0,0,0,0,0,0,0
415.863,0,1,1,1,0,16951,0.2027944538666219,25,3500,21038,0,54109,27371,64182,0,29098,31398,35518,0,601,6224,24615,0,17323,30129
415.882,1,1,0,1,1,16838,0.2503256897244993,30,3500,0,0,0,0,0,0,0,0,0,0,0,0,0,0,0,0
415.9,0,1,1,1,0,16939,0.20273021742257166,25,3500,21038,0,54109,27371,64182,0,29098,31398,35518,0,601,6224,24615,0,17323,30129
415.919,1,1,0,1,1,16853,0.2500476273088098,30,3500,0,0,0,0,0,0,0,0,0,0,0,0,0,0,0,0
415.937,0,1,1,1,0,16953,0.2027944538666219,25,3500,21038,0,54109,27371,64182,0,29098,31398,35518,0,601,6224,24615,0,17323,30129
415.956,1,1,0,1,1,17006,0.25046472093234406,31,3500,0,0,0,0,0,0,0,0,0,0,0,0,0,0,0,0
415.974,0,1,1,1,0,17059,0.20285869031067214,26,3500,21038,0,54109,27371,64182,0,29098,31398,35518,0,601,6224,24615,0,17323,30129
415.993,1,1,0,1,1,17067,0.2506037521401888,31,3500,0,0,0,0,0,0,0,0,0,0,0,0,0,0,0,0
416.011,0,1,1,1,0,16843,0.2026659809785214,25,3500,21038,0,54109,27371,64182,0,29098,31398,35518,0,601,6224,24615,0,17323,30129
416.03,1,1,0,1,1,16837,0.2506037521401888,30,3500,0,0,0,0,0,0,0,0,0,0,0,0,0,0,0,0
416.048,0,1,1,1,0,16957,0.20285869031067214,25,3500,21038,0,54109,27371,64182,0,29098,31398,35518,0,601,6224,24615,0,17323,30129
416.067,1,1,0,1,1,17048,0.250812298951956,31,3500,0,0,0,0,0,0,0,0,0,0,0,0,0,0,0,0
416.085,0,1,1,1,0,16913,0.2029229267547224,25,3500,21038,0,54109,27371,64182,0,29098,31398,35518,0,601,6224,24615,0,17323,30129
416.104,1,1,0,1,1,17082,0.2508818145558784,31,3500,0,0,0,0,0,0,0,0,0,0,0,0,0,0,0,0
416.122,0,1,1,1,0,16954,0.20298716319877264,25,3500,21038,0,54109,27371,64182,0,29098,31398,35518,0,601,6224,24615,0,17323,30129
416.141,1,1,0,1,1,17118,0.2512989081794127,31,3500,0,0,0,0,0,0,0,0,0,0,0,0,0,0,0,0
416.159,0,1,1,1,0,16838,0.20285869031067214,25,3500,21038,0,54109,27371,64182,0,29098,31398,35518,0,601,6224,24615,0,17323,30129
416.178,1,1,0,1,1,17128,0.2515074549911798,31,3500,0,0,0,0,0,0,0,0,0,0,0,0,0,0,0,0
416.196,0,1,1,1,0,16837,0.20285869031067214,25,3500,21038,0,54109,27371,64182,0,29098,31398,35518,0,601,6224,24615,0,17323,30129
416.215,1,1,0,1,1,16837,0.2507427833480336,30,3500,0,0,0,0,0,0,0,0,0,0,0,0,0,0,0,0
416.233,0,1,1,1,0,16902,0.2029229267547224,25,3500,21038,0,54109,27371,64182,0,29098,31398,35518,0,601,6224,24615,0,17323,30129
416.252,1,1,0,1,1,17128,0.2519940642186365,31,3500,0,0,0,0,0,0,0,0,0,0,0,0,0,0,0,0
416.27,0,1,1,1,0,16846,0.2029229267547224,25,3500,21038,0,54109,27371,64182,0,29098,31398,35518,0,601,6224,24615,0,17323,30129
