time[s],SensorID,event,mask,tL.num_valid_targets,tL.reserved,tL.targets[0].amplitude,tL.targets[0].range,tL.targets[0].reserved[0],tL.targets[0].reserved[1],tL.targets[1].amplitude,tL.targets[1].range,tL.targets[1].reserved[0],tL.targets[1].reserved[1],tL.targets[2].amplitude,tL.targets[2].range,tL.targets[2].reserved[0],tL.targets[2].reserved[1],tL.targets[3].amplitude,tL.targets[3].range,tL.targets[3].reserved[0],tL.targets[3].reserved[1],tL.targets[4].amplitude,tL.targets[4].range,tL.targets[4].reserved[0],tL.targets[4].reserved[1]
179.925,0,1,1,1,0,17009,0.516027184053776,65,2500,21038,0,54109,27242,63638,0,29098,31398,35518,0,601,6224,24615,0,17323,30129
179.945,1,1,25,1,1,5058,0.4758707386363637,56,2500,7919,0,56503,20781,19748,0,5535,28954,29800,0,45489,47546,60647,0,33528,38069
179.962,0,1,1,1,0,17139,0.5163476978326914,65,2500,21038,0,54109,27242,63638,0,29098,31398,35518,0,601,6224,24615,0,17323,30129
179.982,1,1,25,1,1,5055,0.47545312500000003,56,2500,7919,0,56503,20781,19748,0,5535,28954,29800,0,45489,47546,60647,0,33528,38069
179.999,0,1,1,1,0,17107,0.5163476978326914,65,2500,21038,0,54109,27242,63638,0,29098,31398,35518,0,601,6224,24615,0,17323,30129
180.019,1,1,25,1,1,5050,0.4753139204545455,56,2500,7919,0,56503,20781,19748,0,5535,28954,29800,0,45489,47546,60647,0,33528,38069
180.036,0,1,1,1,0,17128,0.5164759033442575,65,2500,21038,0,54109,27242,63638,0,29098,31398,35518,0,601,6224,24615,0,17323,30129
180.056,1,1,25,1,1,5048,0.47545312500000003,56,2500,7919,0,56503,20781,19748,0,5535,28954,29800,0,45489,47546,60647,0,33528,38069
180.073,0,1,1,1,0,17107,0.5164759033442575,65,2500,21038,0,54109,27242,63638,0,29098,31398,35518,0,601,6224,24615,0,17323,30129
180.093,1,1,25,1,1,5022,0.47517471590909094,56,2500,7919,0,56503,20781,19748,0,5535,28954,29800,0,45489,47546,60647,0,33528,38069
180.11,0,1,1,1,0,17115,0.5166041088558238,65,2500,21038,0,54109,27242,63638,0,29098,31398,35518,0,601,6224,24615,0,17323,30129
180.13,1,1,25,1,1,5048,0.4753139204545455,55,2500,7919,0,56503,20781,19748,0,5535,28954,29800,0,45489,47546,60647,0,33528,38069
180.147,0,1,1,1,0,17107,0.5167964171231729,65,2500,21038,0,54109,27242,63638,0,29098,31398,35518,0,601,6224,24615,0,17323,30129
180.167,1,1,25,1,1,5037,0.47496590909090913,55,2500,7919,0,56503,20781,19748,0,5535,28954,29800,0,45489,47546,60647,0,33528,38069
180.184,0,1,1,1,0,17034,0.5167964171231729,65,2500,21038,0,54109,27242,63638,0,29098,31398,35518,0,601,6224,24615,0,17323,30129
180.204,1,1,25,1,1,5065,0.4750355113636364,55,2500,7919,0,56503,20781,19748,0,5535,28954,29800,0,45489,47546,60647,0,33528,38069
180.221,0,1,1,1,0,17113,0.5167964171231729,65,2500,21038,0,54109,27242,63638,0,29098,31398,35518,0,601,6224,24615,0,17323,30129
180.241,1,1,25,1,1,5086,0.47517471590909094,55,2500,7919,0,56503,20781,19748,0,5535,28954,29800,0,45489,47546,60647,0,33528,38069
180.258,0,1,1,1,0,17127,0.5168605198789561,65,2500,21038,0,54109,27242,63638,0,29098,31398,35518,0,601,6224,24615,0,17323,30129
180.278,1,1,25,1,1,5158,0.4758011363636364,56,2500,7919,0,56503,20781,19748,0,5535,28954,29800,0,45489,47546,60647,0,33528,38069
180.295,0,1,1,1,0,17009,0.5168605198789561,65,2500,21038,0,54109,27242,63638,0,29098,31398,35518,0,601,6224,24615,0,17323,30129
180.315,1,1,25,1,1,5217,0.4764971590909091,56,2500,7919,0,56503,20781,19748,0,5535,28954,29800,0,45489,47546,60647,0,33528,38069
180.332,0,1,1,1,0,17008,0.5167964171231729,65,2500,21038,0,54109,27242,63638,0,29098,31398,35518,0,601,6224,24615,0,17323,30129
180.352,1,1,25,1,1,5218,0.4769147727272728,56,2500,7919,0,56503,20781,19748,0,5535,28954,29800,0,45489,47546,60647,0,33528,38069
180.369,0,1,1,1,0,17001,0.5170528281463053,64,2500,21038,0,54109,27242,63638,0,29098,31398,35518,0,601,6224,24615,0,17323,30129
180.389,1,1,25,1,1,5178,0.4770539772727273,56,2500,7919,0,56503,20781,19748,0,5535,28954,29800,0,45489,47546,60647,0,33528,38069
180.406,0,1,1,1,0,17021,0.5173733419252207,65,2500,21038,0,54109,27242,63638,0,29098,31398,35518,0,601,6224,24615,0,17323,30129
180.426,1,1,25,1,1,5115,0.4767755681818182,56,2500,7919,0,56503,20781,19748,0,5535,28954,29800,0,45489,47546,60647,0,33528,38069
180.443,0,1,1,1,0,17045,0.51756565019257,65,2500,21038,0,54109,27242,63638,0,29098,31398,35518,0,601,6224,24615,0,17323,30129
180.463,1,1,25,1,1,5060,0.4764971590909091,56,2500,7919,0,56503,20781,19748,0,5535,28954,29800,0,45489,47546,60647,0,33528,38069
180.48,0,1,1,1,0,16879,0.5172451364136545,64,2500,21038,0,54109,27242,63638,0,29098,31398,35518,0,601,6224,24615,0,17323,30129
180.5,1,1,25,1,1,4974,0.4761491477272728,56,2500,7919,0,56503,20781,19748,0,5535,28954,29800,0,45489,47546,60647,0,33528,38069
180.517,0,1,1,1,0,4538,0.46051419754563067,57,2500,21038,0,54109,27242,63638,0,29098,31398,35518,0,601,6224,24615,0,17323,30129
180.537,1,1,25,1,1,4913,0.47621875,56,2500,7919,0,56503,20781,19748,0,5535,28954,29800,0,45489,47546,60647,0,33528,38069
180.554,0,1,1,1,0,4533,0.46051419754563067,57,2500,21038,0,54109,27242,63638,0,29098,31398,35518,0,601,6224,24615,0,17323,30129
180.574,1,1,25,1,1,4847,0.47566193181818184,56,2500,7919,0,56503,20781,19748,0,5535,28954,29800,0,45489,47546,60647,0,33528,38069
180.591,0,1,1,1,0,4530,0.4604500947898476,57,2500,21038,0,54109,27242,63638,0,29098,31398,35518,0,601,6224,24615,0,17323,30129
180.61,1,1,25,1,1,4813,0.4755923295454546,56,2500,7919,0,56503,20781,19748,0,5535,28954,29800,0,45489,47546,60647,0,33528,38069
180.628,0,1,1,1,0,4483,0.4605783003014138,57,2500,21038,0,54109,27242,63638,0,29098,31398,35518,0,601,6224,24615,0,17323,30129
180.647,1,1,25,1,1,4816,0.4760099431818182,56,2500,7919,0,56503,20781,19748,0,5535,28954,29800,0,45489,47546,60647,0,33528,38069
180.665,0,1,1,1,0,4456,0.46051419754563067,57,2500,21038,0,54109,27242,63638,0,29098,31398,35518,0,601,6224,24615,0,17323,30129
180.684,1,1,25,1,1,4822,0.4758707386363637,56,2500,7919,0,56503,20781,19748,0,5535,28954,29800,0,45489,47546,60647,0,33528,38069
180.702,0,1,1,1,0,4357,0.46006547825514915,57,2500,21038,0,54109,27242,63638,0,29098,31398,35518,0,601,6224,24615,0,17323,30129
180.721,1,1,25,1,1,4835,0.4762883522727273,56,2500,7919,0,56503,20781,19748,0,5535,28954,29800,0,45489,47546,60647,0,33528,38069
180.739,0,1,1,1,0,4294,0.46032188927828144,57,2500,21038,0,54109,27242,63638,0,29098,31398,35518,0,601,6224,24615,0,17323,30129
180.758,1,1,25,1,1,4868,0.4763579545454546,56,2500,7919,0,56503,20781,19748,0,5535,28954,29800,0,45489,47546,60647,0,33528,38069
180.776,0,1,1,1,0,4203,0.4601936837667153,57,2500,21038,0,54109,27242,63638,0,29098,31398,35518,0,601,6224,24615,0,17323,30129
180.795,1,1,25,1,1,4855,0.4764971590909091,56,2500,7919,0,56503,20781,19748,0,5535,28954,29800,0,45489,47546,60647,0,33528,38069
180.813,0,1,1,1,0,4116,0.4601936837667153,57,2500,21038,0,54109,27242,63638,0,29098,31398,35518,0,601,6224,24615,0,17323,30129
180.832,1,1,25,1,1,4803,0.4766363636363637,56,2500,7919,0,56503,20781,19748,0,5535,28954,29800,0,45489,47546,60647,0,33528,38069
180.85,0,1,1,1,0,3991,0.46006547825514915,57,2500,21038,0,54109,27242,63638,0,29098,31398,35518,0,601,6224,24615,0,17323,30129
180.869,1,1,25,1,1,4769,0.4760795454545455,55,2500,7919,0,56503,20781,19748,0,5535,28954,29800,0,45489,47546,60647,0,33528,38069
180.887,0,1,1,1,0,17229,0.5192323218429299,65,2500,21038,0,54109,27242,63638,0,29098,31398,35518,0,601,6224,24615,0,17323,30129
180.906,1,1,25,1,1,4741,0.47621875,55,2500,7919,0,56503,20781,19748,0,5535,28954,29800,0,45489,47546,60647,0,33528,38069
180.924,0,1,1,1,0,17212,0.5190400135755807,65,2500,21038,0,54109,27242,63638,0,29098,31398,35518,0,601,6224,24615,0,17323,30129
180.943,1,1,25,1,1,4710,0.4764275568181819,55,2500,7919,0,56503,20781,19748,0,5535,28954,29800,0,45489,47546,60647,0,33528,38069
180.961,0,1,1,1,0,17229,0.5191041163313638,65,2500,21038,0,54109,27242,63638,0,29098,31398,35518,0,601,6224,24615,0,17323,30129
180.98,1,1,25,1,1,4679,0.4764275568181819,55,2500,7919,0,56503,20781,19748,0,5535,28954,29800,0,45489,47546,60647,0,33528,38069
180.998,0,1,1,1,0,17229,0.5189118080640145,65,2500,21038,0,54109,27242,63638,0,29098,31398,35518,0,601,6224,24615,0,17323,30129
181.017,1,1,25,1,1,4667,0.4762883522727273,55,2500,7919,0,56503,20781,19748,0,5535,28954,29800,0,45489,47546,60647,0,33528,38069
181.035,0,1,1,1,0,17228,0.5189118080640145,65,2500,21038,0,54109,27242,63638,0,29098,31398,35518,0,601,6224,24615,0,17323,30129
181.054,1,1,25,1,1,4646,0.47621875,55,2500,7919,0,56503,20781,19748,0,5535,28954,29800,0,45489,47546,60647,0,33528,38069
181.072,0,1,1,1,0,17229,0.5187836025524484,65,2500,21038,0,54109,27242,63638,0,29098,31398,35518,0,601,6224,24615,0,17323,30129
181.091,1,1,25,1,1,4654,0.4766363636363637,55,2500,7919,0,56503,20781,19748,0,5535,28954,29800,0,45489,47546,60647,0,33528,38069
181.109,0,1,1,1,0,17230,0.5186553970408823,65,2500,21038,0,54109,27242,63638,0,29098,31398,35518,0,601,6224,24615,0,17323,30129
181.128,1,1,25,1,1,4686,0.4768451704545455,55,2500,7919,0,56503,20781,19748,0,5535,28954,29800,0,45489,47546,60647,0,33528,38069
181.146,0,1,1,1,0,16981,0.5186553970408823,64,2500,21038,0,54109,27242,63638,0,29098,31398,35518,0,601,6224,24615,0,17323,30129
181.165,1,1,25,1,1,4684,0.4770539772727273,55,2500,7919,0,56503,20781,19748,0,5535,28954,29800,0,45489,47546,60647,0,33528,38069
181.183,0,1,1,1,0,17231,0.5187194997966653,65,2500,21038,0,54109,27242,63638,0,29098,31398,35518,0,601,6224,24615,0,17323,30129
181.202,1,1,25,1,1,4731,0.476984375,55,2500,7919,0,56503,20781,19748,0,5535,28954,29800,0,45489,47546,60647,0,33528,38069
181.22,0,1,1,1,0,4083,0.4605783003014138,57,2500,21038,0,54109,27242,63638,0,29098,31398,35518,0,601,6224,24615,0,17323,30129
181.239,1,1,25,1,1,4734,0.4767755681818182,55,2500,7919,0,56503,20781,19748,0,5535,28954,29800,0,45489,47546,60647,0,33528,38069
181.257,0,1,1,1,0,17231,0.5187836025524484,65,2500,21038,0,54109,27242,63638,0,29098,31398,35518,0,601,6224,24615,0,17323,30129
181.276,1,1,25,1,1,4769,0.4767755681818182,55,2500,7919,0,56503,20781,19748,0,5535,28954,29800,0,45489,47546,60647,0,33528,38069
181.294,0,1,1,1,0,4321,0.46051419754563067,57,2500,21038,0,54109,27242,63638,0,29098,31398,35518,0,601,6224,24615,0,17323,30129
181.313,1,1,25,1,1,4791,0.4765667613636364,55,2500,7919,0,56503,20781,19748,0,5535,28954,29800,0,45489,47546,60647,0,33528,38069
181.331,0,1,1,1,0,4432,0.4607065058129799,57,2500,21038,0,54109,27242,63638,0,29098,31398,35518,0,601,6224,24615,0,17323,30129
181.35,1,1,25,1,1,4795,0.4760795454545455,55,2500,7919,0,56503,20781,19748,0,5535,28954,29800,0,45489,47546,60647,0,33528,38069
181.368,0,1,1,1,0,4527,0.46083471132454606,57,2500,21038,0,54109,27242,63638,0,29098,31398,35518,0,601,6224,24615,0,17323,30129
181.387,1,1,25,1,1,4791,0.4758707386363637,55,2500,7919,0,56503,20781,19748,0,5535,28954,29800,0,45489,47546,60647,0,33528,38069
181.405,0,1,1,1,0,4640,0.46096291683611224,57,2500,21038,0,54109,27242,63638,0,29098,31398,35518,0,601,6224,24615,0,17323,30129
181.424,1,1,25,1,1,4797,0.4758011363636364,55,2500,7919,0,56503,20781,19748,0,5535,28954,29800,0,45489,47546,60647,0,33528,38069
181.442,0,1,1,1,0,17053,0.5166682116116068,64,2500,21038,0,54109,27242,63638,0,29098,31398,35518,0,601,6224,24615,0,17323,30129
181.461,1,1,25,1,1,4809,0.4757315340909091,55,2500,7919,0,56503,20781,19748,0,5535,28954,29800,0,45489,47546,60647,0,33528,38069
181.479,0,1,1,1,0,17026,0.5164759033442575,66,2500,21038,0,54109,27242,63638,0,29098,31398,35518,0,601,6224,24615,0,17323,30129
181.498,1,1,25,1,1,4824,0.47621875,55,2500,7919,0,56503,20781,19748,0,5535,28954,29800,0,45489,47546,60647,0,33528,38069
181.516,0,1,1,1,0,17010,0.5164118005884745,66,2500,21038,0,54109,27242,63638,0,29098,31398,35518,0,601,6224,24615,0,17323,30129
181.535,1,1,25,1,1,4809,0.4765667613636364,55,2500,7919,0,56503,20781,19748,0,5535,28954,29800,0,45489,47546,60647,0,33528,38069
181.552,0,1,1,1,0,17074,0.5161553895653422,65,2500,21038,0,54109,27242,63638,0,29098,31398,35518,0,601,6224,24615,0,17323,30129
181.572,1,1,25,1,1,4799,0.4767755681818182,55,2500,7919,0,56503,20781,19748,0,5535,28954,29800,0,45489,47546,60647,0,33528,38069
181.589,0,1,1,1,0,17074,0.516027184053776,65,2500,21038,0,54109,27242,63638,0,29098,31398,35518,0,601,6224,24615,0,17323,30129
181.609,1,1,25,1,1,4802,0.4776803977272728,55,2500,7919,0,56503,20781,19748,0,5535,28954,29800,0,45489,47546,60647,0,33528,38069
181.626,0,1,1,1,0,16990,0.5158348757864268,66,2500,21038,0,54109,27242,63638,0,29098,31398,35518,0,601,6224,24615,0,17323,30129
181.646,1,1,25,1,1,4775,0.47747159090909097,55,2500,7919,0,56503,20781,19748,0,5535,28954,29800,0,45489,47546,60647,0,33528,38069
181.663,0,1,1,1,0,16808,0.5156425675190776,63,2500,21038,0,54109,27242,63638,0,29098,31398,35518,0,601,6224,24615,0,17323,30129
181.683,1,1,25,1,1,4835,0.4775411931818182,55,2500,7919,0,56503,20781,19748,0,5535,28954,29800,0,45489,47546,60647,0,33528,38069
181.7,0,1,1,1,0,17011,0.5164118005884745,66,2500,21038,0,54109,27242,63638,0,29098,31398,35518,0,601,6224,24615,0,17323,30129
181.72,1,1,25,1,1,4923,0.4772627840909091,55,2500,7919,0,56503,20781,19748,0,5535,28954,29800,0,45489,47546,60647,0,33528,38069
181.737,0,1,1,1,0,17041,0.5167964171231729,64,2500,21038,0,54109,27242,63638,0,29098,31398,35518,0,601,6224,24615,0,17323,30129
181.757,1,1,25,1,1,4996,0.4767755681818182,55,2500,7919,0,56503,20781,19748,0,5535,28954,29800,0,45489,47546,60647,0,33528,38069
181.774,0,1,1,1,0,5194,0.46083471132454606,57,2500,21038,0,54109,27242,63638,0,29098,31398,35518,0,601,6224,24615,0,17323,30129
181.794,1,1,25,1,1,5015,0.4763579545454546,55,2500,7919,0,56503,20781,19748,0,5535,28954,29800,0,45489,47546,60647,0,33528,38069
181.811,0,1,1,1,0,5190,0.4607065058129799,57,2500,21038,0,54109,27242,63638,0,29098,31398,35518,0,601,6224,24615,0,17323,30129
181.831,1,1,25,1,1,5019,0.4760099431818182,55,2500,7919,0,56503,20781,19748,0,5535,28954,29800,0,45489,47546,60647,0,33528,38069
181.848,0,1,1,1,0,5161,0.4607065058129799,57,2500,21038,0,54109,27242,63638,0,29098,31398,35518,0,601,6224,24615,0,17323,30129
181.868,1,1,25,1,1,4976,0.4758011363636364,55,2500,7919,0,56503,20781,19748,0,5535,28954,29800,0,45489,47546,60647,0,33528,38069
181.885,0,1,1,1,0,5054,0.46064240305719684,57,2500,21038,0,54109,27242,63638,0,29098,31398,35518,0,601,6224,24615,0,17323,30129
181.905,1,1,25,1,1,4983,0.47566193181818184,55,2500,7919,0,56503,20781,19748,0,5535,28954,29800,0,45489,47546,60647,0,33528,38069
181.922,0,1,1,1,0,4944,0.46038599203406455,57,2500,21038,0,54109,27242,63638,0,29098,31398,35518,0,601,6224,24615,0,17323,30129
181.942,1,1,25,1,1,5015,0.4755923295454546,55,2500,7919,0,56503,20781,19748,0,5535,28954,29800,0,45489,47546,60647,0,33528,38069
181.959,0,1,1,1,0,4880,0.46038599203406455,57,2500,21038,0,54109,27242,63638,0,29098,31398,35518,0,601,6224,24615,0,17323,30129
181.979,1,1,25,1,1,5075,0.47545312500000003,55,2500,7919,0,56503,20781,19748,0,5535,28954,29800,0,45489,47546,60647,0,33528,38069
181.996,0,1,1,1,0,4787,0.46032188927828144,57,2500,21038,0,54109,27242,63638,0,29098,31398,35518,0,601,6224,24615,0,17323,30129
182.016,1,1,25,1,1,5104,0.4755923295454546,55,2500,7919,0,56503,20781,19748,0,5535,28954,29800,0,45489,47546,60647,0,33528,38069
182.033,0,1,1,1,0,4730,0.4601936837667153,57,2500,21038,0,54109,27242,63638,0,29098,31398,35518,0,601,6224,24615,0,17323,30129
182.053,1,1,25,1,1,5107,0.4760099431818182,55,2500,7919,0,56503,20781,19748,0,5535,28954,29800,0,45489,47546,60647,0,33528,38069
182.07,0,1,1,1,0,4665,0.46032188927828144,57,2500,21038,0,54109,27242,63638,0,29098,31398,35518,0,601,6224,24615,0,17323,30129
182.09,1,1,25,1,1,5057,0.47594034090909093,55,2500,7919,0,56503,20781,19748,0,5535,28954,29800,0,45489,47546,60647,0,33528,38069
182.107,0,1,1,1,0,4645,0.46038599203406455,57,2500,21038,0,54109,27242,63638,0,29098,31398,35518,0,601,6224,24615,0,17323,30129
182.127,1,1,25,1,1,5098,0.4765667613636364,55,2500,7919,0,56503,20781,19748,0,5535,28954,29800,0,45489,47546,60647,0,33528,38069
182.144,0,1,1,1,0,4599,0.4604500947898476,57,2500,21038,0,54109,27242,63638,0,29098,31398,35518,0,601,6224,24615,0,17323,30129
182.164,1,1,25,1,1,5115,0.4770539772727273,56,2500,7919,0,56503,20781,19748,0,5535,28954,29800,0,45489,47546,60647,0,33528,38069
182.181,0,1,1,1,0,4612,0.4604500947898476,57,2500,21038,0,54109,27242,63638,0,29098,31398,35518,0,601,6224,24615,0,17323,30129
182.201,1,1,25,1,1,5184,0.4780980113636364,56,2500,7919,0,56503,20781,19748,0,5535,28954,29800,0,45489,47546,60647,0,33528,38069
182.218,0,1,1,1,0,4564,0.46038599203406455,57,2500,21038,0,54109,27242,63638,0,29098,31398,35518,0,601,6224,24615,0,17323,30129
182.238,1,1,25,1,1,5224,0.47900284090909095,56,2500,7919,0,56503,20781,19748,0,5535,28954,29800,0,45489,47546,60647,0,33528,38069
182.255,0,1,1,1,0,4558,0.46051419754563067,57,2500,21038,0,54109,27242,63638,0,29098,31398,35518,0,601,6224,24615,0,17323,30129
182.275,1,1,25,1,1,5228,0.4788636363636364,56,2500,7919,0,56503,20781,19748,0,5535,28954,29800,0,45489,47546,60647,0,33528,38069
182.292,0,1,1,1,0,4530,0.4605783003014138,57,2500,21038,0,54109,27242,63638,0,29098,31398,35518,0,601,6224,24615,0,17323,30129
182.312,1,1,25,1,1,5268,0.47928125000000005,56,2500,7919,0,56503,20781,19748,0,5535,28954,29800,0,45489,47546,60647,0,33528,38069
182.329,0,1,1,1,0,4476,0.46051419754563067,57,2500,21038,0,54109,27242,63638,0,29098,31398,35518,0,601,6224,24615,0,17323,30129
182.349,1,1,25,1,1,5243,0.47969886363636366,56,2500,7919,0,56503,20781,19748,0,5535,28954,29800,0,45489,47546,60647,0,33528,38069
182.366,0,1,1,1,0,4470,0.4607065058129799,57,2500,21038,0,54109,27242,63638,0,29098,31398,35518,0,601,6224,24615,0,17323,30129
182.386,1,1,25,1,1,5294,0.47983806818181823,56,2500,7919,0,56503,20781,19748,0,5535,28954,29800,0,45489,47546,60647,0,33528,38069
182.403,0,1,1,1,0,4437,0.46064240305719684,57,2500,21038,0,54109,27242,63638,0,29098,31398,35518,0,601,6224,24615,0,17323,30129
182.423,1,1,25,1,1,5354,0.48025568181818185,56,2500,7919,0,56503,20781,19748,0,5535,28954,29800,0,45489,47546,60647,0,33528,38069
182.44,0,1,1,1,0,4422,0.4607065058129799,57,2500,21038,0,54109,27242,63638,0,29098,31398,35518,0,601,6224,24615,0,17323,30129
182.46,1,1,25,1,1,5409,0.48025568181818185,56,2500,7919,0,56503,20781,19748,0,5535,28954,29800,0,45489,47546,60647,0,33528,38069
182.477,0,1,1,1,0,4497,0.460770608568763,57,2500,21038,0,54109,27242,63638,0,29098,31398,35518,0,601,6224,24615,0,17323,30129
182.497,1,1,25,1,1,5490,0.4809517045454546,56,2500,7919,0,56503,20781,19748,0,5535,28954,29800,0,45489,47546,60647,0,33528,38069
182.514,0,1,1,1,0,4522,0.46083471132454606,57,2500,21038,0,54109,27242,63638,0,29098,31398,35518,0,601,6224,24615,0,17323,30129
182.534,1,1,25,1,1,8139,0.5043380681818183,62,2500,7919,0,56503,20781,19748,0,5535,28954,29800,0,45489,47546,60647,0,33528,38069
182.551,0,1,1,1,0,4580,0.460770608568763,57,2500,21038,0,54109,27242,63638,0,29098,31398,35518,0,601,6224,24615,0,17323,30129
182.571,1,1,25,1,1,8215,0.5045468750000001,62,2500,7919,0,56503,20781,19748,0,5535,28954,29800,0,45489,47546,60647,0,33528,38069
182.588,0,1,1,1,0,4656,0.4610911223476784,57,2500,21038,0,54109,27242,63638,0,29098,31398,35518,0,601,6224,24615,0,17323,30129
182.608,1,1,25,1,1,8400,0.5059389204545455,62,2500,7919,0,56503,20781,19748,0,5535,28954,29800,0,45489,47546,60647,0,33528,38069
182.625,0,1,1,1,0,4695,0.4610911223476784,57,2500,21038,0,54109,27242,63638,0,29098,31398,35518,0,601,6224,24615,0,17323,30129
182.645,1,1,25,1,1,8536,0.5071917613636364,62,2500,7919,0,56503,20781,19748,0,5535,28954,29800,0,45489,47546,60647,0,33528,38069
182.662,0,1,1,1,0,4704,0.4608988140803292,57,2500,21038,0,54109,27242,63638,0,29098,31398,35518,0,601,6224,24615,0,17323,30129
182.682,1,1,25,1,1,8695,0.5080269886363636,62,2500,7919,0,56503,20781,19748,0,5535,28954,29800,0,45489,47546,60647,0,33528,38069
182.699,0,1,1,1,0,4713,0.46083471132454606,57,2500,21038,0,54109,27242,63638,0,29098,31398,35518,0,601,6224,24615,0,17323,30129
182.719,1,1,25,1,1,8833,0.5089318181818182,62,2500,7919,0,56503,20781,19748,0,5535,28954,29800,0,45489,47546,60647,0,33528,38069
182.736,0,1,1,1,0,4737,0.4610911223476784,57,2500,21038,0,54109,27242,63638,0,29098,31398,35518,0,601,6224,24615,0,17323,30129
182.756,1,1,25,1,1,8983,0.50990625,62,2500,7919,0,56503,20781,19748,0,5535,28954,29800,0,45489,47546,60647,0,33528,38069
182.773,0,1,1,1,0,4723,0.46083471132454606,57,2500,21038,0,54109,27242,63638,0,29098,31398,35518,0,601,6224,24615,0,17323,30129
182.793,1,1,25,1,1,9129,0.5109502840909091,62,2500,7919,0,56503,20781,19748,0,5535,28954,29800,0,45489,47546,60647,0,33528,38069
182.81,0,1,1,1,0,4648,0.46083471132454606,57,2500,21038,0,54109,27242,63638,0,29098,31398,35518,0,601,6224,24615,0,17323,30129
182.83,1,1,25,1,1,9296,0.5122031250000001,62,2500,7919,0,56503,20781,19748,0,5535,28954,29800,0,45489,47546,60647,0,33528,38069
182.847,0,1,1,1,0,4595,0.4605783003014138,57,2500,21038,0,54109,27242,63638,0,29098,31398,35518,0,601,6224,24615,0,17323,30129
182.867,1,1,25,1,1,9405,0.5128295454545455,62,2500,7919,0,56503,20781,19748,0,5535,28954,29800,0,45489,47546,60647,0,33528,38069
182.884,0,1,1,1,0,4582,0.46083471132454606,57,2500,21038,0,54109,27242,63638,0,29098,31398,35518,0,601,6224,24615,0,17323,30129
182.904,1,1,25,1,1,9476,0.5134559659090909,62,2500,7919,0,56503,20781,19748,0,5535,28954,29800,0,45489,47546,60647,0,33528,38069
182.921,0,1,1,1,0,4514,0.4607065058129799,57,2500,21038,0,54109,27242,63638,0,29098,31398,35518,0,601,6224,24615,0,17323,30129
182.941,1,1,25,1,1,9491,0.5137343750000001,62,2500,7919,0,56503,20781,19748,0,5535,28954,29800,0,45489,47546,60647,0,33528,38069
182.958,0,1,1,1,0,4485,0.4605783003014138,57,2500,21038,0,54109,27242,63638,0,29098,31398,35518,0,601,6224,24615,0,17323,30129
182.978,1,1,25,1,1,9459,0.5136647727272727,62,2500,7919,0,56503,20781,19748,0,5535,28954,29800,0,45489,47546,60647,0,33528,38069
182.995,0,1,1,1,0,4442,0.46064240305719684,57,2500,21038,0,54109,27242,63638,0,29098,31398,35518,0,601,6224,24615,0,17323,30129
183.015,1,1,25,1,1,9480,0.5136647727272727,62,2500,7919,0,56503,20781,19748,0,5535,28954,29800,0,45489,47546,60647,0,33528,38069
183.032,0,1,1,1,0,4410,0.460770608568763,57,2500,21038,0,54109,27242,63638,0,29098,31398,35518,0,601,6224,24615,0,17323,30129
183.052,1,1,25,1,1,9416,0.5128991477272727,62,2500,7919,0,56503,20781,19748,0,5535,28954,29800,0,45489,47546,60647,0,33528,38069
183.069,0,1,1,1,0,4402,0.46064240305719684,57,2500,21038,0,54109,27242,63638,0,29098,31398,35518,0,601,6224,24615,0,17323,30129
183.089,1,1,25,1,1,9334,0.5126207386363637,62,2500,7919,0,56503,20781,19748,0,5535,28954,29800,0,45489,47546,60647,0,33528,38069
183.106,0,1,1,1,0,4359,0.46051419754563067,57,2500,21038,0,54109,27242,63638,0,29098,31398,35518,0,601,6224,24615,0,17323,30129
183.126,1,1,25,1,1,9190,0.5116463068181819,62,2500,7919,0,56503,20781,19748,0,5535,28954,29800,0,45489,47546,60647,0,33528,38069
183.143,0,1,1,1,0,4339,0.46064240305719684,57,2500,21038,0,54109,27242,63638,0,29098,31398,35518,0,601,6224,24615,0,17323,30129
183.163,1,1,25,1,1,9039,0.510393465909091,62,2500,7919,0,56503,20781,19748,0,5535,28954,29800,0,45489,47546,60647,0,33528,38069
183.18,0,1,1,1,0,4243,0.46051419754563067,57,2500,21038,0,54109,27242,63638,0,29098,31398,35518,0,601,6224,24615,0,17323,30129
183.2,1,1,25,1,1,8947,0.509627840909091,62,2500,7919,0,56503,20781,19748,0,5535,28954,29800,0,45489,47546,60647,0,33528,38069
183.217,0,1,1,1,0,4204,0.46064240305719684,57,2500,21038,0,54109,27242,63638,0,29098,31398,35518,0,601,6224,24615,0,17323,30129
183.237,1,1,25,1,1,8878,0.5090710227272728,62,2500,7919,0,56503,20781,19748,0,5535,28954,29800,0,45489,47546,60647,0,33528,38069
183.254,0,1,1,1,0,4152,0.4604500947898476,57,2500,21038,0,54109,27242,63638,0,29098,31398,35518,0,601,6224,24615,0,17323,30129
183.274,1,1,25,1,1,8744,0.5082357954545454,62,2500,7919,0,56503,20781,19748,0,5535,28954,29800,0,45489,47546,60647,0,33528,38069
183.291,0,1,1,1,0,3925,0.4639116436021338,58,2500,21038,0,54109,27242,63638,0,29098,31398,35518,0,601,6224,24615,0,17323,30129
183.311,1,1,25,1,1,8596,0.507609375,62,2500,7919,0,56503,20781,19748,0,5535,28954,29800,0,45489,47546,60647,0,33528,38069
183.328,0,1,1,1,0,3951,0.4639757463579169,58,2500,21038,0,54109,27242,63638,0,29098,31398,35518,0,601,6224,24615,0,17323,30129
183.348,1,1,25,1,1,8432,0.5062869318181819,62,2500,7919,0,56503,20781,19748,0,5535,28954,29800,0,45489,47546,60647,0,33528,38069
183.365,0,1,1,1,0,4218,0.46051419754563067,57,2500,21038,0,54109,27242,63638,0,29098,31398,35518,0,601,6224,24615,0,17323,30129
183.385,1,1,25,1,1,8299,0.5054517045454546,62,2500,7919,0,56503,20781,19748,0,5535,28954,29800,0,45489,47546,60647,0,33528,38069
183.402,0,1,1,1,0,4278,0.4607065058129799,57,2500,21038,0,54109,27242,63638,0,29098,31398,35518,0,601,6224,24615,0,17323,30129
183.422,1,1,25,1,1,8240,0.5045468750000001,62,2500,7919,0,56503,20781,19748,0,5535,28954,29800,0,45489,47546,60647,0,33528,38069
183.439,0,1,1,1,0,4324,0.4608988140803292,57,2500,21038,0,54109,27242,63638,0,29098,31398,35518,0,601,6224,24615,0,17323,30129
183.459,1,1,25,1,1,8190,0.5044076704545455,62,2500,7919,0,56503,20781,19748,0,5535,28954,29800,0,45489,47546,60647,0,33528,38069
183.476,0,1,1,1,0,4366,0.4607065058129799,57,2500,21038,0,54109,27242,63638,0,29098,31398,35518,0,601,6224,24615,0,17323,30129
183.496,1,1,25,1,1,8139,0.5037812500000001,62,2500,7919,0,56503,20781,19748,0,5535,28954,29800,0,45489,47546,60647,0,33528,38069
183.513,0,1,1,1,0,4389,0.4608988140803292,57,2500,21038,0,54109,27242,63638,0,29098,31398,35518,0,601,6224,24615,0,17323,30129
183.533,1,1,25,1,1,8063,0.5030852272727273,62,2500,7919,0,56503,20781,19748,0,5535,28954,29800,0,45489,47546,60647,0,33528,38069
183.55,0,1,1,1,0,4384,0.460770608568763,57,2500,21038,0,54109,27242,63638,0,29098,31398,35518,0,601,6224,24615,0,17323,30129
183.569,1,1,25,1,1,5379,0.4804644886363637,56,2500,7919,0,56503,20781,19748,0,5535,28954,29800,0,45489,47546,60647,0,33528,38069
183.587,0,1,1,1,0,4425,0.4608988140803292,57,2500,21038,0,54109,27242,63638,0,29098,31398,35518,0,601,6224,24615,0,17323,30129
183.606,1,1,25,1,1,5402,0.48074289772727274,56,2500,7919,0,56503,20781,19748,0,5535,28954,29800,0,45489,47546,60647,0,33528,38069
183.624,0,1,1,1,0,4480,0.4610911223476784,57,2500,21038,0,54109,27242,63638,0,29098,31398,35518,0,601,6224,24615,0,17323,30129
183.643,1,1,25,1,1,5311,0.48025568181818185,56,2500,7919,0,56503,20781,19748,0,5535,28954,29800,0,45489,47546,60647,0,33528,38069
183.661,0,1,1,1,0,4533,0.46115522510346146,57,2500,21038,0,54109,27242,63638,0,29098,31398,35518,0,601,6224,24615,0,17323,30129
183.68,1,1,25,1,1,5244,0.47976846590909095,56,2500,7919,0,56503,20781,19748,0,5535,28954,29800,0,45489,47546,60647,0,33528,38069
183.698,0,1,1,1,0,4538,0.46115522510346146,57,2500,21038,0,54109,27242,63638,0,29098,31398,35518,0,601,6224,24615,0,17323,30129
183.717,1,1,25,1,1,5199,0.47935085227272733,56,2500,7919,0,56503,20781,19748,0,5535,28954,29800,0,45489,47546,60647,0,33528,38069
183.735,0,1,1,1,0,4569,0.46128343061502763,57,2500,21038,0,54109,27242,63638,0,29098,31398,35518,0,601,6224,24615,0,17323,30129
183.754,1,1,25,1,1,5163,0.47900284090909095,56,2500,7919,0,56503,20781,19748,0,5535,28954,29800,0,45489,47546,60647,0,33528,38069
183.772,0,1,1,1,0,4595,0.46141163612659375,57,2500,21038,0,54109,27242,63638,0,29098,31398,35518,0,601,6224,24615,0,17323,30129
183.791,1,1,25,1,1,5166,0.47900284090909095,56,2500,7919,0,56503,20781,19748,0,5535,28954,29800,0,45489,47546,60647,0,33528,38069
183.809,0,1,1,1,0,4606,0.46128343061502763,57,2500,21038,0,54109,27242,63638,0,29098,31398,35518,0,601,6224,24615,0,17323,30129
183.828,1,1,25,1,1,5092,0.47844602272727277,56,2500,7919,0,56503,20781,19748,0,5535,28954,29800,0,45489,47546,60647,0,33528,38069
183.846,0,1,1,1,0,4651,0.4615398416381599,57,2500,21038,0,54109,27242,63638,0,29098,31398,35518,0,601,6224,24615,0,17323,30129
183.865,1,1,25,1,1,5078,0.47851562500000006,56,2500,7919,0,56503,20781,19748,0,5535,28954,29800,0,45489,47546,60647,0,33528,38069
183.883,0,1,1,1,0,4672,0.46160394439394303,57,2500,21038,0,54109,27242,63638,0,29098,31398,35518,0,601,6224,24615,0,17323,30129
183.902,1,1,25,1,1,5019,0.47851562500000006,56,2500,7919,0,56503,20781,19748,0,5535,28954,29800,0,45489,47546,60647,0,33528,38069
183.92,0,1,1,1,0,4697,0.46147573888237686,57,2500,21038,0,54109,27242,63638,0,29098,31398,35518,0,601,6224,24615,0,17323,30129
183.939,1,1,25,1,1,4983,0.47830681818181825,56,2500,7919,0,56503,20781,19748,0,5535,28954,29800,0,45489,47546,60647,0,33528,38069
183.957,0,1,1,1,0,17135,0.5177579584599191,65,2500,21038,0,54109,27242,63638,0,29098,31398,35518,0,601,6224,24615,0,17323,30129
183.976,1,1,25,1,1,4960,0.47830681818181825,55,2500,7919,0,56503,20781,19748,0,5535,28954,29800,0,45489,47546,60647,0,33528,38069
183.994,0,1,1,1,0,4760,0.46173214990550915,57,2500,21038,0,54109,27242,63638,0,29098,31398,35518,0,601,6224,24615,0,17323,30129
184.013,1,1,25,1,1,4956,0.47851562500000006,55,2500,7919,0,56503,20781,19748,0,5535,28954,29800,0,45489,47546,60647,0,33528,38069
184.031,0,1,1,1,0,4794,0.4615398416381599,57,2500,21038,0,54109,27242,63638,0,29098,31398,35518,0,601,6224,24615,0,17323,30129
184.05,1,1,25,1,1,4919,0.47802840909090916,55,2500,7919,0,56503,20781,19748,0,5535,28954,29800,0,45489,47546,60647,0,33528,38069
184.068,0,1,1,1,0,4821,0.46147573888237686,57,2500,21038,0,54109,27242,63638,0,29098,31398,35518,0,601,6224,24615,0,17323,30129
184.087,1,1,25,1,1,4944,0.4780980113636364,55,2500,7919,0,56503,20781,19748,0,5535,28954,29800,0,45489,47546,60647,0,33528,38069
184.105,0,1,1,1,0,17119,0.51756565019257,65,2500,21038,0,54109,27242,63638,0,29098,31398,35518,0,601,6224,24615,0,17323,30129
184.124,1,1,25,1,1,4964,0.47802840909090916,55,2500,7919,0,56503,20781,19748,0,5535,28954,29800,0,45489,47546,60647,0,33528,38069
184.142,0,1,1,1,0,4802,0.4615398416381599,57,2500,21038,0,54109,27242,63638,0,29098,31398,35518,0,601,6224,24615,0,17323,30129
184.161,1,1,25,1,1,4956,0.4778196022727273,55,2500,7919,0,56503,20781,19748,0,5535,28954,29800,0,45489,47546,60647,0,33528,38069
184.179,0,1,1,1,0,4769,0.46147573888237686,57,2500,21038,0,54109,27242,63638,0,29098,31398,35518,0,601,6224,24615,0,17323,30129
184.198,1,1,25,1,1,4947,0.4778196022727273,55,2500,7919,0,56503,20781,19748,0,5535,28954,29800,0,45489,47546,60647,0,33528,38069
184.216,0,1,1,1,0,17119,0.5180143694830515,65,2500,21038,0,54109,27242,63638,0,29098,31398,35518,0,601,6224,24615,0,17323,30129
184.235,1,1,25,1,1,4983,0.4780980113636364,56,2500,7919,0,56503,20781,19748,0,5535,28954,29800,0,45489,47546,60647,0,33528,38069
184.253,0,1,1,1,0,4702,0.46141163612659375,57,2500,21038,0,54109,27242,63638,0,29098,31398,35518,0,601,6224,24615,0,17323,30129
184.272,1,1,25,1,1,5015,0.47830681818181825,56,2500,7919,0,56503,20781,19748,0,5535,28954,29800,0,45489,47546,60647,0,33528,38069
184.29,0,1,1,1,0,4647,0.46128343061502763,57,2500,21038,0,54109,27242,63638,0,29098,31398,35518,0,601,6224,24615,0,17323,30129
184.309,1,1,25,1,1,5047,0.47844602272727277,56,2500,7919,0,56503,20781,19748,0,5535,28954,29800,0,45489,47546,60647,0,33528,38069
184.327,0,1,1,1,0,4647,0.4612193278592445,57,2500,21038,0,54109,27242,63638,0,29098,31398,35518,0,601,6224,24615,0,17323,30129
184.346,1,1,25,1,1,5063,0.47858522727272734,56,2500,7919,0,56503,20781,19748,0,5535,28954,29800,0,45489,47546,60647,0,33528,38069
184.364,0,1,1,1,0,4660,0.4613475333708107,57,2500,21038,0,54109,27242,63638,0,29098,31398,35518,0,601,6224,24615,0,17323,30129
184.383,1,1,25,1,1,5124,0.47900284090909095,56,2500,7919,0,56503,20781,19748,0,5535,28954,29800,0,45489,47546,60647,0,33528,38069
184.401,0,1,1,1,0,4659,0.4612193278592445,57,2500,21038,0,54109,27242,63638,0,29098,31398,35518,0,601,6224,24615,0,17323,30129
184.42,1,1,25,1,1,5122,0.47844602272727277,56,2500,7919,0,56503,20781,19748,0,5535,28954,29800,0,45489,47546,60647,0,33528,38069
184.438,0,1,1,1,0,4721,0.46128343061502763,57,2500,21038,0,54109,27242,63638,0,29098,31398,35518,0,601,6224,24615,0,17323,30129
184.457,1,1,25,1,1,5117,0.47830681818181825,56,2500,7919,0,56503,20781,19748,0,5535,28954,29800,0,45489,47546,60647,0,33528,38069
184.474,0,1,1,1,0,4788,0.46128343061502763,57,2500,21038,0,54109,27242,63638,0,29098,31398,35518,0,601,6224,24615,0,17323,30129
184.494,1,1,25,1,1,5086,0.47775000000000006,56,2500,7919,0,56503,20781,19748,0,5535,28954,29800,0,45489,47546,60647,0,33528,38069
184.511,0,1,1,1,0,16973,0.5185912942850991,64,2500,21038,0,54109,27242,63638,0,29098,31398,35518,0,601,6224,24615,0,17323,30129
184.531,1,1,25,1,1,5032,0.4772627840909091,56,2500,7919,0,56503,20781,19748,0,5535,28954,29800,0,45489,47546,60647,0,33528,38069
184.548,0,1,1,1,0,17135,0.5188477053082314,64,2500,21038,0,54109,27242,63638,0,29098,31398,35518,0,601,6224,24615,0,17323,30129
184.568,1,1,25,1,1,4949,0.4766363636363637,56,2500,7919,0,56503,20781,19748,0,5535,28954,29800,0,45489,47546,60647,0,33528,38069
184.585,0,1,1,1,0,4856,0.46128343061502763,57,2500,21038,0,54109,27242,63638,0,29098,31398,35518,0,601,6224,24615,0,17323,30129
184.605,1,1,25,1,1,4900,0.4760795454545455,55,2500,7919,0,56503,20781,19748,0,5535,28954,29800,0,45489,47546,60647,0,33528,38069
184.622,0,1,1,1,0,4880,0.46141163612659375,57,2500,21038,0,54109,27242,63638,0,29098,31398,35518,0,601,6224,24615,0,17323,30129
184.642,1,1,25,1,1,4853,0.47538352272727274,55,2500,7919,0,56503,20781,19748,0,5535,28954,29800,0,45489,47546,60647,0,33528,38069
184.659,0,1,1,1,0,4885,0.46141163612659375,57,2500,21038,0,54109,27242,63638,0,29098,31398,35518,0,601,6224,24615,0,17323,30129
184.679,1,1,25,1,1,4825,0.4755227272727273,55,2500,7919,0,56503,20781,19748,0,5535,28954,29800,0,45489,47546,60647,0,33528,38069
184.696,0,1,1,1,0,4854,0.46128343061502763,57,2500,21038,0,54109,27242,63638,0,29098,31398,35518,0,601,6224,24615,0,17323,30129
184.716,1,1,25,1,1,4780,0.47517471590909094,55,2500,7919,0,56503,20781,19748,0,5535,28954,29800,0,45489,47546,60647,0,33528,38069
184.733,0,1,1,1,0,17013,0.5182066777504006,65,2500,21038,0,54109,27242,63638,0,29098,31398,35518,0,601,6224,24615,0,17323,30129
184.753,1,1,25,1,1,4772,0.47496590909090913,55,2500,7919,0,56503,20781,19748,0,5535,28954,29800,0,45489,47546,60647,0,33528,38069
184.77,0,1,1,1,0,16998,0.5180784722388345,66,2500,21038,0,54109,27242,63638,0,29098,31398,35518,0,601,6224,24615,0,17323,30129
184.79,1,1,25,1,1,4722,0.4750355113636364,55,2500,7919,0,56503,20781,19748,0,5535,28954,29800,0,45489,47546,60647,0,33528,38069
184.807,0,1,1,1,0,17054,0.5181425749946176,65,2500,21038,0,54109,27242,63638,0,29098,31398,35518,0,601,6224,24615,0,17323,30129
184.827,1,1,25,1,1,4713,0.4751051136363637,55,2500,7919,0,56503,20781,19748,0,5535,28954,29800,0,45489,47546,60647,0,33528,38069
184.844,0,1,1,1,0,17113,0.5181425749946176,65,2500,21038,0,54109,27242,63638,0,29098,31398,35518,0,601,6224,24615,0,17323,30129
184.864,1,1,25,1,1,4702,0.47545312500000003,55,2500,7919,0,56503,20781,19748,0,5535,28954,29800,0,45489,47546,60647,0,33528,38069
184.881,0,1,1,1,0,4857,0.46147573888237686,57,2500,21038,0,54109,27242,63638,0,29098,31398,35518,0,601,6224,24615,0,17323,30129
184.901,1,1,25,1,1,4720,0.4758707386363637,55,2500,7919,0,56503,20781,19748,0,5535,28954,29800,0,45489,47546,60647,0,33528,38069
184.918,0,1,1,1,0,17113,0.5180143694830515,65,2500,21038,0,54109,27242,63638,0,29098,31398,35518,0,601,6224,24615,0,17323,30129
184.938,1,1,25,1,1,4714,0.4760099431818182,55,2500,7919,0,56503,20781,19748,0,5535,28954,29800,0,45489,47546,60647,0,33528,38069
184.955,0,1,1,1,0,17113,0.5182707805061838,65,2500,21038,0,54109,27242,63638,0,29098,31398,35518,0,601,6224,24615,0,17323,30129
184.975,1,1,25,1,1,4731,0.4760099431818182,55,2500,7919,0,56503,20781,19748,0,5535,28954,29800,0,45489,47546,60647,0,33528,38069
184.992,0,1,1,1,0,4690,0.46128343061502763,57,2500,21038,0,54109,27242,63638,0,29098,31398,35518,0,601,6224,24615,0,17323,30129
185.012,1,1,25,1,1,4787,0.4768451704545455,56,2500,7919,0,56503,20781,19748,0,5535,28954,29800,0,45489,47546,60647,0,33528,38069
185.029,0,1,1,1,0,4608,0.46128343061502763,57,2500,21038,0,54109,27242,63638,0,29098,31398,35518,0,601,6224,24615,0,17323,30129
185.049,1,1,25,1,1,4826,0.4771235795454546,56,2500,7919,0,56503,20781,19748,0,5535,28954,29800,0,45489,47546,60647,0,33528,38069
185.066,0,1,1,1,0,4504,0.4610270195918953,57,2500,21038,0,54109,27242,63638,0,29098,31398,35518,0,601,6224,24615,0,17323,30129
185.086,1,1,25,1,1,4841,0.4775411931818182,56,2500,7919,0,56503,20781,19748,0,5535,28954,29800,0,45489,47546,60647,0,33528,38069
185.103,0,1,1,1,0,4468,0.46128343061502763,57,2500,21038,0,54109,27242,63638,0,29098,31398,35518,0,601,6224,24615,0,17323,30129
185.123,1,1,25,1,1,4897,0.4776107954545455,56,2500,7919,0,56503,20781,19748,0,5535,28954,29800,0,45489,47546,60647,0,33528,38069
185.14,0,1,1,1,0,4437,0.46115522510346146,57,2500,21038,0,54109,27242,63638,0,29098,31398,35518,0,601,6224,24615,0,17323,30129
185.16,1,1,25,1,1,4947,0.47802840909090916,56,2500,7919,0,56503,20781,19748,0,5535,28954,29800,0,45489,47546,60647,0,33528,38069
185.177,0,1,1,1,0,4460,0.4612193278592445,57,2500,21038,0,54109,27242,63638,0,29098,31398,35518,0,601,6224,24615,0,17323,30129
185.197,1,1,25,1,1,4990,0.4781676136363637,56,2500,7919,0,56503,20781,19748,0,5535,28954,29800,0,45489,47546,60647,0,33528,38069
185.214,0,1,1,1,0,4501,0.46115522510346146,57,2500,21038,0,54109,27242,63638,0,29098,31398,35518,0,601,6224,24615,0,17323,30129
185.234,1,1,25,1,1,5067,0.47851562500000006,56,2500,7919,0,56503,20781,19748,0,5535,28954,29800,0,45489,47546,60647,0,33528,38069
185.251,0,1,1,1,0,4528,0.4613475333708107,57,2500,21038,0,54109,27242,63638,0,29098,31398,35518,0,601,6224,24615,0,17323,30129
185.271,1,1,25,1,1,5118,0.4786548295454546,56,2500,7919,0,56503,20781,19748,0,5535,28954,29800,0,45489,47546,60647,0,33528,38069
185.288,0,1,1,1,0,17084,0.5181425749946176,65,2500,21038,0,54109,27242,63638,0,29098,31398,35518,0,601,6224,24615,0,17323,30129
185.308,1,1,25,1,1,5099,0.4786548295454546,56,2500,7919,0,56503,20781,19748,0,5535,28954,29800,0,45489,47546,60647,0,33528,38069
185.325,0,1,1,1,0,17035,0.5178861639714852,65,2500,21038,0,54109,27242,63638,0,29098,31398,35518,0,601,6224,24615,0,17323,30129
185.345,1,1,25,1,1,5060,0.4780980113636364,56,2500,7919,0,56503,20781,19748,0,5535,28954,29800,0,45489,47546,60647,0,33528,38069
185.362,0,1,1,1,0,17115,0.5178220612157022,64,2500,21038,0,54109,27242,63638,0,29098,31398,35518,0,601,6224,24615,0,17323,30129
185.382,1,1,25,1,1,4969,0.4776107954545455,56,2500,7919,0,56503,20781,19748,0,5535,28954,29800,0,45489,47546,60647,0,33528,38069
185.399,0,1,1,1,0,17078,0.5178861639714852,64,2500,21038,0,54109,27242,63638,0,29098,31398,35518,0,601,6224,24615,0,17323,30129
185.419,1,1,25,1,1,4858,0.4766363636363637,56,2500,7919,0,56503,20781,19748,0,5535,28954,29800,0,45489,47546,60647,0,33528,38069
185.436,0,1,1,1,0,17230,0.5180143694830515,65,2500,21038,0,54109,27242,63638,0,29098,31398,35518,0,601,6224,24615,0,17323,30129
185.456,1,1,25,1,1,4794,0.4761491477272728,55,2500,7919,0,56503,20781,19748,0,5535,28954,29800,0,45489,47546,60647,0,33528,38069
185.473,0,1,1,1,0,17231,0.5180143694830515,65,2500,21038,0,54109,27242,63638,0,29098,31398,35518,0,601,6224,24615,0,17323,30129
185.493,1,1,25,1,1,4722,0.4757315340909091,55,2500,7919,0,56503,20781,19748,0,5535,28954,29800,0,45489,47546,60647,0,33528,38069
185.51,0,1,1,1,0,17045,0.5178861639714852,64,2500,21038,0,54109,27242,63638,0,29098,31398,35518,0,601,6224,24615,0,17323,30129
185.53,1,1,25,1,1,4650,0.4752443181818182,55,2500,7919,0,56503,20781,19748,0,5535,28954,29800,0,45489,47546,60647,0,33528,38069
185.547,0,1,1,1,0,17014,0.5178861639714852,64,2500,21038,0,54109,27242,63638,0,29098,31398,35518,0,601,6224,24615,0,17323,30129
185.567,1,1,25,1,1,4628,0.4751051136363637,55,2500,7919,0,56503,20781,19748,0,5535,28954,29800,0,45489,47546,60647,0,33528,38069
185.584,0,1,1,1,0,17230,0.5180143694830515,65,2500,21038,0,54109,27242,63638,0,29098,31398,35518,0,601,6224,24615,0,17323,30129
185.604,1,1,25,1,1,4584,0.4748267045454546,55,2500,7919,0,56503,20781,19748,0,5535,28954,29800,0,45489,47546,60647,0,33528,38069
185.621,0,1,1,1,0,17230,0.5179502667272684,65,2500,21038,0,54109,27242,63638,0,29098,31398,35518,0,601,6224,24615,0,17323,30129
185.641,1,1,25,1,1,4580,0.4748267045454546,55,2500,7919,0,56503,20781,19748,0,5535,28954,29800,0,45489,47546,60647,0,33528,38069
185.658,0,1,1,1,0,17229,0.5181425749946176,65,2500,21038,0,54109,27242,63638,0,29098,31398,35518,0,601,6224,24615,0,17323,30129
185.678,1,1,25,1,1,4576,0.4752443181818182,55,2500,7919,0,56503,20781,19748,0,5535,28954,29800,0,45489,47546,60647,0,33528,38069
185.695,0,1,1,1,0,4714,0.46147573888237686,57,2500,21038,0,54109,27242,63638,0,29098,31398,35518,0,601,6224,24615,0,17323,30129
185.715,1,1,25,1,1,4587,0.4752443181818182,55,2500,7919,0,56503,20781,19748,0,5535,28954,29800,0,45489,47546,60647,0,33528,38069
185.732,0,1,1,1,0,4675,0.4613475333708107,57,2500,21038,0,54109,27242,63638,0,29098,31398,35518,0,601,6224,24615,0,17323,30129
185.752,1,1,25,1,1,4615,0.47517471590909094,55,2500,7919,0,56503,20781,19748,0,5535,28954,29800,0,45489,47546,60647,0,33528,38069
185.769,0,1,1,1,0,4623,0.4610270195918953,57,2500,21038,0,54109,27242,63638,0,29098,31398,35518,0,601,6224,24615,0,17323,30129
185.789,1,1,25,1,1,4619,0.47517471590909094,55,2500,7919,0,56503,20781,19748,0,5535,28954,29800,0,45489,47546,60647,0,33528,38069
185.806,0,1,1,1,0,4605,0.4612193278592445,57,2500,21038,0,54109,27242,63638,0,29098,31398,35518,0,601,6224,24615,0,17323,30129
185.826,1,1,25,1,1,4630,0.4751051136363637,55,2500,7919,0,56503,20781,19748,0,5535,28954,29800,0,45489,47546,60647,0,33528,38069
185.843,0,1,1,1,0,4529,0.4610270195918953,57,2500,21038,0,54109,27242,63638,0,29098,31398,35518,0,601,6224,24615,0,17323,30129
185.863,1,1,25,1,1,4681,0.4753139204545455,55,2500,7919,0,56503,20781,19748,0,5535,28954,29800,0,45489,47546,60647,0,33528,38069
185.88,0,1,1,1,0,4500,0.4610270195918953,57,2500,21038,0,54109,27242,63638,0,29098,31398,35518,0,601,6224,24615,0,17323,30129
185.9,1,1,25,1,1,4716,0.47538352272727274,55,2500,7919,0,56503,20781,19748,0,5535,28954,29800,0,45489,47546,60647,0,33528,38069
185.917,0,1,1,1,0,4487,0.4610911223476784,57,2500,21038,0,54109,27242,63638,0,29098,31398,35518,0,601,6224,24615,0,17323,30129
185.937,1,1,25,1,1,4763,0.4757315340909091,55,2500,7919,0,56503,20781,19748,0,5535,28954,29800,0,45489,47546,60647,0,33528,38069
185.954,0,1,1,1,0,4498,0.46128343061502763,57,2500,21038,0,54109,27242,63638,0,29098,31398,35518,0,601,6224,24615,0,17323,30129
185.974,1,1,25,1,1,4793,0.4758707386363637,55,2500,7919,0,56503,20781,19748,0,5535,28954,29800,0,45489,47546,60647,0,33528,38069
185.991,0,1,1,1,0,4510,0.4610270195918953,57,2500,21038,0,54109,27242,63638,0,29098,31398,35518,0,601,6224,24615,0,17323,30129
186.011,1,1,25,1,1,4837,0.4758011363636364,55,2500,7919,0,56503,20781,19748,0,5535,28954,29800,0,45489,47546,60647,0,33528,38069
186.028,0,1,1,1,0,4524,0.46115522510346146,57,2500,21038,0,54109,27242,63638,0,29098,31398,35518,0,601,6224,24615,0,17323,30129
186.048,1,1,25,1,1,4869,0.4762883522727273,55,2500,7919,0,56503,20781,19748,0,5535,28954,29800,0,45489,47546,60647,0,33528,38069
186.065,0,1,1,1,0,4527,0.46096291683611224,57,2500,21038,0,54109,27242,63638,0,29098,31398,35518,0,601,6224,24615,0,17323,30129
186.085,1,1,25,1,1,4879,0.4764275568181819,55,2500,7919,0,56503,20781,19748,0,5535,28954,29800,0,45489,47546,60647,0,33528,38069
186.102,0,1,1,1,0,4545,0.4610270195918953,57,2500,21038,0,54109,27242,63638,0,29098,31398,35518,0,601,6224,24615,0,17323,30129
186.122,1,1,25,1,1,4893,0.4765667613636364,55,2500,7919,0,56503,20781,19748,0,5535,28954,29800,0,45489,47546,60647,0,33528,38069
186.139,0,1,1,1,0,4545,0.4612193278592445,57,2500,21038,0,54109,27242,63638,0,29098,31398,35518,0,601,6224,24615,0,17323,30129
186.159,1,1,25,1,1,4918,0.4769147727272728,55,2500,7919,0,56503,20781,19748,0,5535,28954,29800,0,45489,47546,60647,0,33528,38069
186.176,0,1,1,1,0,4542,0.4610911223476784,57,2500,21038,0,54109,27242,63638,0,29098,31398,35518,0,601,6224,24615,0,17323,30129
186.196,1,1,25,1,1,4935,0.4770539772727273,55,2500,7919,0,56503,20781,19748,0,5535,28954,29800,0,45489,47546,60647,0,33528,38069
186.213,0,1,1,1,0,17229,0.5182707805061838,65,2500,21038,0,54109,27242,63638,0,29098,31398,35518,0,601,6224,24615,0,17323,30129
186.233,1,1,25,1,1,4934,0.476984375,55,2500,7919,0,56503,20781,19748,0,5535,28954,29800,0,45489,47546,60647,0,33528,38069
186.25,0,1,1,1,0,4535,0.4610911223476784,57,2500,21038,0,54109,27242,63638,0,29098,31398,35518,0,601,6224,24615,0,17323,30129
186.27,1,1,25,1,1,4920,0.4771235795454546,55,2500,7919,0,56503,20781,19748,0,5535,28954,29800,0,45489,47546,60647,0,33528,38069
186.287,0,1,1,1,0,4560,0.4613475333708107,57,2500,21038,0,54109,27242,63638,0,29098,31398,35518,0,601,6224,24615,0,17323,30129
186.307,1,1,25,1,1,4905,0.4770539772727273,55,2500,7919,0,56503,20781,19748,0,5535,28954,29800,0,45489,47546,60647,0,33528,38069
186.324,0,1,1,1,0,4570,0.4612193278592445,57,2500,21038,0,54109,27242,63638,0,29098,31398,35518,0,601,6224,24615,0,17323,30129
186.344,1,1,25,1,1,4847,0.4765667613636364,55,2500,7919,0,56503,20781,19748,0,5535,28954,29800,0,45489,47546,60647,0,33528,38069
186.361,0,1,1,1,0,4555,0.4612193278592445,57,2500,21038,0,54109,27242,63638,0,29098,31398,35518,0,601,6224,24615,0,17323,30129
186.381,1,1,25,1,1,4823,0.4764971590909091,55,2500,7919,0,56503,20781,19748,0,5535,28954,29800,0,45489,47546,60647,0,33528,38069
186.398,0,1,1,1,0,4563,0.46115522510346146,57,2500,21038,0,54109,27242,63638,0,29098,31398,35518,0,601,6224,24615,0,17323,30129
186.418,1,1,25,1,1,4766,0.4766363636363637,55,2500,7919,0,56503,20781,19748,0,5535,28954,29800,0,45489,47546,60647,0,33528,38069
186.435,0,1,1,1,0,4619,0.46128343061502763,57,2500,21038,0,54109,27242,63638,0,29098,31398,35518,0,601,6224,24615,0,17323,30129
186.454,1,1,25,1,1,4794,0.4767755681818182,55,2500,7919,0,56503,20781,19748,0,5535,28954,29800,0,45489,47546,60647,0,33528,38069
186.472,0,1,1,1,0,17010,0.517629752948353,65,2500,21038,0,54109,27242,63638,0,29098,31398,35518,0,601,6224,24615,0,17323,30129
186.491,1,1,25,1,1,4770,0.4761491477272728,55,2500,7919,0,56503,20781,19748,0,5535,28954,29800,0,45489,47546,60647,0,33528,38069
186.509,0,1,1,1,0,17074,0.5173733419252207,65,2500,21038,0,54109,27242,63638,0,29098,31398,35518,0,601,6224,24615,0,17323,30129
186.528,1,1,25,1,1,4801,0.4762883522727273,55,2500,7919,0,56503,20781,19748,0,5535,28954,29800,0,45489,47546,60647,0,33528,38069
186.546,0,1,1,1,0,17084,0.5173733419252207,65,2500,21038,0,54109,27242,63638,0,29098,31398,35518,0,601,6224,24615,0,17323,30129
186.565,1,1,25,1,1,4836,0.4768451704545455,55,2500,7919,0,56503,20781,19748,0,5535,28954,29800,0,45489,47546,60647,0,33528,38069
186.583,0,1,1,1,0,17020,0.5175015474367868,65,2500,21038,0,54109,27242,63638,0,29098,31398,35518,0,601,6224,24615,0,17323,30129
186.602,1,1,25,1,1,4888,0.476705965909091,55,2500,7919,0,56503,20781,19748,0,5535,28954,29800,0,45489,47546,60647,0,33528,38069
186.62,0,1,1,1,0,17108,0.5175015474367868,65,2500,21038,0,54109,27242,63638,0,29098,31398,35518,0,601,6224,24615,0,17323,30129
186.639,1,1,25,1,1,4941,0.4773323863636364,55,2500,7919,0,56503,20781,19748,0,5535,28954,29800,0,45489,47546,60647,0,33528,38069
186.657,0,1,1,1,0,17084,0.5177579584599191,65,2500,21038,0,54109,27242,63638,0,29098,31398,35518,0,601,6224,24615,0,17323,30129
186.676,1,1,25,1,1,4960,0.4770539772727273,55,2500,7919,0,56503,20781,19748,0,5535,28954,29800,0,45489,47546,60647,0,33528,38069
186.694,0,1,1,1,0,17020,0.51756565019257,65,2500,21038,0,54109,27242,63638,0,29098,31398,35518,0,601,6224,24615,0,17323,30129
186.713,1,1,25,1,1,5001,0.4771931818181819,56,2500,7919,0,56503,20781,19748,0,5535,28954,29800,0,45489,47546,60647,0,33528,38069
186.731,0,1,1,1,0,4512,0.46115522510346146,57,2500,21038,0,54109,27242,63638,0,29098,31398,35518,0,601,6224,24615,0,17323,30129
186.75,1,1,25,1,1,4990,0.4775411931818182,55,2500,7919,0,56503,20781,19748,0,5535,28954,29800,0,45489,47546,60647,0,33528,38069
186.768,0,1,1,1,0,4536,0.4612193278592445,57,2500,21038,0,54109,27242,63638,0,29098,31398,35518,0,601,6224,24615,0,17323,30129
186.787,1,1,25,1,1,4986,0.4773323863636364,55,2500,7919,0,56503,20781,19748,0,5535,28954,29800,0,45489,47546,60647,0,33528,38069
186.805,0,1,1,1,0,17020,0.5180143694830515,65,2500,21038,0,54109,27242,63638,0,29098,31398,35518,0,601,6224,24615,0,17323,30129
186.824,1,1,25,1,1,4976,0.4773323863636364,56,2500,7919,0,56503,20781,19748,0,5535,28954,29800,0,45489,47546,60647,0,33528,38069
186.842,0,1,1,1,0,4531,0.4612193278592445,57,2500,21038,0,54109,27242,63638,0,29098,31398,35518,0,601,6224,24615,0,17323,30129
186.861,1,1,25,1,1,4919,0.4773323863636364,56,2500,7919,0,56503,20781,19748,0,5535,28954,29800,0,45489,47546,60647,0,33528,38069
186.879,0,1,1,1,0,4519,0.4612193278592445,57,2500,21038,0,54109,27242,63638,0,29098,31398,35518,0,601,6224,24615,0,17323,30129
186.898,1,1,25,1,1,4872,0.4771931818181819,55,2500,7919,0,56503,20781,19748,0,5535,28954,29800,0,45489,47546,60647,0,33528,38069
186.916,0,1,1,1,0,4522,0.4612193278592445,57,2500,21038,0,54109,27242,63638,0,29098,31398,35518,0,601,6224,24615,0,17323,30129
186.935,1,1,25,1,1,4838,0.4770539772727273,55,2500,7919,0,56503,20781,19748,0,5535,28954,29800,0,45489,47546,60647,0,33528,38069
186.953,0,1,1,1,0,4545,0.46141163612659375,57,2500,21038,0,54109,27242,63638,0,29098,31398,35518,0,601,6224,24615,0,17323,30129
186.972,1,1,25,1,1,4821,0.4772627840909091,55,2500,7919,0,56503,20781,19748,0,5535,28954,29800,0,45489,47546,60647,0,33528,38069
186.99,0,1,1,1,0,4531,0.46096291683611224,57,2500,21038,0,54109,27242,63638,0,29098,31398,35518,0,601,6224,24615,0,17323,30129
187.009,1,1,25,1,1,4764,0.476984375,55,2500,7919,0,56503,20781,19748,0,5535,28954,29800,0,45489,47546,60647,0,33528,38069
187.027,0,1,1,1,0,4540,0.46115522510346146,57,2500,21038,0,54109,27242,63638,0,29098,31398,35518,0,601,6224,24615,0,17323,30129
187.046,1,1,25,1,1,4774,0.4769147727272728,55,2500,7919,0,56503,20781,19748,0,5535,28954,29800,0,45489,47546,60647,0,33528,38069
187.064,0,1,1,1,0,4540,0.4613475333708107,57,2500,21038,0,54109,27242,63638,0,29098,31398,35518,0,601,6224,24615,0,17323,30129
187.083,1,1,25,1,1,4746,0.4765667613636364,55,2500,7919,0,56503,20781,19748,0,5535,28954,29800,0,45489,47546,60647,0,33528,38069
187.101,0,1,1,1,0,4519,0.46128343061502763,57,2500,21038,0,54109,27242,63638,0,29098,31398,35518,0,601,6224,24615,0,17323,30129
187.12,1,1,25,1,1,4747,0.4768451704545455,55,2500,7919,0,56503,20781,19748,0,5535,28954,29800,0,45489,47546,60647,0,33528,38069
187.138,0,1,1,1,0,4415,0.4612193278592445,57,2500,21038,0,54109,27242,63638,0,29098,31398,35518,0,601,6224,24615,0,17323,30129
187.157,1,1,25,1,1,4740,0.476705965909091,55,2500,7919,0,56503,20781,19748,0,5535,28954,29800,0,45489,47546,60647,0,33528,38069
187.175,0,1,1,1,0,4355,0.46115522510346146,57,2500,21038,0,54109,27242,63638,0,29098,31398,35518,0,601,6224,24615,0,17323,30129
187.194,1,1,25,1,1,4745,0.4764275568181819,55,2500,7919,0,56503,20781,19748,0,5535,28954,29800,0,45489,47546,60647,0,33528,38069
187.212,0,1,1,1,0,4304,0.46128343061502763,57,2500,21038,0,54109,27242,63638,0,29098,31398,35518,0,601,6224,24615,0,17323,30129
187.231,1,1,25,1,1,4759,0.4773323863636364,55,2500,7919,0,56503,20781,19748,0,5535,28954,29800,0,45489,47546,60647,0,33528,38069
187.249,0,1,1,1,0,4224,0.4610270195918953,57,2500,21038,0,54109,27242,63638,0,29098,31398,35518,0,601,6224,24615,0,17323,30129
187.268,1,1,25,1,1,4758,0.4772627840909091,55,2500,7919,0,56503,20781,19748,0,5535,28954,29800,0,45489,47546,60647,0,33528,38069
187.286,0,1,1,1,0,4183,0.4610911223476784,57,2500,21038,0,54109,27242,63638,0,29098,31398,35518,0,601,6224,24615,0,17323,30129
187.305,1,1,25,1,1,4846,0.47802840909090916,56,2500,7919,0,56503,20781,19748,0,5535,28954,29800,0,45489,47546,60647,0,33528,38069
187.323,0,1,1,1,0,4160,0.46115522510346146,57,2500,21038,0,54109,27242,63638,0,29098,31398,35518,0,601,6224,24615,0,17323,30129
187.342,1,1,25,1,1,4897,0.4780980113636364,56,2500,7919,0,56503,20781,19748,0,5535,28954,29800,0,45489,47546,60647,0,33528,38069
187.36,0,1,1,1,0,4152,0.4610911223476784,57,2500,21038,0,54109,27242,63638,0,29098,31398,35518,0,601,6224,24615,0,17323,30129
187.379,1,1,25,1,1,4931,0.47830681818181825,56,2500,7919,0,56503,20781,19748,0,5535,28954,29800,0,45489,47546,60647,0,33528,38069
187.397,0,1,1,1,0,4171,0.4610911223476784,57,2500,21038,0,54109,27242,63638,0,29098,31398,35518,0,601,6224,24615,0,17323,30129
187.416,1,1,25,1,1,4970,0.47851562500000006,56,2500,7919,0,56503,20781,19748,0,5535,28954,29800,0,45489,47546,60647,0,33528,38069
187.434,0,1,1,1,0,4218,0.46128343061502763,57,2500,21038,0,54109,27242,63638,0,29098,31398,35518,0,601,6224,24615,0,17323,30129
