time[s],SensorID,event,mask,tL.num_valid_targets,tL.reserved,tL.targets[0].amplitude,tL.targets[0].range,tL.targets[0].reserved[0],tL.targets[0].reserved[1],tL.targets[1].amplitude,tL.targets[1].range,tL.targets[1].reserved[0],tL.targets[1].reserved[1],tL.targets[2].amplitude,tL.targets[2].range,tL.targets[2].reserved[0],tL.targets[2].reserved[1],tL.targets[3].amplitude,tL.targets[3].range,tL.targets[3].reserved[0],tL.targets[3].reserved[1],tL.targets[4].amplitude,tL.targets[4].range,tL.targets[4].reserved[0],tL.targets[4].reserved[1]
550.998,1,1,0,1,1,8663,0.2658276693991906,31,2500,0,0,0,0,0,0,0,0,0,0,0,0,0,0,0,0
551.015,0,1,1,1,0,17126,0.2651038045953591,34,2500,21038,0,54109,27371,64182,0,29098,31398,35518,0,601,6224,24615,0,17323,30129
551.035,1,1,0,1,1,8675,0.2656191225874235,31,2500,0,0,0,0,0,0,0,0,0,0,0,0,0,0,0,0
551.052,0,1,1,1,0,17070,0.2650395681513088,34,2500,21038,0,54109,27371,64182,0,29098,31398,35518,0,601,6224,24615,0,17323,30129
551.072,1,1,0,1,1,8721,0.26575815379526824,31,2500,0,0,0,0,0,0,0,0,0,0,0,0,0,0,0,0
551.089,0,1,1,1,0,17069,0.2651038045953591,34,2500,21038,0,54109,27371,64182,0,29098,31398,35518,0,601,6224,24615,0,17323,30129
551.109,1,1,0,1,1,8724,0.26568863819134586,31,2500,0,0,0,0,0,0,0,0,0,0,0,0,0,0,0,0
551.126,0,1,1,1,0,16939,0.2650395681513088,34,2500,21038,0,54109,27371,64182,0,29098,31398,35518,0,601,6224,24615,0,17323,30129
551.146,1,1,0,1,1,8761,0.2656191225874235,31,2500,0,0,0,0,0,0,0,0,0,0,0,0,0,0,0,0
551.163,0,1,1,1,0,16993,0.2651038045953591,34,2500,21038,0,54109,27371,64182,0,29098,31398,35518,0,601,6224,24615,0,17323,30129
551.183,1,1,0,1,1,8739,0.2658276693991906,31,2500,0,0,0,0,0,0,0,0,0,0,0,0,0,0,0,0
551.2,0,1,1,1,0,16899,0.26497533170725857,34,2500,21038,0,54109,27371,64182,0,29098,31398,35518,0,601,6224,24615,0,17323,30129
551.22,1,1,0,1,1,8738,0.26575815379526824,31,2500,0,0,0,0,0,0,0,0,0,0,0,0,0,0,0,0
551.237,0,1,1,1,0,16834,0.26497533170725857,34,2500,21038,0,54109,27371,64182,0,29098,31398,35518,0,601,6224,24615,0,17323,30129
551.257,1,1,0,1,1,8726,0.26554960698350105,31,2500,0,0,0,0,0,0,0,0,0,0,0,0,0,0,0,0
551.274,0,1,1,1,0,16834,0.26491109526320833,34,2500,21038,0,54109,27371,64182,0,29098,31398,35518,0,601,6224,24615,0,17323,30129
551.294,1,1,0,1,1,8690,0.26554960698350105,31,2500,0,0,0,0,0,0,0,0,0,0,0,0,0,0,0,0
551.311,0,1,1,1,0,16939,0.2650395681513088,34,2500,21038,0,54109,27371,64182,0,29098,31398,35518,0,601,6224,24615,0,17323,30129
551.331,1,1,0,1,1,8680,0.26520202896388917,31,2500,0,0,0,0,0,0,0,0,0,0,0,0,0,0,0,0
551.348,0,1,1,1,0,16937,0.2651038045953591,34,2500,21038,0,54109,27371,64182,0,29098,31398,35518,0,601,6224,24615,0,17323,30129
551.367,1,1,0,1,1,8654,0.2650629977560444,31,2500,0,0,0,0,0,0,0,0,0,0,0,0,0,0,0,0
551.385,0,1,1,1,0,17026,0.26516804103940933,34,2500,21038,0,54109,27371,64182,0,29098,31398,35518,0,601,6224,24615,0,17323,30129
551.404,1,1,0,1,1,8616,0.26485445094427723,31,2500,0,0,0,0,0,0,0,0,0,0,0,0,0,0,0,0
551.422,0,1,1,1,0,17024,0.2651038045953591,34,2500,21038,0,54109,27371,64182,0,29098,31398,35518,0,601,6224,24615,0,17323,30129
551.441,1,1,0,1,1,8612,0.26485445094427723,31,2500,0,0,0,0,0,0,0,0,0,0,0,0,0,0,0,0
551.459,0,1,1,1,0,16839,0.26497533170725857,34,2500,21038,0,54109,27371,64182,0,29098,31398,35518,0,601,6224,24615,0,17323,30129
551.478,1,1,0,1,1,8584,0.2647154197364325,31,2500,0,0,0,0,0,0,0,0,0,0,0,0,0,0,0,0
551.496,0,1,1,1,0,16939,0.2650395681513088,34,2500,21038,0,54109,27371,64182,0,29098,31398,35518,0,601,6224,24615,0,17323,30129
551.515,1,1,0,1,1,8567,0.2646459041325101,31,2500,0,0,0,0,0,0,0,0,0,0,0,0,0,0,0,0
551.533,0,1,1,1,0,16937,0.26497533170725857,34,2500,21038,0,54109,27371,64182,0,29098,31398,35518,0,601,6224,24615,0,17323,30129
551.552,1,1,0,1,1,8580,0.2646459041325101,31,2500,0,0,0,0,0,0,0,0,0,0,0,0,0,0,0,0
551.57,0,1,1,1,0,17126,0.2651038045953591,34,2500,21038,0,54109,27371,64182,0,29098,31398,35518,0,601,6224,24615,0,17323,30129
551.589,1,1,0,1,1,8569,0.2646459041325101,31,2500,0,0,0,0,0,0,0,0,0,0,0,0,0,0,0,0
551.607,0,1,1,1,0,17168,0.2651038045953591,34,2500,21038,0,54109,27371,64182,0,29098,31398,35518,0,601,6224,24615,0,17323,30129
551.626,1,1,0,1,1,8612,0.26450687292466535,31,2500,0,0,0,0,0,0,0,0,0,0,0,0,0,0,0,0
551.644,0,1,1,1,0,17128,0.26516804103940933,34,2500,21038,0,54109,27371,64182,0,29098,31398,35518,0,601,6224,24615,0,17323,30129
551.663,1,1,0,1,1,8635,0.2647154197364325,31,2500,0,0,0,0,0,0,0,0,0,0,0,0,0,0,0,0
551.681,0,1,1,1,0,17168,0.2651038045953591,34,2500,21038,0,54109,27371,64182,0,29098,31398,35518,0,601,6224,24615,0,17323,30129
551.7,1,1,0,1,1,8662,0.2647154197364325,31,2500,0,0,0,0,0,0,0,0,0,0,0,0,0,0,0,0
551.718,0,1,1,1,0,17168,0.26491109526320833,34,2500,21038,0,54109,27371,64182,0,29098,31398,35518,0,601,6224,24615,0,17323,30129
551.737,1,1,0,1,1,8693,0.26485445094427723,31,2500,0,0,0,0,0,0,0,0,0,0,0,0,0,0,0,0
551.755,0,1,1,1,0,17168,0.2650395681513088,34,2500,21038,0,54109,27371,64182,0,29098,31398,35518,0,601,6224,24615,0,17323,30129
551.774,1,1,0,1,1,8725,0.2646459041325101,31,2500,0,0,0,0,0,0,0,0,0,0,0,0,0,0,0,0
551.792,0,1,1,1,0,17125,0.2650395681513088,34,2500,21038,0,54109,27371,64182,0,29098,31398,35518,0,601,6224,24615,0,17323,30129
551.811,1,1,0,1,1,8732,0.2646459041325101,31,2500,0,0,0,0,0,0,0,0,0,0,0,0,0,0,0,0
551.829,0,1,1,1,0,17128,0.2651038045953591,34,2500,21038,0,54109,27371,64182,0,29098,31398,35518,0,601,6224,24615,0,17323,30129
551.848,1,1,0,1,1,8743,0.26485445094427723,31,2500,0,0,0,0,0,0,0,0,0,0,0,0,0,0,0,0
551.866,0,1,1,1,0,17142,0.2650395681513088,34,2500,21038,0,54109,27371,64182,0,29098,31398,35518,0,601,6224,24615,0,17323,30129
551.885,1,1,0,1,1,8787,0.26478493534035485,31,2500,0,0,0,0,0,0,0,0,0,0,0,0,0,0,0,0
551.903,0,1,1,1,0,17168,0.26516804103940933,34,2500,21038,0,54109,27371,64182,0,29098,31398,35518,0,601,6224,24615,0,17323,30129
551.922,1,1,0,1,1,8757,0.2647154197364325,31,2500,0,0,0,0,0,0,0,0,0,0,0,0,0,0,0,0
551.94,0,1,1,1,0,17126,0.2650395681513088,34,2500,21038,0,54109,27371,64182,0,29098,31398,35518,0,601,6224,24615,0,17323,30129
551.959,1,1,0,1,1,8778,0.26492396654819966,31,2500,0,0,0,0,0,0,0,0,0,0,0,0,0,0,0,0
551.977,0,1,1,1,0,17068,0.2651038045953591,34,2500,21038,0,54109,27371,64182,0,29098,31398,35518,0,601,6224,24615,0,17323,30129
551.996,1,1,0,1,1,8756,0.26492396654819966,31,2500,0,0,0,0,0,0,0,0,0,0,0,0,0,0,0,0
552.014,0,1,1,1,0,16939,0.26497533170725857,34,2500,21038,0,54109,27371,64182,0,29098,31398,35518,0,601,6224,24615,0,17323,30129
552.033,1,1,0,1,1,8738,0.2651325133599668,31,2500,0,0,0,0,0,0,0,0,0,0,0,0,0,0,0,0
552.051,0,1,1,1,0,16939,0.2648468588191581,34,2500,21038,0,54109,27371,64182,0,29098,31398,35518,0,601,6224,24615,0,17323,30129
552.07,1,1,0,1,1,8741,0.26520202896388917,31,2500,0,0,0,0,0,0,0,0,0,0,0,0,0,0,0,0
552.088,0,1,1,1,0,16996,0.26491109526320833,34,2500,21038,0,54109,27371,64182,0,29098,31398,35518,0,601,6224,24615,0,17323,30129
552.107,1,1,0,1,1,8700,0.26527154456781155,31,2500,0,0,0,0,0,0,0,0,0,0,0,0,0,0,0,0
552.125,0,1,1,1,0,16994,0.26491109526320833,34,2500,21038,0,54109,27371,64182,0,29098,31398,35518,0,601,6224,24615,0,17323,30129
552.144,1,1,0,1,1,8728,0.2654800913795787,31,2500,0,0,0,0,0,0,0,0,0,0,0,0,0,0,0,0
552.162,0,1,1,1,0,17069,0.26497533170725857,34,2500,21038,0,54109,27371,64182,0,29098,31398,35518,0,601,6224,24615,0,17323,30129
552.181,1,1,0,1,1,8692,0.2653410601717339,31,2500,0,0,0,0,0,0,0,0,0,0,0,0,0,0,0,0
552.199,0,1,1,1,0,16937,0.2648468588191581,34,2500,21038,0,54109,27371,64182,0,29098,31398,35518,0,601,6224,24615,0,17323,30129
552.218,1,1,0,1,1,8675,0.2653410601717339,31,2500,0,0,0,0,0,0,0,0,0,0,0,0,0,0,0,0
552.236,0,1,1,1,0,17128,0.26497533170725857,34,2500,21038,0,54109,27371,64182,0,29098,31398,35518,0,601,6224,24615,0,17323,30129
552.255,1,1,0,1,1,8665,0.26527154456781155,31,2500,0,0,0,0,0,0,0,0,0,0,0,0,0,0,0,0
552.273,0,1,1,1,0,16839,0.26478262237510786,34,2500,21038,0,54109,27371,64182,0,29098,31398,35518,0,601,6224,24615,0,17323,30129
552.292,1,1,0,1,1,8751,0.26554960698350105,31,2500,0,0,0,0,0,0,0,0,0,0,0,0,0,0,0,0
552.309,0,1,1,1,0,16840,0.2647183859310576,34,2500,21038,0,54109,27371,64182,0,29098,31398,35518,0,601,6224,24615,0,17323,30129
552.329,1,1,0,1,1,8747,0.2653410601717339,31,2500,0,0,0,0,0,0,0,0,0,0,0,0,0,0,0,0
552.346,0,1,1,1,0,16839,0.26491109526320833,34,2500,21038,0,54109,27371,64182,0,29098,31398,35518,0,601,6224,24615,0,17323,30129
552.366,1,1,0,1,1,8735,0.2647154197364325,31,2500,0,0,0,0,0,0,0,0,0,0,0,0,0,0,0,0
552.383,0,1,1,1,0,16840,0.2650395681513088,34,2500,21038,0,54109,27371,64182,0,29098,31398,35518,0,601,6224,24615,0,17323,30129
552.403,1,1,0,1,1,8737,0.2654800913795787,31,2500,0,0,0,0,0,0,0,0,0,0,0,0,0,0,0,0
552.42,0,1,1,1,0,16996,0.2650395681513088,34,2500,21038,0,54109,27371,64182,0,29098,31398,35518,0,601,6224,24615,0,17323,30129
552.44,1,1,0,1,1,8786,0.26554960698350105,31,2500,0,0,0,0,0,0,0,0,0,0,0,0,0,0,0,0
552.457,0,1,1,1,0,16854,0.2648468588191581,34,2500,21038,0,54109,27371,64182,0,29098,31398,35518,0,601,6224,24615,0,17323,30129
552.477,1,1,0,1,1,8761,0.26568863819134586,31,2500,0,0,0,0,0,0,0,0,0,0,0,0,0,0,0,0
552.494,0,1,1,1,0,16920,0.2651038045953591,33,2500,21038,0,54109,27371,64182,0,29098,31398,35518,0,601,6224,24615,0,17323,30129
552.514,1,1,0,1,1,8782,0.265897185003113,31,2500,0,0,0,0,0,0,0,0,0,0,0,0,0,0,0,0
552.531,0,1,1,1,0,17007,0.2651038045953591,33,2500,21038,0,54109,27371,64182,0,29098,31398,35518,0,601,6224,24615,0,17323,30129
552.551,1,1,0,1,1,8776,0.265897185003113,31,2500,0,0,0,0,0,0,0,0,0,0,0,0,0,0,0,0
552.568,0,1,1,1,0,17054,0.26536075037156004,33,2500,21038,0,54109,27371,64182,0,29098,31398,35518,0,601,6224,24615,0,17323,30129
552.588,1,1,0,1,1,8783,0.2661752474188025,31,2500,0,0,0,0,0,0,0,0,0,0,0,0,0,0,0,0
552.605,0,1,1,1,0,17046,0.26523227748345957,33,2500,21038,0,54109,27371,64182,0,29098,31398,35518,0,601,6224,24615,0,17323,30129
552.625,1,1,0,1,1,8717,0.26596670060703537,31,2500,0,0,0,0,0,0,0,0,0,0,0,0,0,0,0,0
552.642,0,1,1,1,0,17040,0.2652965139275098,33,2500,21038,0,54109,27371,64182,0,29098,31398,35518,0,601,6224,24615,0,17323,30129
552.662,1,1,0,1,1,8729,0.26624476302272493,31,2500,0,0,0,0,0,0,0,0,0,0,0,0,0,0,0,0
552.679,0,1,1,1,0,17105,0.26536075037156004,33,2500,21038,0,54109,27371,64182,0,29098,31398,35518,0,601,6224,24615,0,17323,30129
552.699,1,1,0,1,1,8626,0.26527154456781155,31,2500,0,0,0,0,0,0,0,0,0,0,0,0,0,0,0,0
552.716,0,1,1,1,0,16854,0.26523227748345957,34,2500,21038,0,54109,27371,64182,0,29098,31398,35518,0,601,6224,24615,0,17323,30129
552.736,1,1,0,1,1,8706,0.26673137225018156,31,2500,0,0,0,0,0,0,0,0,0,0,0,0,0,0,0,0
552.753,0,1,1,1,0,16918,0.26523227748345957,33,2500,21038,0,54109,27371,64182,0,29098,31398,35518,0,601,6224,24615,0,17323,30129
552.773,1,1,0,1,1,8656,0.26680088785410394,31,2500,0,0,0,0,0,0,0,0,0,0,0,0,0,0,0,0
552.79,0,1,1,1,0,16891,0.26523227748345957,33,2500,21038,0,54109,27371,64182,0,29098,31398,35518,0,601,6224,24615,0,17323,30129
552.81,1,1,0,1,1,8621,0.26673137225018156,31,2500,0,0,0,0,0,0,0,0,0,0,0,0,0,0,0,0
552.827,0,1,1,1,0,16894,0.2651038045953591,33,2500,21038,0,54109,27371,64182,0,29098,31398,35518,0,601,6224,24615,0,17323,30129
552.847,1,1,0,1,1,8684,0.2671484658737159,31,2500,0,0,0,0,0,0,0,0,0,0,0,0,0,0,0,0
552.864,0,1,1,1,0,16890,0.26516804103940933,33,2500,21038,0,54109,27371,64182,0,29098,31398,35518,0,601,6224,24615,0,17323,30129
552.884,1,1,0,1,1,8654,0.26693991906194875,31,2500,0,0,0,0,0,0,0,0,0,0,0,0,0,0,0,0
552.901,0,1,1,1,0,16994,0.26536075037156004,34,2500,21038,0,54109,27371,64182,0,29098,31398,35518,0,601,6224,24615,0,17323,30129
552.921,1,1,0,1,1,8657,0.2671484658737159,31,2500,0,0,0,0,0,0,0,0,0,0,0,0,0,0,0,0
552.938,0,1,1,1,0,16943,0.26516804103940933,34,2500,21038,0,54109,27371,64182,0,29098,31398,35518,0,601,6224,24615,0,17323,30129
552.958,1,1,0,1,1,8655,0.26693991906194875,31,2500,0,0,0,0,0,0,0,0,0,0,0,0,0,0,0,0
552.975,0,1,1,1,0,17092,0.2652965139275098,34,2500,21038,0,54109,27371,64182,0,29098,31398,35518,0,601,6224,24615,0,17323,30129
552.995,1,1,0,1,1,8717,0.2670789502697935,31,2500,0,0,0,0,0,0,0,0,0,0,0,0,0,0,0,0
553.012,0,1,1,1,0,17026,0.26523227748345957,34,2500,21038,0,54109,27371,64182,0,29098,31398,35518,0,601,6224,24615,0,17323,30129
553.032,1,1,0,1,1,8662,0.2670094346658711,31,2500,0,0,0,0,0,0,0,0,0,0,0,0,0,0,0,0
553.049,0,1,1,1,0,17143,0.2654249868156103,34,2500,21038,0,54109,27371,64182,0,29098,31398,35518,0,601,6224,24615,0,17323,30129
553.069,1,1,0,1,1,8638,0.2670789502697935,31,2500,0,0,0,0,0,0,0,0,0,0,0,0,0,0,0,0
553.086,0,1,1,1,0,17128,0.26523227748345957,34,2500,21038,0,54109,27371,64182,0,29098,31398,35518,0,601,6224,24615,0,17323,30129
553.106,1,1,0,1,1,8628,0.2670789502697935,31,2500,0,0,0,0,0,0,0,0,0,0,0,0,0,0,0,0
553.123,0,1,1,1,0,17168,0.26536075037156004,34,2500,21038,0,54109,27371,64182,0,29098,31398,35518,0,601,6224,24615,0,17323,30129
553.143,1,1,0,1,1,8573,0.2670789502697935,31,2500,0,0,0,0,0,0,0,0,0,0,0,0,0,0,0,0
553.16,0,1,1,1,0,17143,0.26523227748345957,34,2500,21038,0,54109,27371,64182,0,29098,31398,35518,0,601,6224,24615,0,17323,30129
553.18,1,1,0,1,1,8592,0.26721798147763826,31,2500,0,0,0,0,0,0,0,0,0,0,0,0,0,0,0,0
553.197,0,1,1,1,0,17197,0.26523227748345957,34,2500,21038,0,54109,27371,64182,0,29098,31398,35518,0,601,6224,24615,0,17323,30129
553.217,1,1,0,1,1,8506,0.26693991906194875,31,2500,0,0,0,0,0,0,0,0,0,0,0,0,0,0,0,0
553.234,0,1,1,1,0,17196,0.2651038045953591,34,2500,21038,0,54109,27371,64182,0,29098,31398,35518,0,601,6224,24615,0,17323,30129
553.254,1,1,0,1,1,8516,0.2670789502697935,31,2500,0,0,0,0,0,0,0,0,0,0,0,0,0,0,0,0
553.271,0,1,1,1,0,17196,0.26536075037156004,34,2500,21038,0,54109,27371,64182,0,29098,31398,35518,0,601,6224,24615,0,17323,30129
553.291,1,1,0,1,1,8415,0.26652282543841443,31,2500,0,0,0,0,0,0,0,0,0,0,0,0,0,0,0,0
553.308,0,1,1,1,0,17197,0.2652965139275098,34,2500,21038,0,54109,27371,64182,0,29098,31398,35518,0,601,6224,24615,0,17323,30129
553.328,1,1,0,1,1,8377,0.2666618566462592,31,2500,0,0,0,0,0,0,0,0,0,0,0,0,0,0,0,0
553.345,0,1,1,1,0,17168,0.26516804103940933,34,2500,21038,0,54109,27371,64182,0,29098,31398,35518,0,601,6224,24615,0,17323,30129
553.365,1,1,0,1,1,8368,0.26673137225018156,31,2500,0,0,0,0,0,0,0,0,0,0,0,0,0,0,0,0
553.382,0,1,1,1,0,17168,0.26523227748345957,34,2500,21038,0,54109,27371,64182,0,29098,31398,35518,0,601,6224,24615,0,17323,30129
553.402,1,1,0,1,1,8385,0.26673137225018156,31,2500,0,0,0,0,0,0,0,0,0,0,0,0,0,0,0,0
553.419,0,1,1,1,0,17168,0.26516804103940933,34,2500,21038,0,54109,27371,64182,0,29098,31398,35518,0,601,6224,24615,0,17323,30129
553.439,1,1,0,1,1,8357,0.26645330983449206,31,2500,0,0,0,0,0,0,0,0,0,0,0,0,0,0,0,0
553.456,0,1,1,1,0,17197,0.26523227748345957,34,2500,21038,0,54109,27371,64182,0,29098,31398,35518,0,601,6224,24615,0,17323,30129
553.476,1,1,0,1,1,8379,0.2665923410423368,31,2500,0,0,0,0,0,0,0,0,0,0,0,0,0,0,0,0
553.493,0,1,1,1,0,17197,0.26523227748345957,34,2500,21038,0,54109,27371,64182,0,29098,31398,35518,0,601,6224,24615,0,17323,30129
553.513,1,1,0,1,1,8385,0.2665923410423368,31,2500,0,0,0,0,0,0,0,0,0,0,0,0,0,0,0,0
553.53,0,1,1,1,0,17168,0.26523227748345957,34,2500,21038,0,54109,27371,64182,0,29098,31398,35518,0,601,6224,24615,0,17323,30129
553.55,1,1,0,1,1,8397,0.2668704034580264,31,2500,0,0,0,0,0,0,0,0,0,0,0,0,0,0,0,0
553.567,0,1,1,1,0,17168,0.26523227748345957,34,2500,21038,0,54109,27371,64182,0,29098,31398,35518,0,601,6224,24615,0,17323,30129
553.587,1,1,0,1,1,8414,0.2668704034580264,31,2500,0,0,0,0,0,0,0,0,0,0,0,0,0,0,0,0
553.604,0,1,1,1,0,17168,0.26536075037156004,34,2500,21038,0,54109,27371,64182,0,29098,31398,35518,0,601,6224,24615,0,17323,30129
553.624,1,1,0,1,1,8401,0.26680088785410394,31,2500,0,0,0,0,0,0,0,0,0,0,0,0,0,0,0,0
553.641,0,1,1,1,0,17128,0.26516804103940933,34,2500,21038,0,54109,27371,64182,0,29098,31398,35518,0,601,6224,24615,0,17323,30129
553.661,1,1,0,1,1,8385,0.2668704034580264,31,2500,0,0,0,0,0,0,0,0,0,0,0,0,0,0,0,0
553.678,0,1,1,1,0,17168,0.2654249868156103,34,2500,21038,0,54109,27371,64182,0,29098,31398,35518,0,601,6224,24615,0,17323,30129
553.698,1,1,0,1,1,8377,0.26680088785410394,31,2500,0,0,0,0,0,0,0,0,0,0,0,0,0,0,0,0
553.715,0,1,1,1,0,17168,0.26536075037156004,34,2500,21038,0,54109,27371,64182,0,29098,31398,35518,0,601,6224,24615,0,17323,30129
553.735,1,1,0,1,1,8343,0.26680088785410394,31,2500,0,0,0,0,0,0,0,0,0,0,0,0,0,0,0,0
553.752,0,1,1,1,0,17168,0.2654249868156103,34,2500,21038,0,54109,27371,64182,0,29098,31398,35518,0,601,6224,24615,0,17323,30129
553.772,1,1,0,1,1,8299,0.26680088785410394,31,2500,0,0,0,0,0,0,0,0,0,0,0,0,0,0,0,0
553.789,0,1,1,1,0,17168,0.2652965139275098,34,2500,21038,0,54109,27371,64182,0,29098,31398,35518,0,601,6224,24615,0,17323,30129
553.809,1,1,0,1,1,8303,0.2666618566462592,31,2500,0,0,0,0,0,0,0,0,0,0,0,0,0,0,0,0
553.826,0,1,1,1,0,17196,0.26516804103940933,34,2500,21038,0,54109,27371,64182,0,29098,31398,35518,0,601,6224,24615,0,17323,30129
553.846,1,1,0,1,1,8284,0.2666618566462592,31,2500,0,0,0,0,0,0,0,0,0,0,0,0,0,0,0,0
553.863,0,1,1,1,0,17197,0.2654249868156103,34,2500,21038,0,54109,27371,64182,0,29098,31398,35518,0,601,6224,24615,0,17323,30129
553.883,1,1,0,1,1,8310,0.2665923410423368,31,2500,0,0,0,0,0,0,0,0,0,0,0,0,0,0,0,0
553.9,0,1,1,1,0,17197,0.2651038045953591,34,2500,21038,0,54109,27371,64182,0,29098,31398,35518,0,601,6224,24615,0,17323,30129
553.92,1,1,0,1,1,8352,0.2665923410423368,31,2500,0,0,0,0,0,0,0,0,0,0,0,0,0,0,0,0
553.937,0,1,1,1,0,17196,0.2652965139275098,34,2500,21038,0,54109,27371,64182,0,29098,31398,35518,0,601,6224,24615,0,17323,30129
553.957,1,1,0,1,1,8364,0.2665923410423368,31,2500,0,0,0,0,0,0,0,0,0,0,0,0,0,0,0,0
553.974,0,1,1,1,0,17196,0.2652965139275098,34,2500,21038,0,54109,27371,64182,0,29098,31398,35518,0,601,6224,24615,0,17323,30129
553.994,1,1,0,1,1,8373,0.26680088785410394,31,2500,0,0,0,0,0,0,0,0,0,0,0,0,0,0,0,0
554.011,0,1,1,1,0,17215,0.26523227748345957,34,2500,21038,0,54109,27371,64182,0,29098,31398,35518,0,601,6224,24615,0,17323,30129
554.031,1,1,0,1,1,8409,0.26673137225018156,31,2500,0,0,0,0,0,0,0,0,0,0,0,0,0,0,0,0
554.048,0,1,1,1,0,17211,0.2651038045953591,34,2500,21038,0,54109,27371,64182,0,29098,31398,35518,0,601,6224,24615,0,17323,30129
554.068,1,1,0,1,1,8416,0.2665923410423368,31,2500,0,0,0,0,0,0,0,0,0,0,0,0,0,0,0,0
554.085,0,1,1,1,0,17216,0.26523227748345957,34,2500,21038,0,54109,27371,64182,0,29098,31398,35518,0,601,6224,24615,0,17323,30129
554.105,1,1,0,1,1,8454,0.26652282543841443,31,2500,0,0,0,0,0,0,0,0,0,0,0,0,0,0,0,0
554.122,0,1,1,1,0,17211,0.2650395681513088,34,2500,21038,0,54109,27371,64182,0,29098,31398,35518,0,601,6224,24615,0,17323,30129
554.142,1,1,0,1,1,8461,0.2666618566462592,31,2500,0,0,0,0,0,0,0,0,0,0,0,0,0,0,0,0
554.159,0,1,1,1,0,17216,0.26516804103940933,34,2500,21038,0,54109,27371,64182,0,29098,31398,35518,0,601,6224,24615,0,17323,30129
554.179,1,1,0,1,1,8474,0.26673137225018156,31,2500,0,0,0,0,0,0,0,0,0,0,0,0,0,0,0,0
554.196,0,1,1,1,0,17216,0.26497533170725857,34,2500,21038,0,54109,27371,64182,0,29098,31398,35518,0,601,6224,24615,0,17323,30129
554.216,1,1,0,1,1,8500,0.2666618566462592,31,2500,0,0,0,0,0,0,0,0,0,0,0,0,0,0,0,0
554.233,0,1,1,1,0,17216,0.26523227748345957,34,2500,21038,0,54109,27371,64182,0,29098,31398,35518,0,601,6224,24615,0,17323,30129
554.253,1,1,0,1,1,8533,0.26645330983449206,31,2500,0,0,0,0,0,0,0,0,0,0,0,0,0,0,0,0
554.27,0,1,1,1,0,17197,0.2650395681513088,34,2500,21038,0,54109,27371,64182,0,29098,31398,35518,0,601,6224,24615,0,17323,30129
554.29,1,1,0,1,1,8526,0.2666618566462592,31,2500,0,0,0,0,0,0,0,0,0,0,0,0,0,0,0,0
554.307,0,1,1,1,0,17197,0.2651038045953591,34,2500,21038,0,54109,27371,64182,0,29098,31398,35518,0,601,6224,24615,0,17323,30129
554.327,1,1,0,1,1,8543,0.2663837942305697,31,2500,0,0,0,0,0,0,0,0,0,0,0,0,0,0,0,0
554.344,0,1,1,1,0,17168,0.26536075037156004,34,2500,21038,0,54109,27371,64182,0,29098,31398,35518,0,601,6224,24615,0,17323,30129
554.364,1,1,0,1,1,8570,0.2663837942305697,31,2500,0,0,0,0,0,0,0,0,0,0,0,0,0,0,0,0
554.381,0,1,1,1,0,17168,0.2651038045953591,34,2500,21038,0,54109,27371,64182,0,29098,31398,35518,0,601,6224,24615,0,17323,30129
554.4,1,1,0,1,1,8587,0.2663142786266473,31,2500,0,0,0,0,0,0,0,0,0,0,0,0,0,0,0,0
554.418,0,1,1,1,0,17068,0.26523227748345957,34,2500,21038,0,54109,27371,64182,0,29098,31398,35518,0,601,6224,24615,0,17323,30129
554.437,1,1,0,1,1,8559,0.2661057318148801,31,2500,0,0,0,0,0,0,0,0,0,0,0,0,0,0,0,0
554.455,0,1,1,1,0,16940,0.26516804103940933,34,2500,21038,0,54109,27371,64182,0,29098,31398,35518,0,601,6224,24615,0,17323,30129
554.474,1,1,0,1,1,8538,0.26603621621095774,31,2500,0,0,0,0,0,0,0,0,0,0,0,0,0,0,0,0
554.492,0,1,1,1,0,17024,0.2650395681513088,34,2500,21038,0,54109,27371,64182,0,29098,31398,35518,0,601,6224,24615,0,17323,30129
554.511,1,1,0,1,1,8571,0.2661057318148801,31,2500,0,0,0,0,0,0,0,0,0,0,0,0,0,0,0,0
554.529,0,1,1,1,0,16996,0.26497533170725857,34,2500,21038,0,54109,27371,64182,0,29098,31398,35518,0,601,6224,24615,0,17323,30129
554.548,1,1,0,1,1,8598,0.26596670060703537,31,2500,0,0,0,0,0,0,0,0,0,0,0,0,0,0,0,0
554.566,0,1,1,1,0,17024,0.2651038045953591,34,2500,21038,0,54109,27371,64182,0,29098,31398,35518,0,601,6224,24615,0,17323,30129
554.585,1,1,0,1,1,8601,0.26603621621095774,31,2500,0,0,0,0,0,0,0,0,0,0,0,0,0,0,0,0
554.603,0,1,1,1,0,16994,0.26523227748345957,34,2500,21038,0,54109,27371,64182,0,29098,31398,35518,0,601,6224,24615,0,17323,30129
554.622,1,1,0,1,1,8675,0.26603621621095774,31,2500,0,0,0,0,0,0,0,0,0,0,0,0,0,0,0,0
554.64,0,1,1,1,0,17093,0.2651038045953591,34,2500,21038,0,54109,27371,64182,0,29098,31398,35518,0,601,6224,24615,0,17323,30129
554.659,1,1,0,1,1,8722,0.2663142786266473,31,2500,0,0,0,0,0,0,0,0,0,0,0,0,0,0,0,0
554.677,0,1,1,1,0,17128,0.26516804103940933,34,2500,21038,0,54109,27371,64182,0,29098,31398,35518,0,601,6224,24615,0,17323,30129
554.696,1,1,0,1,1,8724,0.26645330983449206,31,2500,0,0,0,0,0,0,0,0,0,0,0,0,0,0,0,0
554.714,0,1,1,1,0,17068,0.2650395681513088,34,2500,21038,0,54109,27371,64182,0,29098,31398,35518,0,601,6224,24615,0,17323,30129
554.733,1,1,0,1,1,8706,0.26624476302272493,31,2500,0,0,0,0,0,0,0,0,0,0,0,0,0,0,0,0
554.751,0,1,1,1,0,17093,0.26516804103940933,34,2500,21038,0,54109,27371,64182,0,29098,31398,35518,0,601,6224,24615,0,17323,30129
554.77,1,1,0,1,1,8664,0.26624476302272493,31,2500,0,0,0,0,0,0,0,0,0,0,0,0,0,0,0,0
554.787,0,1,1,1,0,17128,0.26516804103940933,34,2500,21038,0,54109,27371,64182,0,29098,31398,35518,0,601,6224,24615,0,17323,30129
554.807,1,1,0,1,1,8616,0.2661057318148801,31,2500,0,0,0,0,0,0,0,0,0,0,0,0,0,0,0,0
554.824,0,1,1,1,0,17168,0.26523227748345957,34,2500,21038,0,54109,27371,64182,0,29098,31398,35518,0,601,6224,24615,0,17323,30129
554.844,1,1,0,1,1,8607,0.26603621621095774,31,2500,0,0,0,0,0,0,0,0,0,0,0,0,0,0,0,0
554.861,0,1,1,1,0,17168,0.26516804103940933,34,2500,21038,0,54109,27371,64182,0,29098,31398,35518,0,601,6224,24615,0,17323,30129
554.881,1,1,0,1,1,8631,0.26624476302272493,31,2500,0,0,0,0,0,0,0,0,0,0,0,0,0,0,0,0
554.899,0,1,1,1,0,17168,0.26516804103940933,34,2500,21038,0,54109,27371,64182,0,29098,31398,35518,0,601,6224,24615,0,17323,30129
554.918,1,1,0,1,1,8694,0.26624476302272493,31,2500,0,0,0,0,0,0,0,0,0,0,0,0,0,0,0,0
554.936,0,1,1,1,0,17128,0.2651038045953591,34,2500,21038,0,54109,27371,64182,0,29098,31398,35518,0,601,6224,24615,0,17323,30129
554.955,1,1,0,1,1,8740,0.2663142786266473,31,2500,0,0,0,0,0,0,0,0,0,0,0,0,0,0,0,0
554.973,0,1,1,1,0,17128,0.2651038045953591,34,2500,21038,0,54109,27371,64182,0,29098,31398,35518,0,601,6224,24615,0,17323,30129
554.992,1,1,0,1,1,8763,0.26645330983449206,31,2500,0,0,0,0,0,0,0,0,0,0,0,0,0,0,0,0
555.01,0,1,1,1,0,17128,0.26516804103940933,34,2500,21038,0,54109,27371,64182,0,29098,31398,35518,0,601,6224,24615,0,17323,30129
555.029,1,1,0,1,1,8798,0.2663837942305697,31,2500,0,0,0,0,0,0,0,0,0,0,0,0,0,0,0,0
555.047,0,1,1,1,0,17068,0.2651038045953591,34,2500,21038,0,54109,27371,64182,0,29098,31398,35518,0,601,6224,24615,0,17323,30129
555.066,1,1,0,1,1,8781,0.26624476302272493,31,2500,0,0,0,0,0,0,0,0,0,0,0,0,0,0,0,0
555.084,0,1,1,1,0,17026,0.2650395681513088,34,2500,21038,0,54109,27371,64182,0,29098,31398,35518,0,601,6224,24615,0,17323,30129
555.103,1,1,0,1,1,8767,0.2663837942305697,31,2500,0,0,0,0,0,0,0,0,0,0,0,0,0,0,0,0
555.121,0,1,1,1,0,17026,0.26516804103940933,34,2500,21038,0,54109,27371,64182,0,29098,31398,35518,0,601,6224,24615,0,17323,30129
555.14,1,1,0,1,1,8750,0.2663837942305697,31,2500,0,0,0,0,0,0,0,0,0,0,0,0,0,0,0,0
555.158,0,1,1,1,0,17091,0.26516804103940933,34,2500,21038,0,54109,27371,64182,0,29098,31398,35518,0,601,6224,24615,0,17323,30129
555.177,1,1,0,1,1,8675,0.26596670060703537,31,2500,0,0,0,0,0,0,0,0,0,0,0,0,0,0,0,0
555.195,0,1,1,1,0,17069,0.26516804103940933,34,2500,21038,0,54109,27371,64182,0,29098,31398,35518,0,601,6224,24615,0,17323,30129
555.214,1,1,0,1,1,8650,0.26575815379526824,31,2500,0,0,0,0,0,0,0,0,0,0,0,0,0,0,0,0
555.231,0,1,1,1,0,16937,0.26497533170725857,34,2500,21038,0,54109,27371,64182,0,29098,31398,35518,0,601,6224,24615,0,17323,30129
555.251,1,1,0,1,1,8614,0.2656191225874235,31,2500,0,0,0,0,0,0,0,0,0,0,0,0,0,0,0,0
555.268,0,1,1,1,0,16836,0.2648468588191581,34,2500,21038,0,54109,27371,64182,0,29098,31398,35518,0,601,6224,24615,0,17323,30129
555.288,1,1,0,1,1,8619,0.26575815379526824,31,2500,0,0,0,0,0,0,0,0,0,0,0,0,0,0,0,0
555.305,0,1,1,1,0,17024,0.2651038045953591,34,2500,21038,0,54109,27371,64182,0,29098,31398,35518,0,601,6224,24615,0,17323,30129
555.325,1,1,0,1,1,8652,0.26575815379526824,31,2500,0,0,0,0,0,0,0,0,0,0,0,0,0,0,0,0
555.342,0,1,1,1,0,16943,0.2650395681513088,34,2500,21038,0,54109,27371,64182,0,29098,31398,35518,0,601,6224,24615,0,17323,30129
555.362,1,1,0,1,1,8653,0.26554960698350105,31,2500,0,0,0,0,0,0,0,0,0,0,0,0,0,0,0,0
555.379,0,1,1,1,0,17072,0.26516804103940933,34,2500,21038,0,54109,27371,64182,0,29098,31398,35518,0,601,6224,24615,0,17323,30129
555.399,1,1,0,1,1,8660,0.26575815379526824,31,2500,0,0,0,0,0,0,0,0,0,0,0,0,0,0,0,0
555.416,0,1,1,1,0,17072,0.2650395681513088,34,2500,21038,0,54109,27371,64182,0,29098,31398,35518,0,601,6224,24615,0,17323,30129
555.436,1,1,0,1,1,8659,0.26554960698350105,31,2500,0,0,0,0,0,0,0,0,0,0,0,0,0,0,0,0
555.453,0,1,1,1,0,16996,0.2651038045953591,34,2500,21038,0,54109,27371,64182,0,29098,31398,35518,0,601,6224,24615,0,17323,30129
555.473,1,1,0,1,1,8644,0.2654105757756563,31,2500,0,0,0,0,0,0,0,0,0,0,0,0,0,0,0,0
555.49,0,1,1,1,0,17143,0.26516804103940933,34,2500,21038,0,54109,27371,64182,0,29098,31398,35518,0,601,6224,24615,0,17323,30129
555.51,1,1,0,1,1,8683,0.2654800913795787,31,2500,0,0,0,0,0,0,0,0,0,0,0,0,0,0,0,0
555.527,0,1,1,1,0,17069,0.26516804103940933,34,2500,21038,0,54109,27371,64182,0,29098,31398,35518,0,601,6224,24615,0,17323,30129
555.547,1,1,0,1,1,8694,0.2654800913795787,31,2500,0,0,0,0,0,0,0,0,0,0,0,0,0,0,0,0
555.564,0,1,1,1,0,16996,0.2651038045953591,34,2500,21038,0,54109,27371,64182,0,29098,31398,35518,0,601,6224,24615,0,17323,30129
555.584,1,1,0,1,1,8668,0.2653410601717339,31,2500,0,0,0,0,0,0,0,0,0,0,0,0,0,0,0,0
555.601,0,1,1,1,0,17168,0.26516804103940933,34,2500,21038,0,54109,27371,64182,0,29098,31398,35518,0,601,6224,24615,0,17323,30129
555.621,1,1,0,1,1,8654,0.26527154456781155,31,2500,0,0,0,0,0,0,0,0,0,0,0,0,0,0,0,0
555.638,0,1,1,1,0,17068,0.2651038045953591,34,2500,21038,0,54109,27371,64182,0,29098,31398,35518,0,601,6224,24615,0,17323,30129
555.658,1,1,0,1,1,8646,0.2650629977560444,31,2500,0,0,0,0,0,0,0,0,0,0,0,0,0,0,0,0
555.675,0,1,1,1,0,16996,0.26497533170725857,34,2500,21038,0,54109,27371,64182,0,29098,31398,35518,0,601,6224,24615,0,17323,30129
555.695,1,1,0,1,1,8623,0.2651325133599668,31,2500,0,0,0,0,0,0,0,0,0,0,0,0,0,0,0,0
555.712,0,1,1,1,0,17128,0.2652965139275098,34,2500,21038,0,54109,27371,64182,0,29098,31398,35518,0,601,6224,24615,0,17323,30129
555.732,1,1,0,1,1,8670,0.26527154456781155,31,2500,0,0,0,0,0,0,0,0,0,0,0,0,0,0,0,0
555.749,0,1,1,1,0,17168,0.26523227748345957,34,2500,21038,0,54109,27371,64182,0,29098,31398,35518,0,601,6224,24615,0,17323,30129
555.769,1,1,0,1,1,8698,0.2654800913795787,31,2500,0,0,0,0,0,0,0,0,0,0,0,0,0,0,0,0
555.786,0,1,1,1,0,17196,0.2650395681513088,34,2500,21038,0,54109,27371,64182,0,29098,31398,35518,0,601,6224,24615,0,17323,30129
555.806,1,1,0,1,1,8744,0.2654105757756563,31,2500,0,0,0,0,0,0,0,0,0,0,0,0,0,0,0,0
555.823,0,1,1,1,0,17196,0.2651038045953591,34,2500,21038,0,54109,27371,64182,0,29098,31398,35518,0,601,6224,24615,0,17323,30129
555.843,1,1,0,1,1,8789,0.2654800913795787,31,2500,0,0,0,0,0,0,0,0,0,0,0,0,0,0,0,0
555.86,0,1,1,1,0,17196,0.2651038045953591,34,2500,21038,0,54109,27371,64182,0,29098,31398,35518,0,601,6224,24615,0,17323,30129
555.88,1,1,0,1,1,8863,0.2656191225874235,31,2500,0,0,0,0,0,0,0,0,0,0,0,0,0,0,0,0
555.897,0,1,1,1,0,17196,0.26516804103940933,34,2500,21038,0,54109,27371,64182,0,29098,31398,35518,0,601,6224,24615,0,17323,30129
555.917,1,1,0,1,1,8874,0.2656191225874235,31,2500,0,0,0,0,0,0,0,0,0,0,0,0,0,0,0,0
555.934,0,1,1,1,0,17216,0.26523227748345957,34,2500,21038,0,54109,27371,64182,0,29098,31398,35518,0,601,6224,24615,0,17323,30129
555.954,1,1,0,1,1,8905,0.26568863819134586,31,2500,0,0,0,0,0,0,0,0,0,0,0,0,0,0,0,0
555.971,0,1,1,1,0,17222,0.2652965139275098,34,2500,21038,0,54109,27371,64182,0,29098,31398,35518,0,601,6224,24615,0,17323,30129
555.991,1,1,0,1,1,8892,0.26568863819134586,31,2500,0,0,0,0,0,0,0,0,0,0,0,0,0,0,0,0
556.008,0,1,1,1,0,17216,0.2654249868156103,34,2500,21038,0,54109,27371,64182,0,29098,31398,35518,0,601,6224,24615,0,17323,30129
556.028,1,1,0,1,1,8874,0.26575815379526824,31,2500,0,0,0,0,0,0,0,0,0,0,0,0,0,0,0,0
556.045,0,1,1,1,0,17216,0.2654249868156103,34,2500,21038,0,54109,27371,64182,0,29098,31398,35518,0,601,6224,24615,0,17323,30129
556.065,1,1,0,1,1,8865,0.26575815379526824,31,2500,0,0,0,0,0,0,0,0,0,0,0,0,0,0,0,0
556.082,0,1,1,1,0,17222,0.2654249868156103,34,2500,21038,0,54109,27371,64182,0,29098,31398,35518,0,601,6224,24615,0,17323,30129
556.102,1,1,0,1,1,8857,0.2658276693991906,31,2500,0,0,0,0,0,0,0,0,0,0,0,0,0,0,0,0
556.119,0,1,1,1,0,17216,0.2651038045953591,34,2500,21038,0,54109,27371,64182,0,29098,31398,35518,0,601,6224,24615,0,17323,30129
556.139,1,1,0,1,1,8835,0.265897185003113,31,2500,0,0,0,0,0,0,0,0,0,0,0,0,0,0,0,0
556.156,0,1,1,1,0,17216,0.26523227748345957,34,2500,21038,0,54109,27371,64182,0,29098,31398,35518,0,601,6224,24615,0,17323,30129
556.176,1,1,0,1,1,8832,0.26603621621095774,31,2500,0,0,0,0,0,0,0,0,0,0,0,0,0,0,0,0
556.193,0,1,1,1,0,17216,0.26536075037156004,34,2500,21038,0,54109,27371,64182,0,29098,31398,35518,0,601,6224,24615,0,17323,30129
556.213,1,1,0,1,1,8783,0.265897185003113,31,2500,0,0,0,0,0,0,0,0,0,0,0,0,0,0,0,0
556.23,0,1,1,1,0,17216,0.2654249868156103,34,2500,21038,0,54109,27371,64182,0,29098,31398,35518,0,601,6224,24615,0,17323,30129
556.25,1,1,0,1,1,8752,0.2658276693991906,31,2500,0,0,0,0,0,0,0,0,0,0,0,0,0,0,0,0
556.267,0,1,1,1,0,17216,0.26516804103940933,34,2500,21038,0,54109,27371,64182,0,29098,31398,35518,0,601,6224,24615,0,17323,30129
556.287,1,1,0,1,1,8754,0.2658276693991906,31,2500,0,0,0,0,0,0,0,0,0,0,0,0,0,0,0,0
556.304,0,1,1,1,0,17222,0.26523227748345957,34,2500,21038,0,54109,27371,64182,0,29098,31398,35518,0,601,6224,24615,0,17323,30129
556.324,1,1,0,1,1,8698,0.265897185003113,31,2500,0,0,0,0,0,0,0,0,0,0,0,0,0,0,0,0
556.341,0,1,1,1,0,17197,0.2652965139275098,34,2500,21038,0,54109,27371,64182,0,29098,31398,35518,0,601,6224,24615,0,17323,30129
556.361,1,1,0,1,1,8641,0.26575815379526824,31,2500,0,0,0,0,0,0,0,0,0,0,0,0,0,0,0,0
556.378,0,1,1,1,0,17216,0.26536075037156004,34,2500,21038,0,54109,27371,64182,0,29098,31398,35518,0,601,6224,24615,0,17323,30129
556.398,1,1,0,1,1,8629,0.26568863819134586,31,2500,0,0,0,0,0,0,0,0,0,0,0,0,0,0,0,0
556.415,0,1,1,1,0,17197,0.26523227748345957,34,2500,21038,0,54109,27371,64182,0,29098,31398,35518,0,601,6224,24615,0,17323,30129
556.435,1,1,0,1,1,8602,0.2656191225874235,31,2500,0,0,0,0,0,0,0,0,0,0,0,0,0,0,0,0
556.452,0,1,1,1,0,17222,0.26536075037156004,34,2500,21038,0,54109,27371,64182,0,29098,31398,35518,0,601,6224,24615,0,17323,30129
556.472,1,1,0,1,1,8570,0.2658276693991906,31,2500,0,0,0,0,0,0,0,0,0,0,0,0,0,0,0,0
556.489,0,1,1,1,0,17137,0.26523227748345957,34,2500,21038,0,54109,27371,64182,0,29098,31398,35518,0,601,6224,24615,0,17323,30129
556.509,1,1,0,1,1,8579,0.2658276693991906,31,2500,0,0,0,0,0,0,0,0,0,0,0,0,0,0,0,0
556.526,0,1,1,1,0,17136,0.26523227748345957,34,2500,21038,0,54109,27371,64182,0,29098,31398,35518,0,601,6224,24615,0,17323,30129
556.546,1,1,0,1,1,8595,0.26568863819134586,31,2500,0,0,0,0,0,0,0,0,0,0,0,0,0,0,0,0
556.563,0,1,1,1,0,17087,0.26523227748345957,33,2500,21038,0,54109,27371,64182,0,29098,31398,35518,0,601,6224,24615,0,17323,30129
556.583,1,1,0,1,1,8525,0.26554960698350105,31,2500,0,0,0,0,0,0,0,0,0,0,0,0,0,0,0,0
556.6,0,1,1,1,0,17094,0.2650395681513088,34,2500,21038,0,54109,27371,64182,0,29098,31398,35518,0,601,6224,24615,0,17323,30129
556.62,1,1,0,1,1,8522,0.2654105757756563,31,2500,0,0,0,0,0,0,0,0,0,0,0,0,0,0,0,0
556.637,0,1,1,1,0,17094,0.2651038045953591,34,2500,21038,0,54109,27371,64182,0,29098,31398,35518,0,601,6224,24615,0,17323,30129
556.657,1,1,0,1,1,8526,0.26554960698350105,31,2500,0,0,0,0,0,0,0,0,0,0,0,0,0,0,0,0
556.674,0,1,1,1,0,17077,0.2651038045953591,33,2500,21038,0,54109,27371,64182,0,29098,31398,35518,0,601,6224,24615,0,17323,30129
556.694,1,1,0,1,1,8567,0.2653410601717339,31,2500,0,0,0,0,0,0,0,0,0,0,0,0,0,0,0,0
556.711,0,1,1,1,0,17050,0.26516804103940933,33,2500,21038,0,54109,27371,64182,0,29098,31398,35518,0,601,6224,24615,0,17323,30129
556.731,1,1,0,1,1,8601,0.2654800913795787,31,2500,0,0,0,0,0,0,0,0,0,0,0,0,0,0,0,0
556.748,0,1,1,1,0,17169,0.26536075037156004,34,2500,21038,0,54109,27371,64182,0,29098,31398,35518,0,601,6224,24615,0,17323,30129
556.768,1,1,0,1,1,8634,0.26568863819134586,31,2500,0,0,0,0,0,0,0,0,0,0,0,0,0,0,0,0
556.785,0,1,1,1,0,17055,0.2651038045953591,33,2500,21038,0,54109,27371,64182,0,29098,31398,35518,0,601,6224,24615,0,17323,30129
556.805,1,1,0,1,1,8637,0.26527154456781155,31,2500,0,0,0,0,0,0,0,0,0,0,0,0,0,0,0,0
556.822,0,1,1,1,0,17040,0.2650395681513088,33,2500,21038,0,54109,27371,64182,0,29098,31398,35518,0,601,6224,24615,0,17323,30129
556.842,1,1,0,1,1,8626,0.2656191225874235,31,2500,0,0,0,0,0,0,0,0,0,0,0,0,0,0,0,0
556.859,0,1,1,1,0,17087,0.2652965139275098,33,2500,21038,0,54109,27371,64182,0,29098,31398,35518,0,601,6224,24615,0,17323,30129
556.879,1,1,0,1,1,8562,0.26554960698350105,31,2500,0,0,0,0,0,0,0,0,0,0,0,0,0,0,0,0
556.896,0,1,1,1,0,16983,0.2651038045953591,33,2500,21038,0,54109,27371,64182,0,29098,31398,35518,0,601,6224,24615,0,17323,30129
556.916,1,1,0,1,1,8531,0.2654105757756563,31,2500,0,0,0,0,0,0,0,0,0,0,0,0,0,0,0,0
556.933,0,1,1,1,0,17003,0.2650395681513088,33,2500,21038,0,54109,27371,64182,0,29098,31398,35518,0,601,6224,24615,0,17323,30129
556.953,1,1,0,1,1,8490,0.2654105757756563,31,2500,0,0,0,0,0,0,0,0,0,0,0,0,0,0,0,0
556.97,0,1,1,1,0,17032,0.2651038045953591,33,2500,21038,0,54109,27371,64182,0,29098,31398,35518,0,601,6224,24615,0,17323,30129
556.99,1,1,0,1,1,8503,0.2654105757756563,31,2500,0,0,0,0,0,0,0,0,0,0,0,0,0,0,0,0
557.007,0,1,1,1,0,17006,0.26516804103940933,33,2500,21038,0,54109,27371,64182,0,29098,31398,35518,0,601,6224,24615,0,17323,30129
557.027,1,1,0,1,1,8510,0.2654105757756563,31,2500,0,0,0,0,0,0,0,0,0,0,0,0,0,0,0,0
557.044,0,1,1,1,0,16990,0.26491109526320833,33,2500,21038,0,54109,27371,64182,0,29098,31398,35518,0,601,6224,24615,0,17323,30129
557.064,1,1,0,1,1,8567,0.2656191225874235,31,2500,0,0,0,0,0,0,0,0,0,0,0,0,0,0,0,0
557.081,0,1,1,1,0,17041,0.26523227748345957,33,2500,21038,0,54109,27371,64182,0,29098,31398,35518,0,601,6224,24615,0,17323,30129
557.1,1,1,0,1,1,8665,0.2656191225874235,31,2500,0,0,0,0,0,0,0,0,0,0,0,0,0,0,0,0
557.118,0,1,1,1,0,17079,0.26523227748345957,33,2500,21038,0,54109,27371,64182,0,29098,31398,35518,0,601,6224,24615,0,17323,30129
557.137,1,1,0,1,1,8724,0.2658276693991906,31,2500,0,0,0,0,0,0,0,0,0,0,0,0,0,0,0,0
557.155,0,1,1,1,0,17175,0.26516804103940933,34,2500,21038,0,54109,27371,64182,0,29098,31398,35518,0,601,6224,24615,0,17323,30129
557.174,1,1,0,1,1,8745,0.2658276693991906,31,2500,0,0,0,0,0,0,0,0,0,0,0,0,0,0,0,0
