time[s],SensorID,event,mask,tL.num_valid_targets,tL.reserved,tL.targets[0].amplitude,tL.targets[0].range,tL.targets[0].reserved[0],tL.targets[0].reserved[1],tL.targets[1].amplitude,tL.targets[1].range,tL.targets[1].reserved[0],tL.targets[1].reserved[1],tL.targets[2].amplitude,tL.targets[2].range,tL.targets[2].reserved[0],tL.targets[2].reserved[1],tL.targets[3].amplitude,tL.targets[3].range,tL.targets[3].reserved[0],tL.targets[3].reserved[1],tL.targets[4].amplitude,tL.targets[4].range,tL.targets[4].reserved[0],tL.targets[4].reserved[1]
650.511,0,1,1,1,0,16855,0.31764921582845906,39,2500,21038,0,54109,27371,64182,0,29098,31398,35518,0,601,6224,24615,0,17323,30129
650.531,1,1,0,1,1,17141,0.37288169943965965,44,2500,0,0,0,0,0,0,0,0,0,0,0,0,0,0,0,0
650.548,0,1,1,1,0,16864,0.31764921582845906,39,2500,21038,0,54109,27371,64182,0,29098,31398,35518,0,601,6224,24615,0,17323,30129
650.568,1,1,0,1,1,17026,0.3735768554788835,44,2500,0,0,0,0,0,0,0,0,0,0,0,0,0,0,0,0
650.585,0,1,1,1,0,16859,0.3175207429403586,39,2500,21038,0,54109,27371,64182,0,29098,31398,35518,0,601,6224,24615,0,17323,30129
650.605,1,1,0,1,1,17026,0.37441104272595205,44,2500,0,0,0,0,0,0,0,0,0,0,0,0,0,0,0,0
650.622,0,1,1,1,0,17137,0.31784192516060983,40,2500,21038,0,54109,27371,64182,0,29098,31398,35518,0,601,6224,24615,0,17323,30129
650.642,1,1,0,1,1,17131,0.37517571436909825,44,2500,0,0,0,0,0,0,0,0,0,0,0,0,0,0,0,0
650.659,0,1,1,1,0,16841,0.3175207429403586,40,2500,21038,0,54109,27371,64182,0,29098,31398,35518,0,601,6224,24615,0,17323,30129
650.679,1,1,0,1,1,17016,0.37510619876517587,44,2500,0,0,0,0,0,0,0,0,0,0,0,0,0,0,0,0
650.696,0,1,1,1,0,16854,0.3175849793844088,40,2500,21038,0,54109,27371,64182,0,29098,31398,35518,0,601,6224,24615,0,17323,30129
650.716,1,1,0,1,1,16987,0.37517571436909825,44,2500,0,0,0,0,0,0,0,0,0,0,0,0,0,0,0,0
650.733,0,1,1,1,0,16832,0.31745650649630835,40,2500,21038,0,54109,27371,64182,0,29098,31398,35518,0,601,6224,24615,0,17323,30129
650.753,1,1,0,1,1,16979,0.37489765195340874,43,2500,0,0,0,0,0,0,0,0,0,0,0,0,0,0,0,0
650.77,0,1,1,1,0,17051,0.3175207429403586,40,2500,21038,0,54109,27371,64182,0,29098,31398,35518,0,601,6224,24615,0,17323,30129
650.79,1,1,0,1,1,17059,0.37482813634948636,44,2500,0,0,0,0,0,0,0,0,0,0,0,0,0,0,0,0
650.807,0,1,1,1,0,16845,0.3173280336082078,39,2500,21038,0,54109,27371,64182,0,29098,31398,35518,0,601,6224,24615,0,17323,30129
650.827,1,1,0,1,1,17059,0.37482813634948636,44,2500,0,0,0,0,0,0,0,0,0,0,0,0,0,0,0,0
650.844,0,1,1,1,0,17029,0.3173922700522581,40,2500,21038,0,54109,27371,64182,0,29098,31398,35518,0,601,6224,24615,0,17323,30129
650.864,1,1,0,1,1,17002,0.3750366831612535,44,2500,0,0,0,0,0,0,0,0,0,0,0,0,0,0,0,0
650.881,0,1,1,1,0,17085,0.31745650649630835,40,2500,21038,0,54109,27371,64182,0,29098,31398,35518,0,601,6224,24615,0,17323,30129
650.901,1,1,0,1,1,16878,0.37510619876517587,44,2500,0,0,0,0,0,0,0,0,0,0,0,0,0,0,0,0
650.918,0,1,1,1,0,17136,0.31745650649630835,41,2500,21038,0,54109,27371,64182,0,29098,31398,35518,0,601,6224,24615,0,17323,30129
650.938,1,1,0,1,1,16878,0.3752452299730206,44,2500,0,0,0,0,0,0,0,0,0,0,0,0,0,0,0,0
650.955,0,1,1,1,0,17141,0.31764921582845906,41,2500,21038,0,54109,27371,64182,0,29098,31398,35518,0,601,6224,24615,0,17323,30129
650.975,1,1,0,1,1,16878,0.375314745576943,44,2500,0,0,0,0,0,0,0,0,0,0,0,0,0,0,0,0
650.992,0,1,1,1,0,17133,0.3175207429403586,41,2500,21038,0,54109,27371,64182,0,29098,31398,35518,0,601,6224,24615,0,17323,30129
651.012,1,1,0,1,1,16878,0.37510619876517587,44,2500,0,0,0,0,0,0,0,0,0,0,0,0,0,0,0,0
651.029,0,1,1,1,0,16836,0.3173922700522581,41,2500,21038,0,54109,27371,64182,0,29098,31398,35518,0,601,6224,24615,0,17323,30129
651.049,1,1,0,1,1,16879,0.3750366831612535,44,2500,0,0,0,0,0,0,0,0,0,0,0,0,0,0,0,0
651.066,0,1,1,1,0,17137,0.31745650649630835,41,2500,21038,0,54109,27371,64182,0,29098,31398,35518,0,601,6224,24615,0,17323,30129
651.086,1,1,0,1,1,16878,0.3749671675573311,44,2500,0,0,0,0,0,0,0,0,0,0,0,0,0,0,0,0
651.103,0,1,1,1,0,16955,0.3173922700522581,40,2500,21038,0,54109,27371,64182,0,29098,31398,35518,0,601,6224,24615,0,17323,30129
651.123,1,1,0,1,1,16877,0.37489765195340874,44,2500,0,0,0,0,0,0,0,0,0,0,0,0,0,0,0,0
651.14,0,1,1,1,0,17131,0.3175207429403586,41,2500,21038,0,54109,27371,64182,0,29098,31398,35518,0,601,6224,24615,0,17323,30129
651.16,1,1,0,1,1,16878,0.3749671675573311,44,2500,0,0,0,0,0,0,0,0,0,0,0,0,0,0,0,0
651.177,0,1,1,1,0,16826,0.3173280336082078,40,2500,21038,0,54109,27371,64182,0,29098,31398,35518,0,601,6224,24615,0,17323,30129
651.197,1,1,0,1,1,16879,0.3749671675573311,44,2500,0,0,0,0,0,0,0,0,0,0,0,0,0,0,0,0
651.214,0,1,1,1,0,16975,0.3175207429403586,41,2500,21038,0,54109,27371,64182,0,29098,31398,35518,0,601,6224,24615,0,17323,30129
651.234,1,1,0,1,1,16964,0.3749671675573311,43,2500,0,0,0,0,0,0,0,0,0,0,0,0,0,0,0,0
651.251,0,1,1,1,0,17141,0.31784192516060983,40,2500,21038,0,54109,27371,64182,0,29098,31398,35518,0,601,6224,24615,0,17323,30129
651.271,1,1,0,1,1,16989,0.3749671675573311,44,2500,0,0,0,0,0,0,0,0,0,0,0,0,0,0,0,0
651.288,0,1,1,1,0,17032,0.31777768871655954,41,2500,21038,0,54109,27371,64182,0,29098,31398,35518,0,601,6224,24615,0,17323,30129
651.308,1,1,0,1,1,16879,0.37482813634948636,44,2500,0,0,0,0,0,0,0,0,0,0,0,0,0,0,0,0
651.325,0,1,1,1,0,17117,0.31790616160466006,40,2500,21038,0,54109,27371,64182,0,29098,31398,35518,0,601,6224,24615,0,17323,30129
651.345,1,1,0,1,1,16880,0.37489765195340874,44,2500,0,0,0,0,0,0,0,0,0,0,0,0,0,0,0,0
651.362,0,1,1,1,0,17079,0.31784192516060983,41,2500,21038,0,54109,27371,64182,0,29098,31398,35518,0,601,6224,24615,0,17323,30129
651.382,1,1,0,1,1,16878,0.37517571436909825,44,2500,0,0,0,0,0,0,0,0,0,0,0,0,0,0,0,0
651.399,0,1,1,1,0,17017,0.3179703980487103,41,2500,21038,0,54109,27371,64182,0,29098,31398,35518,0,601,6224,24615,0,17323,30129
651.419,1,1,0,1,1,16879,0.375314745576943,44,2500,0,0,0,0,0,0,0,0,0,0,0,0,0,0,0,0
651.436,0,1,1,1,0,17137,0.31790616160466006,40,2500,21038,0,54109,27371,64182,0,29098,31398,35518,0,601,6224,24615,0,17323,30129
651.455,1,1,0,1,1,16878,0.37559280799263256,44,2500,0,0,0,0,0,0,0,0,0,0,0,0,0,0,0,0
651.473,0,1,1,1,0,17139,0.31790616160466006,40,2500,21038,0,54109,27371,64182,0,29098,31398,35518,0,601,6224,24615,0,17323,30129
651.492,1,1,0,1,1,16879,0.3757318392004773,44,2500,0,0,0,0,0,0,0,0,0,0,0,0,0,0,0,0
651.51,0,1,1,1,0,16940,0.31790616160466006,41,2500,21038,0,54109,27371,64182,0,29098,31398,35518,0,601,6224,24615,0,17323,30129
651.529,1,1,0,1,1,16861,0.37559280799263256,44,2500,0,0,0,0,0,0,0,0,0,0,0,0,0,0,0,0
651.547,0,1,1,1,0,17139,0.3180988709368108,40,2500,21038,0,54109,27371,64182,0,29098,31398,35518,0,601,6224,24615,0,17323,30129
651.566,1,1,0,1,1,16880,0.37559280799263256,44,2500,0,0,0,0,0,0,0,0,0,0,0,0,0,0,0,0
651.584,0,1,1,1,0,16853,0.31790616160466006,40,2500,21038,0,54109,27371,64182,0,29098,31398,35518,0,601,6224,24615,0,17323,30129
651.603,1,1,0,1,1,16935,0.3754537767847878,44,2500,0,0,0,0,0,0,0,0,0,0,0,0,0,0,0,0
651.621,0,1,1,1,0,17138,0.3182273438249113,40,2500,21038,0,54109,27371,64182,0,29098,31398,35518,0,601,6224,24615,0,17323,30129
651.64,1,1,0,1,1,16985,0.3754537767847878,44,2500,0,0,0,0,0,0,0,0,0,0,0,0,0,0,0,0
651.658,0,1,1,1,0,17136,0.31803463449276054,40,2500,21038,0,54109,27371,64182,0,29098,31398,35518,0,601,6224,24615,0,17323,30129
651.677,1,1,0,1,1,17023,0.3755232923887102,44,2500,0,0,0,0,0,0,0,0,0,0,0,0,0,0,0,0
651.695,0,1,1,1,0,17139,0.318163107380861,40,2500,21038,0,54109,27371,64182,0,29098,31398,35518,0,601,6224,24615,0,17323,30129
651.714,1,1,0,1,1,17081,0.37559280799263256,44,2500,0,0,0,0,0,0,0,0,0,0,0,0,0,0,0,0
651.732,0,1,1,1,0,16991,0.31784192516060983,41,2500,21038,0,54109,27371,64182,0,29098,31398,35518,0,601,6224,24615,0,17323,30129
651.751,1,1,0,1,1,17135,0.3757318392004773,44,2500,0,0,0,0,0,0,0,0,0,0,0,0,0,0,0,0
651.769,0,1,1,1,0,17131,0.31790616160466006,40,2500,21038,0,54109,27371,64182,0,29098,31398,35518,0,601,6224,24615,0,17323,30129
651.788,1,1,0,1,1,16879,0.3753842611808654,44,2500,0,0,0,0,0,0,0,0,0,0,0,0,0,0,0,0
651.806,0,1,1,1,0,16975,0.31790616160466006,41,2500,21038,0,54109,27371,64182,0,29098,31398,35518,0,601,6224,24615,0,17323,30129
651.825,1,1,0,1,1,16955,0.375314745576943,44,2500,0,0,0,0,0,0,0,0,0,0,0,0,0,0,0,0
651.843,0,1,1,1,0,16844,0.31764921582845906,39,2500,21038,0,54109,27371,64182,0,29098,31398,35518,0,601,6224,24615,0,17323,30129
651.862,1,1,0,1,1,17025,0.3754537767847878,44,2500,0,0,0,0,0,0,0,0,0,0,0,0,0,0,0,0
651.88,0,1,1,1,0,16841,0.3177134522725093,40,2500,21038,0,54109,27371,64182,0,29098,31398,35518,0,601,6224,24615,0,17323,30129
651.899,1,1,0,1,1,17059,0.375314745576943,44,2500,0,0,0,0,0,0,0,0,0,0,0,0,0,0,0,0
651.917,0,1,1,1,0,16835,0.3177134522725093,40,2500,21038,0,54109,27371,64182,0,29098,31398,35518,0,601,6224,24615,0,17323,30129
651.936,1,1,0,1,1,17090,0.3754537767847878,44,2500,0,0,0,0,0,0,0,0,0,0,0,0,0,0,0,0
651.954,0,1,1,1,0,16829,0.31764921582845906,40,2500,21038,0,54109,27371,64182,0,29098,31398,35518,0,601,6224,24615,0,17323,30129
651.973,1,1,0,1,1,17139,0.3755232923887102,44,2500,0,0,0,0,0,0,0,0,0,0,0,0,0,0,0,0
651.991,0,1,1,1,0,16905,0.31777768871655954,41,2500,21038,0,54109,27371,64182,0,29098,31398,35518,0,601,6224,24615,0,17323,30129
652.01,1,1,0,1,1,17051,0.3755232923887102,44,2500,0,0,0,0,0,0,0,0,0,0,0,0,0,0,0,0
652.028,0,1,1,1,0,17139,0.31784192516060983,40,2500,21038,0,54109,27371,64182,0,29098,31398,35518,0,601,6224,24615,0,17323,30129
652.047,1,1,0,1,1,17051,0.37559280799263256,44,2500,0,0,0,0,0,0,0,0,0,0,0,0,0,0,0,0
652.065,0,1,1,1,0,17139,0.3179703980487103,40,2500,21038,0,54109,27371,64182,0,29098,31398,35518,0,601,6224,24615,0,17323,30129
652.084,1,1,0,1,1,17135,0.37594038601224444,44,2500,0,0,0,0,0,0,0,0,0,0,0,0,0,0,0,0
652.102,0,1,1,1,0,16942,0.3177134522725093,41,2500,21038,0,54109,27371,64182,0,29098,31398,35518,0,601,6224,24615,0,17323,30129
652.121,1,1,0,1,1,17135,0.37607941722008925,44,2500,0,0,0,0,0,0,0,0,0,0,0,0,0,0,0,0
652.139,0,1,1,1,0,17137,0.31790616160466006,40,2500,21038,0,54109,27371,64182,0,29098,31398,35518,0,601,6224,24615,0,17323,30129
652.158,1,1,0,1,1,17119,0.376218448427934,44,2500,0,0,0,0,0,0,0,0,0,0,0,0,0,0,0,0
652.176,0,1,1,1,0,17014,0.31784192516060983,41,2500,21038,0,54109,27371,64182,0,29098,31398,35518,0,601,6224,24615,0,17323,30129
652.195,1,1,0,1,1,17131,0.376218448427934,44,2500,0,0,0,0,0,0,0,0,0,0,0,0,0,0,0,0
652.213,0,1,1,1,0,16988,0.31784192516060983,41,2500,21038,0,54109,27371,64182,0,29098,31398,35518,0,601,6224,24615,0,17323,30129
652.232,1,1,0,1,1,17135,0.3762879640318564,44,2500,0,0,0,0,0,0,0,0,0,0,0,0,0,0,0,0
652.25,0,1,1,1,0,16996,0.3175849793844088,41,2500,21038,0,54109,27371,64182,0,29098,31398,35518,0,601,6224,24615,0,17323,30129
652.269,1,1,0,1,1,17135,0.376218448427934,44,2500,0,0,0,0,0,0,0,0,0,0,0,0,0,0,0,0
652.287,0,1,1,1,0,16840,0.3175849793844088,40,2500,21038,0,54109,27371,64182,0,29098,31398,35518,0,601,6224,24615,0,17323,30129
652.306,1,1,0,1,1,17134,0.37635747963577876,44,2500,0,0,0,0,0,0,0,0,0,0,0,0,0,0,0,0
652.324,0,1,1,1,0,16857,0.3175207429403586,41,2500,21038,0,54109,27371,64182,0,29098,31398,35518,0,601,6224,24615,0,17323,30129
652.343,1,1,0,1,1,17138,0.3760099016161668,44,2500,0,0,0,0,0,0,0,0,0,0,0,0,0,0,0,0
652.361,0,1,1,1,0,16841,0.3175207429403586,40,2500,21038,0,54109,27371,64182,0,29098,31398,35518,0,601,6224,24615,0,17323,30129
652.38,1,1,0,1,1,17131,0.37594038601224444,44,2500,0,0,0,0,0,0,0,0,0,0,0,0,0,0,0,0
652.398,0,1,1,1,0,16997,0.3175849793844088,41,2500,21038,0,54109,27371,64182,0,29098,31398,35518,0,601,6224,24615,0,17323,30129
652.417,1,1,0,1,1,17014,0.37566232359655494,44,2500,0,0,0,0,0,0,0,0,0,0,0,0,0,0,0,0
652.435,0,1,1,1,0,17065,0.31764921582845906,41,2500,21038,0,54109,27371,64182,0,29098,31398,35518,0,601,6224,24615,0,17323,30129
652.454,1,1,0,1,1,17131,0.3755232923887102,44,2500,0,0,0,0,0,0,0,0,0,0,0,0,0,0,0,0
652.471,0,1,1,1,0,17004,0.31764921582845906,41,2500,21038,0,54109,27371,64182,0,29098,31398,35518,0,601,6224,24615,0,17323,30129
652.491,1,1,0,1,1,17134,0.3753842611808654,44,2500,0,0,0,0,0,0,0,0,0,0,0,0,0,0,0,0
652.508,0,1,1,1,0,17031,0.31777768871655954,41,2500,21038,0,54109,27371,64182,0,29098,31398,35518,0,601,6224,24615,0,17323,30129
652.528,1,1,0,1,1,17134,0.3752452299730206,44,2500,0,0,0,0,0,0,0,0,0,0,0,0,0,0,0,0
652.545,0,1,1,1,0,17064,0.31784192516060983,41,2500,21038,0,54109,27371,64182,0,29098,31398,35518,0,601,6224,24615,0,17323,30129
652.565,1,1,0,1,1,17100,0.37510619876517587,44,2500,0,0,0,0,0,0,0,0,0,0,0,0,0,0,0,0
652.582,0,1,1,1,0,17139,0.31784192516060983,40,2500,21038,0,54109,27371,64182,0,29098,31398,35518,0,601,6224,24615,0,17323,30129
652.602,1,1,0,1,1,16880,0.37489765195340874,44,2500,0,0,0,0,0,0,0,0,0,0,0,0,0,0,0,0
652.619,0,1,1,1,0,17139,0.31777768871655954,40,2500,21038,0,54109,27371,64182,0,29098,31398,35518,0,601,6224,24615,0,17323,30129
652.639,1,1,0,1,1,16880,0.37489765195340874,44,2500,0,0,0,0,0,0,0,0,0,0,0,0,0,0,0,0
652.656,0,1,1,1,0,17139,0.31790616160466006,40,2500,21038,0,54109,27371,64182,0,29098,31398,35518,0,601,6224,24615,0,17323,30129
652.676,1,1,0,1,1,16880,0.3749671675573311,44,2500,0,0,0,0,0,0,0,0,0,0,0,0,0,0,0,0
652.693,0,1,1,1,0,17140,0.31784192516060983,40,2500,21038,0,54109,27371,64182,0,29098,31398,35518,0,601,6224,24615,0,17323,30129
652.713,1,1,0,1,1,16874,0.37510619876517587,44,2500,0,0,0,0,0,0,0,0,0,0,0,0,0,0,0,0
652.73,0,1,1,1,0,17135,0.31784192516060983,40,2500,21038,0,54109,27371,64182,0,29098,31398,35518,0,601,6224,24615,0,17323,30129
652.75,1,1,0,1,1,16876,0.37517571436909825,44,2500,0,0,0,0,0,0,0,0,0,0,0,0,0,0,0,0
652.767,0,1,1,1,0,17138,0.31777768871655954,40,2500,21038,0,54109,27371,64182,0,29098,31398,35518,0,601,6224,24615,0,17323,30129
652.787,1,1,0,1,1,16876,0.37510619876517587,44,2500,0,0,0,0,0,0,0,0,0,0,0,0,0,0,0,0
652.804,0,1,1,1,0,17133,0.3179703980487103,40,2500,21038,0,54109,27371,64182,0,29098,31398,35518,0,601,6224,24615,0,17323,30129
652.824,1,1,0,1,1,17022,0.3753842611808654,46,2500,0,0,0,0,0,0,0,0,0,0,0,0,0,0,0,0
652.841,0,1,1,1,0,17131,0.3179703980487103,40,2500,21038,0,54109,27371,64182,0,29098,31398,35518,0,601,6224,24615,0,17323,30129
652.861,1,1,0,1,1,17060,0.3753842611808654,46,2500,0,0,0,0,0,0,0,0,0,0,0,0,0,0,0,0
652.878,0,1,1,1,0,17133,0.3179703980487103,40,2500,21038,0,54109,27371,64182,0,29098,31398,35518,0,601,6224,24615,0,17323,30129
652.898,1,1,0,1,1,16862,0.37510619876517587,44,2500,0,0,0,0,0,0,0,0,0,0,0,0,0,0,0,0
652.915,0,1,1,1,0,17137,0.31803463449276054,40,2500,21038,0,54109,27371,64182,0,29098,31398,35518,0,601,6224,24615,0,17323,30129
652.935,1,1,0,1,1,17229,0.3754537767847878,44,2500,0,0,0,0,0,0,0,0,0,0,0,0,0,0,0,0
652.952,0,1,1,1,0,17139,0.3179703980487103,40,2500,21038,0,54109,27371,64182,0,29098,31398,35518,0,601,6224,24615,0,17323,30129
652.972,1,1,0,1,1,17085,0.3752452299730206,46,2500,0,0,0,0,0,0,0,0,0,0,0,0,0,0,0,0
652.989,0,1,1,1,0,17136,0.3179703980487103,40,2500,21038,0,54109,27371,64182,0,29098,31398,35518,0,601,6224,24615,0,17323,30129
653.009,1,1,0,1,1,17055,0.3752452299730206,46,2500,0,0,0,0,0,0,0,0,0,0,0,0,0,0,0,0
653.026,0,1,1,1,0,17137,0.31803463449276054,40,2500,21038,0,54109,27371,64182,0,29098,31398,35518,0,601,6224,24615,0,17323,30129
653.046,1,1,0,1,1,17074,0.3752452299730206,46,2500,0,0,0,0,0,0,0,0,0,0,0,0,0,0,0,0
653.063,0,1,1,1,0,17132,0.31790616160466006,40,2500,21038,0,54109,27371,64182,0,29098,31398,35518,0,601,6224,24615,0,17323,30129
653.083,1,1,0,1,1,16870,0.37510619876517587,44,2500,0,0,0,0,0,0,0,0,0,0,0,0,0,0,0,0
653.1,0,1,1,1,0,17131,0.31803463449276054,40,2500,21038,0,54109,27371,64182,0,29098,31398,35518,0,601,6224,24615,0,17323,30129
653.12,1,1,0,1,1,16878,0.375314745576943,44,2500,0,0,0,0,0,0,0,0,0,0,0,0,0,0,0,0
653.137,0,1,1,1,0,17125,0.3179703980487103,40,2500,21038,0,54109,27371,64182,0,29098,31398,35518,0,601,6224,24615,0,17323,30129
653.157,1,1,0,1,1,17171,0.37559280799263256,45,2500,0,0,0,0,0,0,0,0,0,0,0,0,0,0,0,0
653.174,0,1,1,1,0,17134,0.3179703980487103,40,2500,21038,0,54109,27371,64182,0,29098,31398,35518,0,601,6224,24615,0,17323,30129
653.194,1,1,0,1,1,16862,0.3754537767847878,44,2500,0,0,0,0,0,0,0,0,0,0,0,0,0,0,0,0
653.211,0,1,1,1,0,17131,0.3179703980487103,40,2500,21038,0,54109,27371,64182,0,29098,31398,35518,0,601,6224,24615,0,17323,30129
653.231,1,1,0,1,1,17089,0.3758013548043997,46,2500,0,0,0,0,0,0,0,0,0,0,0,0,0,0,0,0
653.248,0,1,1,1,0,17131,0.31790616160466006,40,2500,21038,0,54109,27371,64182,0,29098,31398,35518,0,601,6224,24615,0,17323,30129
653.268,1,1,0,1,1,17022,0.3758013548043997,46,2500,0,0,0,0,0,0,0,0,0,0,0,0,0,0,0,0
653.285,0,1,1,1,0,17136,0.3179703980487103,40,2500,21038,0,54109,27371,64182,0,29098,31398,35518,0,601,6224,24615,0,17323,30129
653.305,1,1,0,1,1,16860,0.37566232359655494,44,2500,0,0,0,0,0,0,0,0,0,0,0,0,0,0,0,0
653.322,0,1,1,1,0,17135,0.31790616160466006,40,2500,21038,0,54109,27371,64182,0,29098,31398,35518,0,601,6224,24615,0,17323,30129
653.342,1,1,0,1,1,17090,0.37594038601224444,46,2500,0,0,0,0,0,0,0,0,0,0,0,0,0,0,0,0
653.359,0,1,1,1,0,17123,0.31803463449276054,40,2500,21038,0,54109,27371,64182,0,29098,31398,35518,0,601,6224,24615,0,17323,30129
653.379,1,1,0,1,1,17229,0.376218448427934,44,2500,0,0,0,0,0,0,0,0,0,0,0,0,0,0,0,0
653.396,0,1,1,1,0,17127,0.3180988709368108,40,2500,21038,0,54109,27371,64182,0,29098,31398,35518,0,601,6224,24615,0,17323,30129
653.416,1,1,0,1,1,17142,0.37607941722008925,45,2500,0,0,0,0,0,0,0,0,0,0,0,0,0,0,0,0
653.433,0,1,1,1,0,17121,0.3179703980487103,40,2500,21038,0,54109,27371,64182,0,29098,31398,35518,0,601,6224,24615,0,17323,30129
653.453,1,1,0,1,1,16868,0.3757318392004773,44,2500,0,0,0,0,0,0,0,0,0,0,0,0,0,0,0,0
653.47,0,1,1,1,0,17121,0.31803463449276054,40,2500,21038,0,54109,27371,64182,0,29098,31398,35518,0,601,6224,24615,0,17323,30129
653.49,1,1,0,1,1,16864,0.37566232359655494,44,2500,0,0,0,0,0,0,0,0,0,0,0,0,0,0,0,0
653.507,0,1,1,1,0,17135,0.31803463449276054,40,2500,21038,0,54109,27371,64182,0,29098,31398,35518,0,601,6224,24615,0,17323,30129
653.527,1,1,0,1,1,17102,0.37594038601224444,45,2500,0,0,0,0,0,0,0,0,0,0,0,0,0,0,0,0
653.544,0,1,1,1,0,17123,0.3182273438249113,40,2500,21038,0,54109,27371,64182,0,29098,31398,35518,0,601,6224,24615,0,17323,30129
653.564,1,1,0,1,1,16867,0.37566232359655494,44,2500,0,0,0,0,0,0,0,0,0,0,0,0,0,0,0,0
653.581,0,1,1,1,0,17123,0.318163107380861,40,2500,21038,0,54109,27371,64182,0,29098,31398,35518,0,601,6224,24615,0,17323,30129
653.601,1,1,0,1,1,16874,0.37566232359655494,44,2500,0,0,0,0,0,0,0,0,0,0,0,0,0,0,0,0
653.618,0,1,1,1,0,17138,0.3180988709368108,40,2500,21038,0,54109,27371,64182,0,29098,31398,35518,0,601,6224,24615,0,17323,30129
653.638,1,1,0,1,1,16878,0.3754537767847878,44,2500,0,0,0,0,0,0,0,0,0,0,0,0,0,0,0,0
653.655,0,1,1,1,0,17132,0.3180988709368108,40,2500,21038,0,54109,27371,64182,0,29098,31398,35518,0,601,6224,24615,0,17323,30129
653.675,1,1,0,1,1,16879,0.3755232923887102,44,2500,0,0,0,0,0,0,0,0,0,0,0,0,0,0,0,0
653.692,0,1,1,1,0,17136,0.3180988709368108,40,2500,21038,0,54109,27371,64182,0,29098,31398,35518,0,601,6224,24615,0,17323,30129
653.712,1,1,0,1,1,16880,0.375314745576943,44,2500,0,0,0,0,0,0,0,0,0,0,0,0,0,0,0,0
653.729,0,1,1,1,0,17133,0.318163107380861,40,2500,21038,0,54109,27371,64182,0,29098,31398,35518,0,601,6224,24615,0,17323,30129
653.749,1,1,0,1,1,16993,0.3752452299730206,43,2500,0,0,0,0,0,0,0,0,0,0,0,0,0,0,0,0
653.766,0,1,1,1,0,16909,0.3179703980487103,40,2500,21038,0,54109,27371,64182,0,29098,31398,35518,0,601,6224,24615,0,17323,30129
653.786,1,1,0,1,1,17131,0.3753842611808654,44,2500,0,0,0,0,0,0,0,0,0,0,0,0,0,0,0,0
653.803,0,1,1,1,0,17141,0.318163107380861,40,2500,21038,0,54109,27371,64182,0,29098,31398,35518,0,601,6224,24615,0,17323,30129
653.823,1,1,0,1,1,17140,0.37517571436909825,44,2500,0,0,0,0,0,0,0,0,0,0,0,0,0,0,0,0
653.84,0,1,1,1,0,17061,0.3180988709368108,40,2500,21038,0,54109,27371,64182,0,29098,31398,35518,0,601,6224,24615,0,17323,30129
653.86,1,1,0,1,1,17141,0.3749671675573311,44,2500,0,0,0,0,0,0,0,0,0,0,0,0,0,0,0,0
653.877,0,1,1,1,0,16830,0.31784192516060983,40,2500,21038,0,54109,27371,64182,0,29098,31398,35518,0,601,6224,24615,0,17323,30129
653.897,1,1,0,1,1,17139,0.37489765195340874,44,2500,0,0,0,0,0,0,0,0,0,0,0,0,0,0,0,0
653.914,0,1,1,1,0,16835,0.31790616160466006,40,2500,21038,0,54109,27371,64182,0,29098,31398,35518,0,601,6224,24615,0,17323,30129
653.934,1,1,0,1,1,17139,0.37468910514164155,44,2500,0,0,0,0,0,0,0,0,0,0,0,0,0,0,0,0
653.951,0,1,1,1,0,16823,0.31790616160466006,40,2500,21038,0,54109,27371,64182,0,29098,31398,35518,0,601,6224,24615,0,17323,30129
653.971,1,1,0,1,1,17141,0.3744805583298744,44,2500,0,0,0,0,0,0,0,0,0,0,0,0,0,0,0,0
653.988,0,1,1,1,0,16827,0.31784192516060983,40,2500,21038,0,54109,27371,64182,0,29098,31398,35518,0,601,6224,24615,0,17323,30129
654.008,1,1,0,1,1,17141,0.3742720115181073,44,2500,0,0,0,0,0,0,0,0,0,0,0,0,0,0,0,0
654.025,0,1,1,1,0,17116,0.31803463449276054,40,2500,21038,0,54109,27371,64182,0,29098,31398,35518,0,601,6224,24615,0,17323,30129
654.045,1,1,0,1,1,17141,0.3742720115181073,44,2500,0,0,0,0,0,0,0,0,0,0,0,0,0,0,0,0
654.062,0,1,1,1,0,17010,0.31790616160466006,40,2500,21038,0,54109,27371,64182,0,29098,31398,35518,0,601,6224,24615,0,17323,30129
654.082,1,1,0,1,1,17141,0.3740634647063401,44,2500,0,0,0,0,0,0,0,0,0,0,0,0,0,0,0,0
654.099,0,1,1,1,0,17123,0.3179703980487103,40,2500,21038,0,54109,27371,64182,0,29098,31398,35518,0,601,6224,24615,0,17323,30129
654.119,1,1,0,1,1,17141,0.37399394910241773,44,2500,0,0,0,0,0,0,0,0,0,0,0,0,0,0,0,0
654.136,0,1,1,1,0,17117,0.3180988709368108,40,2500,21038,0,54109,27371,64182,0,29098,31398,35518,0,601,6224,24615,0,17323,30129
654.156,1,1,0,1,1,17141,0.37399394910241773,44,2500,0,0,0,0,0,0,0,0,0,0,0,0,0,0,0,0
654.173,0,1,1,1,0,17118,0.3180988709368108,40,2500,21038,0,54109,27371,64182,0,29098,31398,35518,0,601,6224,24615,0,17323,30129
654.193,1,1,0,1,1,17141,0.37399394910241773,44,2500,0,0,0,0,0,0,0,0,0,0,0,0,0,0,0,0
654.21,0,1,1,1,0,17129,0.3182273438249113,40,2500,21038,0,54109,27371,64182,0,29098,31398,35518,0,601,6224,24615,0,17323,30129
654.23,1,1,0,1,1,17090,0.37392443349849536,45,2500,0,0,0,0,0,0,0,0,0,0,0,0,0,0,0,0
654.247,0,1,1,1,0,17128,0.318163107380861,40,2500,21038,0,54109,27371,64182,0,29098,31398,35518,0,601,6224,24615,0,17323,30129
654.267,1,1,0,1,1,16851,0.37364637108280585,45,2500,0,0,0,0,0,0,0,0,0,0,0,0,0,0,0,0
654.284,0,1,1,1,0,17066,0.3180988709368108,40,2500,21038,0,54109,27371,64182,0,29098,31398,35518,0,601,6224,24615,0,17323,30129
654.304,1,1,0,1,1,16940,0.3737854022906506,46,2500,0,0,0,0,0,0,0,0,0,0,0,0,0,0,0,0
654.321,0,1,1,1,0,17081,0.318420053157062,40,2500,21038,0,54109,27371,64182,0,29098,31398,35518,0,601,6224,24615,0,17323,30129
654.341,1,1,0,1,1,16914,0.3737158866867282,46,2500,0,0,0,0,0,0,0,0,0,0,0,0,0,0,0,0
654.358,0,1,1,1,0,17121,0.3183558167130118,40,2500,21038,0,54109,27371,64182,0,29098,31398,35518,0,601,6224,24615,0,17323,30129
654.378,1,1,0,1,1,17071,0.37392443349849536,45,2500,0,0,0,0,0,0,0,0,0,0,0,0,0,0,0,0
654.395,0,1,1,1,0,17125,0.3183558167130118,40,2500,21038,0,54109,27371,64182,0,29098,31398,35518,0,601,6224,24615,0,17323,30129
654.415,1,1,0,1,1,17141,0.3740634647063401,44,2500,0,0,0,0,0,0,0,0,0,0,0,0,0,0,0,0
654.432,0,1,1,1,0,17126,0.3183558167130118,40,2500,21038,0,54109,27371,64182,0,29098,31398,35518,0,601,6224,24615,0,17323,30129
654.451,1,1,0,1,1,17141,0.3742024959141849,44,2500,0,0,0,0,0,0,0,0,0,0,0,0,0,0,0,0
654.469,0,1,1,1,0,17050,0.3183558167130118,40,2500,21038,0,54109,27371,64182,0,29098,31398,35518,0,601,6224,24615,0,17323,30129
654.488,1,1,0,1,1,17141,0.3742720115181073,44,2500,0,0,0,0,0,0,0,0,0,0,0,0,0,0,0,0
654.506,0,1,1,1,0,17118,0.318420053157062,40,2500,21038,0,54109,27371,64182,0,29098,31398,35518,0,601,6224,24615,0,17323,30129
654.525,1,1,0,1,1,17141,0.3742720115181073,44,2500,0,0,0,0,0,0,0,0,0,0,0,0,0,0,0,0
654.543,0,1,1,1,0,17104,0.3183558167130118,40,2500,21038,0,54109,27371,64182,0,29098,31398,35518,0,601,6224,24615,0,17323,30129
654.562,1,1,0,1,1,17141,0.3744805583298744,44,2500,0,0,0,0,0,0,0,0,0,0,0,0,0,0,0,0
654.58,0,1,1,1,0,17130,0.318420053157062,40,2500,21038,0,54109,27371,64182,0,29098,31398,35518,0,601,6224,24615,0,17323,30129
654.599,1,1,0,1,1,17141,0.3744805583298744,44,2500,0,0,0,0,0,0,0,0,0,0,0,0,0,0,0,0
654.617,0,1,1,1,0,17126,0.31848428960111225,40,2500,21038,0,54109,27371,64182,0,29098,31398,35518,0,601,6224,24615,0,17323,30129
654.636,1,1,0,1,1,17141,0.3745500739337968,44,2500,0,0,0,0,0,0,0,0,0,0,0,0,0,0,0,0
654.654,0,1,1,1,0,17125,0.3185485260451625,40,2500,21038,0,54109,27371,64182,0,29098,31398,35518,0,601,6224,24615,0,17323,30129
654.673,1,1,0,1,1,17139,0.3746195895377192,44,2500,0,0,0,0,0,0,0,0,0,0,0,0,0,0,0,0
654.691,0,1,1,1,0,17108,0.3185485260451625,40,2500,21038,0,54109,27371,64182,0,29098,31398,35518,0,601,6224,24615,0,17323,30129
654.71,1,1,0,1,1,17141,0.37489765195340874,44,2500,0,0,0,0,0,0,0,0,0,0,0,0,0,0,0,0
654.728,0,1,1,1,0,17091,0.318420053157062,40,2500,21038,0,54109,27371,64182,0,29098,31398,35518,0,601,6224,24615,0,17323,30129
654.747,1,1,0,1,1,17141,0.3749671675573311,44,2500,0,0,0,0,0,0,0,0,0,0,0,0,0,0,0,0
654.765,0,1,1,1,0,17121,0.3186127624892127,40,2500,21038,0,54109,27371,64182,0,29098,31398,35518,0,601,6224,24615,0,17323,30129
654.784,1,1,0,1,1,17139,0.3750366831612535,44,2500,0,0,0,0,0,0,0,0,0,0,0,0,0,0,0,0
654.802,0,1,1,1,0,17122,0.3185485260451625,40,2500,21038,0,54109,27371,64182,0,29098,31398,35518,0,601,6224,24615,0,17323,30129
654.821,1,1,0,1,1,17139,0.3750366831612535,44,2500,0,0,0,0,0,0,0,0,0,0,0,0,0,0,0,0
654.839,0,1,1,1,0,17123,0.31848428960111225,40,2500,21038,0,54109,27371,64182,0,29098,31398,35518,0,601,6224,24615,0,17323,30129
654.858,1,1,0,1,1,17141,0.37510619876517587,44,2500,0,0,0,0,0,0,0,0,0,0,0,0,0,0,0,0
654.876,0,1,1,1,0,17101,0.3186127624892127,40,2500,21038,0,54109,27371,64182,0,29098,31398,35518,0,601,6224,24615,0,17323,30129
654.895,1,1,0,1,1,17139,0.3752452299730206,44,2500,0,0,0,0,0,0,0,0,0,0,0,0,0,0,0,0
654.913,0,1,1,1,0,17116,0.31848428960111225,40,2500,21038,0,54109,27371,64182,0,29098,31398,35518,0,601,6224,24615,0,17323,30129
654.932,1,1,0,1,1,17139,0.37510619876517587,44,2500,0,0,0,0,0,0,0,0,0,0,0,0,0,0,0,0
