time[s],SensorID,event,mask,tL.num_valid_targets,tL.reserved,tL.targets[0].amplitude,tL.targets[0].range,tL.targets[0].reserved[0],tL.targets[0].reserved[1],tL.targets[1].amplitude,tL.targets[1].range,tL.targets[1].reserved[0],tL.targets[1].reserved[1],tL.targets[2].amplitude,tL.targets[2].range,tL.targets[2].reserved[0],tL.targets[2].reserved[1],tL.targets[3].amplitude,tL.targets[3].range,tL.targets[3].reserved[0],tL.targets[3].reserved[1],tL.targets[4].amplitude,tL.targets[4].range,tL.targets[4].reserved[0],tL.targets[4].reserved[1]
353.28,0,1,1,1,0,16799,0.18615721485760858,23,3500,21038,0,54109,27371,64182,0,29098,31398,35518,0,601,6224,24615,0,17323,30129
353.3,1,1,0,1,1,13930,0.19186306682577564,22,3500,0,0,0,0,0,0,0,0,0,0,0,0,0,0,0,0
353.317,0,1,1,1,0,16740,0.18596450552545785,23,3500,21038,0,54109,27371,64182,0,29098,31398,35518,0,601,6224,24615,0,17323,30129
353.337,1,1,0,1,1,13869,0.19193258242969802,22,3500,0,0,0,0,0,0,0,0,0,0,0,0,0,0,0,0
353.354,0,1,1,1,0,16809,0.18622145130165882,23,3500,21038,0,54109,27371,64182,0,29098,31398,35518,0,601,6224,24615,0,17323,30129
353.374,1,1,0,1,1,13849,0.19186306682577564,22,3500,0,0,0,0,0,0,0,0,0,0,0,0,0,0,0,0
353.391,0,1,1,1,0,16743,0.18602874196950808,23,3500,21038,0,54109,27371,64182,0,29098,31398,35518,0,601,6224,24615,0,17323,30129
353.411,1,1,0,1,1,13801,0.19193258242969802,22,3500,0,0,0,0,0,0,0,0,0,0,0,0,0,0,0,0
353.428,0,1,1,1,0,16795,0.18596450552545785,23,3500,21038,0,54109,27371,64182,0,29098,31398,35518,0,601,6224,24615,0,17323,30129
353.448,1,1,0,1,1,13859,0.19200209803362042,22,3500,0,0,0,0,0,0,0,0,0,0,0,0,0,0,0,0
353.465,0,1,1,1,0,16769,0.18602874196950808,23,3500,21038,0,54109,27371,64182,0,29098,31398,35518,0,601,6224,24615,0,17323,30129
353.485,1,1,0,1,1,13910,0.19214112924146518,22,3500,0,0,0,0,0,0,0,0,0,0,0,0,0,0,0,0
353.502,0,1,1,1,0,16800,0.18615721485760858,23,3500,21038,0,54109,27371,64182,0,29098,31398,35518,0,601,6224,24615,0,17323,30129
353.522,1,1,0,1,1,13867,0.1920716136375428,22,3500,0,0,0,0,0,0,0,0,0,0,0,0,0,0,0,0
353.539,0,1,1,1,0,16792,0.18596450552545785,23,3500,21038,0,54109,27371,64182,0,29098,31398,35518,0,601,6224,24615,0,17323,30129
353.559,1,1,0,1,1,13921,0.19214112924146518,22,3500,0,0,0,0,0,0,0,0,0,0,0,0,0,0,0,0
353.576,0,1,1,1,0,16747,0.18602874196950808,24,3500,21038,0,54109,27371,64182,0,29098,31398,35518,0,601,6224,24615,0,17323,30129
353.596,1,1,0,1,1,14036,0.19228016044930996,22,3500,0,0,0,0,0,0,0,0,0,0,0,0,0,0,0,0
353.613,0,1,1,1,0,16835,0.18622145130165882,23,3500,21038,0,54109,27371,64182,0,29098,31398,35518,0,601,6224,24615,0,17323,30129
353.633,1,1,0,1,1,14053,0.19234967605323233,22,3500,0,0,0,0,0,0,0,0,0,0,0,0,0,0,0,0
353.65,0,1,1,1,0,16783,0.18609297841355832,23,3500,21038,0,54109,27371,64182,0,29098,31398,35518,0,601,6224,24615,0,17323,30129
353.67,1,1,0,1,1,14107,0.19228016044930996,22,3500,0,0,0,0,0,0,0,0,0,0,0,0,0,0,0,0
353.687,0,1,1,1,0,16761,0.18615721485760858,23,3500,21038,0,54109,27371,64182,0,29098,31398,35518,0,601,6224,24615,0,17323,30129
353.707,1,1,0,1,1,14068,0.19214112924146518,22,3500,0,0,0,0,0,0,0,0,0,0,0,0,0,0,0,0
353.724,0,1,1,1,0,16776,0.18628568774570906,24,3500,21038,0,54109,27371,64182,0,29098,31398,35518,0,601,6224,24615,0,17323,30129
353.744,1,1,0,1,1,14194,0.19228016044930996,22,3500,0,0,0,0,0,0,0,0,0,0,0,0,0,0,0,0
353.761,0,1,1,1,0,16762,0.18628568774570906,24,3500,21038,0,54109,27371,64182,0,29098,31398,35518,0,601,6224,24615,0,17323,30129
353.781,1,1,0,1,1,14243,0.19228016044930996,22,3500,0,0,0,0,0,0,0,0,0,0,0,0,0,0,0,0
353.798,0,1,1,1,0,16777,0.18628568774570906,24,3500,21038,0,54109,27371,64182,0,29098,31398,35518,0,601,6224,24615,0,17323,30129
353.818,1,1,0,1,1,14299,0.19228016044930996,22,3500,0,0,0,0,0,0,0,0,0,0,0,0,0,0,0,0
353.835,0,1,1,1,0,16761,0.18615721485760858,23,3500,21038,0,54109,27371,64182,0,29098,31398,35518,0,601,6224,24615,0,17323,30129
353.855,1,1,0,1,1,14330,0.19228016044930996,22,3500,0,0,0,0,0,0,0,0,0,0,0,0,0,0,0,0
353.872,0,1,1,1,0,16791,0.18634992418975932,24,3500,21038,0,54109,27371,64182,0,29098,31398,35518,0,601,6224,24615,0,17323,30129
353.892,1,1,0,1,1,14279,0.19221064484538755,22,3500,0,0,0,0,0,0,0,0,0,0,0,0,0,0,0,0
353.909,0,1,1,1,0,16780,0.18641416063380956,24,3500,21038,0,54109,27371,64182,0,29098,31398,35518,0,601,6224,24615,0,17323,30129
353.929,1,1,0,1,1,14365,0.19228016044930996,22,3500,0,0,0,0,0,0,0,0,0,0,0,0,0,0,0,0
353.946,0,1,1,1,0,16776,0.18622145130165882,24,3500,21038,0,54109,27371,64182,0,29098,31398,35518,0,601,6224,24615,0,17323,30129
353.966,1,1,0,1,1,14404,0.19234967605323233,22,3500,0,0,0,0,0,0,0,0,0,0,0,0,0,0,0,0
353.983,0,1,1,1,0,16711,0.18628568774570906,24,3500,21038,0,54109,27371,64182,0,29098,31398,35518,0,601,6224,24615,0,17323,30129
354.002,1,1,0,1,1,14406,0.19228016044930996,22,3500,0,0,0,0,0,0,0,0,0,0,0,0,0,0,0,0
354.02,0,1,1,1,0,16761,0.18641416063380956,24,3500,21038,0,54109,27371,64182,0,29098,31398,35518,0,601,6224,24615,0,17323,30129
354.039,1,1,0,1,1,14397,0.19234967605323233,22,3500,0,0,0,0,0,0,0,0,0,0,0,0,0,0,0,0
354.057,0,1,1,1,0,16765,0.18641416063380956,24,3500,21038,0,54109,27371,64182,0,29098,31398,35518,0,601,6224,24615,0,17323,30129
354.076,1,1,0,1,1,14352,0.19228016044930996,22,3500,0,0,0,0,0,0,0,0,0,0,0,0,0,0,0,0
354.094,0,1,1,1,0,16767,0.18641416063380956,24,3500,21038,0,54109,27371,64182,0,29098,31398,35518,0,601,6224,24615,0,17323,30129
354.113,1,1,0,1,1,14263,0.19221064484538755,22,3500,0,0,0,0,0,0,0,0,0,0,0,0,0,0,0,0
354.131,0,1,1,1,0,16725,0.1864783970778598,24,3500,21038,0,54109,27371,64182,0,29098,31398,35518,0,601,6224,24615,0,17323,30129
354.15,1,1,0,1,1,14260,0.19228016044930996,22,3500,0,0,0,0,0,0,0,0,0,0,0,0,0,0,0,0
354.168,0,1,1,1,0,16715,0.18654263352191003,24,3500,21038,0,54109,27371,64182,0,29098,31398,35518,0,601,6224,24615,0,17323,30129
354.187,1,1,0,1,1,14190,0.19228016044930996,22,3500,0,0,0,0,0,0,0,0,0,0,0,0,0,0,0,0
354.205,0,1,1,1,0,16729,0.1866068699659603,24,3500,21038,0,54109,27371,64182,0,29098,31398,35518,0,601,6224,24615,0,17323,30129
354.224,1,1,0,1,1,14133,0.19228016044930996,22,3500,0,0,0,0,0,0,0,0,0,0,0,0,0,0,0,0
354.242,0,1,1,1,0,16749,0.1866068699659603,24,3500,21038,0,54109,27371,64182,0,29098,31398,35518,0,601,6224,24615,0,17323,30129
354.261,1,1,0,1,1,14055,0.19234967605323233,22,3500,0,0,0,0,0,0,0,0,0,0,0,0,0,0,0,0
354.279,0,1,1,1,0,16714,0.18667110641001053,24,3500,21038,0,54109,27371,64182,0,29098,31398,35518,0,601,6224,24615,0,17323,30129
354.298,1,1,0,1,1,14007,0.19234967605323233,22,3500,0,0,0,0,0,0,0,0,0,0,0,0,0,0,0,0
354.316,0,1,1,1,0,16771,0.18654263352191003,24,3500,21038,0,54109,27371,64182,0,29098,31398,35518,0,601,6224,24615,0,17323,30129
354.335,1,1,0,1,1,13920,0.19228016044930996,22,3500,0,0,0,0,0,0,0,0,0,0,0,0,0,0,0,0
354.353,0,1,1,1,0,16766,0.1866068699659603,24,3500,21038,0,54109,27371,64182,0,29098,31398,35518,0,601,6224,24615,0,17323,30129
354.372,1,1,0,1,1,13809,0.19228016044930996,22,3500,0,0,0,0,0,0,0,0,0,0,0,0,0,0,0,0
354.39,0,1,1,1,0,16765,0.18654263352191003,24,3500,21038,0,54109,27371,64182,0,29098,31398,35518,0,601,6224,24615,0,17323,30129
354.409,1,1,0,1,1,13851,0.1924191916571547,22,3500,0,0,0,0,0,0,0,0,0,0,0,0,0,0,0,0
354.427,0,1,1,1,0,16765,0.1866068699659603,24,3500,21038,0,54109,27371,64182,0,29098,31398,35518,0,601,6224,24615,0,17323,30129
354.446,1,1,0,1,1,13794,0.1924191916571547,22,3500,0,0,0,0,0,0,0,0,0,0,0,0,0,0,0,0
354.464,0,1,1,1,0,16853,0.18654263352191003,24,3500,21038,0,54109,27371,64182,0,29098,31398,35518,0,601,6224,24615,0,17323,30129
354.483,1,1,0,1,1,13736,0.19234967605323233,22,3500,0,0,0,0,0,0,0,0,0,0,0,0,0,0,0,0
354.501,0,1,1,1,0,16760,0.1864783970778598,24,3500,21038,0,54109,27371,64182,0,29098,31398,35518,0,601,6224,24615,0,17323,30129
354.52,1,1,0,1,1,13690,0.19228016044930996,22,3500,0,0,0,0,0,0,0,0,0,0,0,0,0,0,0,0
354.538,0,1,1,1,0,16765,0.1866068699659603,24,3500,21038,0,54109,27371,64182,0,29098,31398,35518,0,601,6224,24615,0,17323,30129
354.557,1,1,0,1,1,13698,0.19228016044930996,22,3500,0,0,0,0,0,0,0,0,0,0,0,0,0,0,0,0
354.575,0,1,1,1,0,16814,0.1866068699659603,24,3500,21038,0,54109,27371,64182,0,29098,31398,35518,0,601,6224,24615,0,17323,30129
354.594,1,1,0,1,1,13794,0.19234967605323233,22,3500,0,0,0,0,0,0,0,0,0,0,0,0,0,0,0,0
354.612,0,1,1,1,0,16815,0.18654263352191003,24,3500,21038,0,54109,27371,64182,0,29098,31398,35518,0,601,6224,24615,0,17323,30129
354.631,1,1,0,1,1,13895,0.1924191916571547,22,3500,0,0,0,0,0,0,0,0,0,0,0,0,0,0,0,0
354.649,0,1,1,1,0,16807,0.1864783970778598,24,3500,21038,0,54109,27371,64182,0,29098,31398,35518,0,601,6224,24615,0,17323,30129
354.668,1,1,0,1,1,13883,0.19234967605323233,22,3500,0,0,0,0,0,0,0,0,0,0,0,0,0,0,0,0
354.686,0,1,1,1,0,16814,0.18667110641001053,24,3500,21038,0,54109,27371,64182,0,29098,31398,35518,0,601,6224,24615,0,17323,30129
354.705,1,1,0,1,1,13878,0.19221064484538755,22,3500,0,0,0,0,0,0,0,0,0,0,0,0,0,0,0,0
354.723,0,1,1,1,0,16801,0.1864783970778598,24,3500,21038,0,54109,27371,64182,0,29098,31398,35518,0,601,6224,24615,0,17323,30129
354.742,1,1,0,1,1,13909,0.19228016044930996,22,3500,0,0,0,0,0,0,0,0,0,0,0,0,0,0,0,0
354.76,0,1,1,1,0,16805,0.1864783970778598,24,3500,21038,0,54109,27371,64182,0,29098,31398,35518,0,601,6224,24615,0,17323,30129
354.779,1,1,0,1,1,13834,0.19221064484538755,22,3500,0,0,0,0,0,0,0,0,0,0,0,0,0,0,0,0
354.797,0,1,1,1,0,16805,0.1864783970778598,24,3500,21038,0,54109,27371,64182,0,29098,31398,35518,0,601,6224,24615,0,17323,30129
354.816,1,1,0,1,1,13779,0.19228016044930996,22,3500,0,0,0,0,0,0,0,0,0,0,0,0,0,0,0,0
354.834,0,1,1,1,0,16844,0.18641416063380956,24,3500,21038,0,54109,27371,64182,0,29098,31398,35518,0,601,6224,24615,0,17323,30129
354.853,1,1,0,1,1,13711,0.1924191916571547,22,3500,0,0,0,0,0,0,0,0,0,0,0,0,0,0,0,0
354.871,0,1,1,1,0,16851,0.18667110641001053,24,3500,21038,0,54109,27371,64182,0,29098,31398,35518,0,601,6224,24615,0,17323,30129
354.89,1,1,0,1,1,13631,0.19234967605323233,22,3500,0,0,0,0,0,0,0,0,0,0,0,0,0,0,0,0
354.908,0,1,1,1,0,16915,0.18654263352191003,24,3500,21038,0,54109,27371,64182,0,29098,31398,35518,0,601,6224,24615,0,17323,30129
354.927,1,1,0,1,1,13616,0.1924191916571547,22,3500,0,0,0,0,0,0,0,0,0,0,0,0,0,0,0,0
354.945,0,1,1,1,0,16914,0.1866068699659603,24,3500,21038,0,54109,27371,64182,0,29098,31398,35518,0,601,6224,24615,0,17323,30129
354.964,1,1,0,1,1,13531,0.1924191916571547,22,3500,0,0,0,0,0,0,0,0,0,0,0,0,0,0,0,0
354.982,0,1,1,1,0,16861,0.18641416063380956,24,3500,21038,0,54109,27371,64182,0,29098,31398,35518,0,601,6224,24615,0,17323,30129
355.001,1,1,0,1,1,13584,0.1924191916571547,22,3500,0,0,0,0,0,0,0,0,0,0,0,0,0,0,0,0
355.018,0,1,1,1,0,16867,0.18654263352191003,23,3500,21038,0,54109,27371,64182,0,29098,31398,35518,0,601,6224,24615,0,17323,30129
355.038,1,1,0,1,1,13670,0.19255822286499946,22,3500,0,0,0,0,0,0,0,0,0,0,0,0,0,0,0,0
355.055,0,1,1,1,0,16915,0.1864783970778598,24,3500,21038,0,54109,27371,64182,0,29098,31398,35518,0,601,6224,24615,0,17323,30129
355.075,1,1,0,1,1,13674,0.19248870726107709,22,3500,0,0,0,0,0,0,0,0,0,0,0,0,0,0,0,0
355.092,0,1,1,1,0,16910,0.18641416063380956,24,3500,21038,0,54109,27371,64182,0,29098,31398,35518,0,601,6224,24615,0,17323,30129
355.112,1,1,0,1,1,13784,0.19262773846892187,22,3500,0,0,0,0,0,0,0,0,0,0,0,0,0,0,0,0
355.129,0,1,1,1,0,16849,0.18654263352191003,24,3500,21038,0,54109,27371,64182,0,29098,31398,35518,0,601,6224,24615,0,17323,30129
355.149,1,1,0,1,1,13774,0.19255822286499946,22,3500,0,0,0,0,0,0,0,0,0,0,0,0,0,0,0,0
355.166,0,1,1,1,0,16915,0.1866068699659603,24,3500,21038,0,54109,27371,64182,0,29098,31398,35518,0,601,6224,24615,0,17323,30129
355.186,1,1,0,1,1,13887,0.19262773846892187,22,3500,0,0,0,0,0,0,0,0,0,0,0,0,0,0,0,0
355.203,0,1,1,1,0,16912,0.18667110641001053,24,3500,21038,0,54109,27371,64182,0,29098,31398,35518,0,601,6224,24615,0,17323,30129
355.223,1,1,0,1,1,14047,0.19276676967676662,22,3500,0,0,0,0,0,0,0,0,0,0,0,0,0,0,0,0
355.24,0,1,1,1,0,16849,0.18654263352191003,24,3500,21038,0,54109,27371,64182,0,29098,31398,35518,0,601,6224,24615,0,17323,30129
355.26,1,1,0,1,1,14100,0.19269725407284424,22,3500,0,0,0,0,0,0,0,0,0,0,0,0,0,0,0,0
355.277,0,1,1,1,0,16853,0.18654263352191003,24,3500,21038,0,54109,27371,64182,0,29098,31398,35518,0,601,6224,24615,0,17323,30129
355.297,1,1,0,1,1,14212,0.19276676967676662,22,3500,0,0,0,0,0,0,0,0,0,0,0,0,0,0,0,0
355.314,0,1,1,1,0,16851,0.1866068699659603,24,3500,21038,0,54109,27371,64182,0,29098,31398,35518,0,601,6224,24615,0,17323,30129
355.334,1,1,0,1,1,14243,0.19269725407284424,22,3500,0,0,0,0,0,0,0,0,0,0,0,0,0,0,0,0
355.351,0,1,1,1,0,16877,0.18673534285406077,24,3500,21038,0,54109,27371,64182,0,29098,31398,35518,0,601,6224,24615,0,17323,30129
355.371,1,1,0,1,1,14394,0.192836285280689,22,3500,0,0,0,0,0,0,0,0,0,0,0,0,0,0,0,0
355.388,0,1,1,1,0,16841,0.1866068699659603,24,3500,21038,0,54109,27371,64182,0,29098,31398,35518,0,601,6224,24615,0,17323,30129
355.408,1,1,0,1,1,14513,0.19290580088461137,22,3500,0,0,0,0,0,0,0,0,0,0,0,0,0,0,0,0
355.425,0,1,1,1,0,16868,0.18679957929811103,24,3500,21038,0,54109,27371,64182,0,29098,31398,35518,0,601,6224,24615,0,17323,30129
355.445,1,1,0,1,1,14575,0.19290580088461137,22,3500,0,0,0,0,0,0,0,0,0,0,0,0,0,0,0,0
355.462,0,1,1,1,0,16868,0.18686381574216127,24,3500,21038,0,54109,27371,64182,0,29098,31398,35518,0,601,6224,24615,0,17323,30129
355.482,1,1,0,1,1,14680,0.19290580088461137,22,3500,0,0,0,0,0,0,0,0,0,0,0,0,0,0,0,0
355.499,0,1,1,1,0,16849,0.18673534285406077,24,3500,21038,0,54109,27371,64182,0,29098,31398,35518,0,601,6224,24615,0,17323,30129
355.519,1,1,0,1,1,14744,0.19290580088461137,22,3500,0,0,0,0,0,0,0,0,0,0,0,0,0,0,0,0
355.536,0,1,1,1,0,16903,0.18686381574216127,24,3500,21038,0,54109,27371,64182,0,29098,31398,35518,0,601,6224,24615,0,17323,30129
355.556,1,1,0,1,1,14729,0.19297531648853378,22,3500,0,0,0,0,0,0,0,0,0,0,0,0,0,0,0,0
355.573,0,1,1,1,0,16889,0.18686381574216127,24,3500,21038,0,54109,27371,64182,0,29098,31398,35518,0,601,6224,24615,0,17323,30129
355.593,1,1,0,1,1,14647,0.19297531648853378,22,3500,0,0,0,0,0,0,0,0,0,0,0,0,0,0,0,0
355.61,0,1,1,1,0,16912,0.18673534285406077,24,3500,21038,0,54109,27371,64182,0,29098,31398,35518,0,601,6224,24615,0,17323,30129
355.63,1,1,0,1,1,14475,0.19297531648853378,22,3500,0,0,0,0,0,0,0,0,0,0,0,0,0,0,0,0
355.647,0,1,1,1,0,16814,0.1866068699659603,24,3500,21038,0,54109,27371,64182,0,29098,31398,35518,0,601,6224,24615,0,17323,30129
355.667,1,1,0,1,1,14345,0.19311434769637853,22,3500,0,0,0,0,0,0,0,0,0,0,0,0,0,0,0,0
355.684,0,1,1,1,0,16840,0.1864783970778598,24,3500,21038,0,54109,27371,64182,0,29098,31398,35518,0,601,6224,24615,0,17323,30129
355.704,1,1,0,1,1,14144,0.19304483209245615,22,3500,0,0,0,0,0,0,0,0,0,0,0,0,0,0,0,0
355.721,0,1,1,1,0,16739,0.18641416063380956,24,3500,21038,0,54109,27371,64182,0,29098,31398,35518,0,601,6224,24615,0,17323,30129
355.741,1,1,0,1,1,14020,0.19304483209245615,22,3500,0,0,0,0,0,0,0,0,0,0,0,0,0,0,0,0
355.758,0,1,1,1,0,16759,0.18654263352191003,23,3500,21038,0,54109,27371,64182,0,29098,31398,35518,0,601,6224,24615,0,17323,30129
355.778,1,1,0,1,1,13975,0.19311434769637853,22,3500,0,0,0,0,0,0,0,0,0,0,0,0,0,0,0,0
355.795,0,1,1,1,0,16754,0.18654263352191003,23,3500,21038,0,54109,27371,64182,0,29098,31398,35518,0,601,6224,24615,0,17323,30129
355.815,1,1,0,1,1,13946,0.1931838633003009,22,3500,0,0,0,0,0,0,0,0,0,0,0,0,0,0,0,0
355.832,0,1,1,1,0,16663,0.18641416063380956,24,3500,21038,0,54109,27371,64182,0,29098,31398,35518,0,601,6224,24615,0,17323,30129
355.852,1,1,0,1,1,13927,0.19304483209245615,22,3500,0,0,0,0,0,0,0,0,0,0,0,0,0,0,0,0
355.869,0,1,1,1,0,16674,0.1866068699659603,24,3500,21038,0,54109,27371,64182,0,29098,31398,35518,0,601,6224,24615,0,17323,30129
355.889,1,1,0,1,1,13929,0.1931838633003009,22,3500,0,0,0,0,0,0,0,0,0,0,0,0,0,0,0,0
355.906,0,1,1,1,0,16766,0.1866068699659603,24,3500,21038,0,54109,27371,64182,0,29098,31398,35518,0,601,6224,24615,0,17323,30129
355.926,1,1,0,1,1,13987,0.1931838633003009,22,3500,0,0,0,0,0,0,0,0,0,0,0,0,0,0,0,0
355.943,0,1,1,1,0,16789,0.18673534285406077,24,3500,21038,0,54109,27371,64182,0,29098,31398,35518,0,601,6224,24615,0,17323,30129
355.963,1,1,0,1,1,14024,0.1931838633003009,22,3500,0,0,0,0,0,0,0,0,0,0,0,0,0,0,0,0
355.98,0,1,1,1,0,16842,0.18699228863026177,24,3500,21038,0,54109,27371,64182,0,29098,31398,35518,0,601,6224,24615,0,17323,30129
356.0,1,1,0,1,1,14053,0.19311434769637853,22,3500,0,0,0,0,0,0,0,0,0,0,0,0,0,0,0,0
356.017,0,1,1,1,0,16870,0.18686381574216127,24,3500,21038,0,54109,27371,64182,0,29098,31398,35518,0,601,6224,24615,0,17323,30129
356.037,1,1,0,1,1,14129,0.1931838633003009,22,3500,0,0,0,0,0,0,0,0,0,0,0,0,0,0,0,0
356.054,0,1,1,1,0,16812,0.18686381574216127,24,3500,21038,0,54109,27371,64182,0,29098,31398,35518,0,601,6224,24615,0,17323,30129
356.074,1,1,0,1,1,14176,0.1931838633003009,22,3500,0,0,0,0,0,0,0,0,0,0,0,0,0,0,0,0
356.091,0,1,1,1,0,16812,0.18679957929811103,24,3500,21038,0,54109,27371,64182,0,29098,31398,35518,0,601,6224,24615,0,17323,30129
356.111,1,1,0,1,1,14233,0.1932533789042233,22,3500,0,0,0,0,0,0,0,0,0,0,0,0,0,0,0,0
356.128,0,1,1,1,0,16871,0.18686381574216127,24,3500,21038,0,54109,27371,64182,0,29098,31398,35518,0,601,6224,24615,0,17323,30129
356.148,1,1,0,1,1,14266,0.1931838633003009,22,3500,0,0,0,0,0,0,0,0,0,0,0,0,0,0,0,0
356.165,0,1,1,1,0,16843,0.18686381574216127,24,3500,21038,0,54109,27371,64182,0,29098,31398,35518,0,601,6224,24615,0,17323,30129
356.185,1,1,0,1,1,14263,0.1931838633003009,22,3500,0,0,0,0,0,0,0,0,0,0,0,0,0,0,0,0
356.202,0,1,1,1,0,16854,0.18673534285406077,24,3500,21038,0,54109,27371,64182,0,29098,31398,35518,0,601,6224,24615,0,17323,30129
356.222,1,1,0,1,1,14243,0.19311434769637853,22,3500,0,0,0,0,0,0,0,0,0,0,0,0,0,0,0,0
356.239,0,1,1,1,0,16810,0.18673534285406077,24,3500,21038,0,54109,27371,64182,0,29098,31398,35518,0,601,6224,24615,0,17323,30129
356.259,1,1,0,1,1,14272,0.19311434769637853,22,3500,0,0,0,0,0,0,0,0,0,0,0,0,0,0,0,0
356.276,0,1,1,1,0,16843,0.18667110641001053,24,3500,21038,0,54109,27371,64182,0,29098,31398,35518,0,601,6224,24615,0,17323,30129
356.296,1,1,0,1,1,14260,0.19304483209245615,22,3500,0,0,0,0,0,0,0,0,0,0,0,0,0,0,0,0
356.313,0,1,1,1,0,16853,0.18673534285406077,24,3500,21038,0,54109,27371,64182,0,29098,31398,35518,0,601,6224,24615,0,17323,30129
356.333,1,1,0,1,1,14251,0.19304483209245615,22,3500,0,0,0,0,0,0,0,0,0,0,0,0,0,0,0,0
356.35,0,1,1,1,0,16871,0.18673534285406077,24,3500,21038,0,54109,27371,64182,0,29098,31398,35518,0,601,6224,24615,0,17323,30129
356.37,1,1,0,1,1,14216,0.19304483209245615,22,3500,0,0,0,0,0,0,0,0,0,0,0,0,0,0,0,0
356.387,0,1,1,1,0,16871,0.1866068699659603,24,3500,21038,0,54109,27371,64182,0,29098,31398,35518,0,601,6224,24615,0,17323,30129
356.407,1,1,0,1,1,14232,0.19304483209245615,22,3500,0,0,0,0,0,0,0,0,0,0,0,0,0,0,0,0
356.424,0,1,1,1,0,16853,0.1866068699659603,24,3500,21038,0,54109,27371,64182,0,29098,31398,35518,0,601,6224,24615,0,17323,30129
356.444,1,1,0,1,1,14223,0.19311434769637853,22,3500,0,0,0,0,0,0,0,0,0,0,0,0,0,0,0,0
356.461,0,1,1,1,0,16843,0.18673534285406077,24,3500,21038,0,54109,27371,64182,0,29098,31398,35518,0,601,6224,24615,0,17323,30129
356.481,1,1,0,1,1,14215,0.19311434769637853,22,3500,0,0,0,0,0,0,0,0,0,0,0,0,0,0,0,0
356.498,0,1,1,1,0,16810,0.18667110641001053,24,3500,21038,0,54109,27371,64182,0,29098,31398,35518,0,601,6224,24615,0,17323,30129
356.518,1,1,0,1,1,14199,0.19304483209245615,22,3500,0,0,0,0,0,0,0,0,0,0,0,0,0,0,0,0
356.535,0,1,1,1,0,16868,0.18667110641001053,24,3500,21038,0,54109,27371,64182,0,29098,31398,35518,0,601,6224,24615,0,17323,30129
356.555,1,1,0,1,1,14243,0.19311434769637853,22,3500,0,0,0,0,0,0,0,0,0,0,0,0,0,0,0,0
356.572,0,1,1,1,0,16808,0.1866068699659603,24,3500,21038,0,54109,27371,64182,0,29098,31398,35518,0,601,6224,24615,0,17323,30129
356.592,1,1,0,1,1,14163,0.19297531648853378,22,3500,0,0,0,0,0,0,0,0,0,0,0,0,0,0,0,0
356.609,0,1,1,1,0,16781,0.18673534285406077,24,3500,21038,0,54109,27371,64182,0,29098,31398,35518,0,601,6224,24615,0,17323,30129
356.629,1,1,0,1,1,14225,0.19304483209245615,22,3500,0,0,0,0,0,0,0,0,0,0,0,0,0,0,0,0
356.646,0,1,1,1,0,16814,0.1866068699659603,24,3500,21038,0,54109,27371,64182,0,29098,31398,35518,0,601,6224,24615,0,17323,30129
356.666,1,1,0,1,1,14188,0.19297531648853378,22,3500,0,0,0,0,0,0,0,0,0,0,0,0,0,0,0,0
356.683,0,1,1,1,0,16739,0.1864783970778598,24,3500,21038,0,54109,27371,64182,0,29098,31398,35518,0,601,6224,24615,0,17323,30129
356.703,1,1,0,1,1,14179,0.19304483209245615,22,3500,0,0,0,0,0,0,0,0,0,0,0,0,0,0,0,0
356.72,0,1,1,1,0,16843,0.1866068699659603,24,3500,21038,0,54109,27371,64182,0,29098,31398,35518,0,601,6224,24615,0,17323,30129
356.74,1,1,0,1,1,14168,0.19304483209245615,22,3500,0,0,0,0,0,0,0,0,0,0,0,0,0,0,0,0
356.757,0,1,1,1,0,16712,0.1864783970778598,24,3500,21038,0,54109,27371,64182,0,29098,31398,35518,0,601,6224,24615,0,17323,30129
356.777,1,1,0,1,1,14166,0.19297531648853378,22,3500,0,0,0,0,0,0,0,0,0,0,0,0,0,0,0,0
356.794,0,1,1,1,0,16762,0.18667110641001053,24,3500,21038,0,54109,27371,64182,0,29098,31398,35518,0,601,6224,24615,0,17323,30129
356.814,1,1,0,1,1,14115,0.19297531648853378,22,3500,0,0,0,0,0,0,0,0,0,0,0,0,0,0,0,0
356.831,0,1,1,1,0,16759,0.1864783970778598,24,3500,21038,0,54109,27371,64182,0,29098,31398,35518,0,601,6224,24615,0,17323,30129
356.851,1,1,0,1,1,14110,0.19297531648853378,22,3500,0,0,0,0,0,0,0,0,0,0,0,0,0,0,0,0
356.868,0,1,1,1,0,16762,0.1866068699659603,24,3500,21038,0,54109,27371,64182,0,29098,31398,35518,0,601,6224,24615,0,17323,30129
356.887,1,1,0,1,1,14122,0.19304483209245615,22,3500,0,0,0,0,0,0,0,0,0,0,0,0,0,0,0,0
356.905,0,1,1,1,0,16866,0.18679957929811103,24,3500,21038,0,54109,27371,64182,0,29098,31398,35518,0,601,6224,24615,0,17323,30129
356.924,1,1,0,1,1,14109,0.19297531648853378,22,3500,0,0,0,0,0,0,0,0,0,0,0,0,0,0,0,0
356.942,0,1,1,1,0,16812,0.18654263352191003,24,3500,21038,0,54109,27371,64182,0,29098,31398,35518,0,601,6224,24615,0,17323,30129
356.961,1,1,0,1,1,14058,0.19297531648853378,22,3500,0,0,0,0,0,0,0,0,0,0,0,0,0,0,0,0
356.979,0,1,1,1,0,16664,0.18654263352191003,24,3500,21038,0,54109,27371,64182,0,29098,31398,35518,0,601,6224,24615,0,17323,30129
356.998,1,1,0,1,1,14072,0.19311434769637853,22,3500,0,0,0,0,0,0,0,0,0,0,0,0,0,0,0,0
357.016,0,1,1,1,0,16808,0.18673534285406077,24,3500,21038,0,54109,27371,64182,0,29098,31398,35518,0,601,6224,24615,0,17323,30129
357.035,1,1,0,1,1,14074,0.19297531648853378,22,3500,0,0,0,0,0,0,0,0,0,0,0,0,0,0,0,0
357.053,0,1,1,1,0,16762,0.18667110641001053,24,3500,21038,0,54109,27371,64182,0,29098,31398,35518,0,601,6224,24615,0,17323,30129
357.072,1,1,0,1,1,14113,0.19311434769637853,22,3500,0,0,0,0,0,0,0,0,0,0,0,0,0,0,0,0
357.09,0,1,1,1,0,16810,0.1866068699659603,24,3500,21038,0,54109,27371,64182,0,29098,31398,35518,0,601,6224,24615,0,17323,30129
357.109,1,1,0,1,1,14084,0.19304483209245615,22,3500,0,0,0,0,0,0,0,0,0,0,0,0,0,0,0,0
357.127,0,1,1,1,0,16808,0.18673534285406077,24,3500,21038,0,54109,27371,64182,0,29098,31398,35518,0,601,6224,24615,0,17323,30129
357.146,1,1,0,1,1,14151,0.19311434769637853,22,3500,0,0,0,0,0,0,0,0,0,0,0,0,0,0,0,0
357.164,0,1,1,1,0,16761,0.1866068699659603,24,3500,21038,0,54109,27371,64182,0,29098,31398,35518,0,601,6224,24615,0,17323,30129
357.183,1,1,0,1,1,14172,0.19311434769637853,22,3500,0,0,0,0,0,0,0,0,0,0,0,0,0,0,0,0
357.201,0,1,1,1,0,16840,0.18673534285406077,24,3500,21038,0,54109,27371,64182,0,29098,31398,35518,0,601,6224,24615,0,17323,30129
357.22,1,1,0,1,1,14262,0.1931838633003009,22,3500,0,0,0,0,0,0,0,0,0,0,0,0,0,0,0,0
357.238,0,1,1,1,0,16843,0.18667110641001053,24,3500,21038,0,54109,27371,64182,0,29098,31398,35518,0,601,6224,24615,0,17323,30129
357.257,1,1,0,1,1,14212,0.19311434769637853,22,3500,0,0,0,0,0,0,0,0,0,0,0,0,0,0,0,0
357.275,0,1,1,1,0,16709,0.18667110641001053,24,3500,21038,0,54109,27371,64182,0,29098,31398,35518,0,601,6224,24615,0,17323,30129
357.294,1,1,0,1,1,14334,0.1932533789042233,22,3500,0,0,0,0,0,0,0,0,0,0,0,0,0,0,0,0
357.312,0,1,1,1,0,16808,0.18679957929811103,24,3500,21038,0,54109,27371,64182,0,29098,31398,35518,0,601,6224,24615,0,17323,30129
357.331,1,1,0,1,1,14323,0.1932533789042233,22,3500,0,0,0,0,0,0,0,0,0,0,0,0,0,0,0,0
357.349,0,1,1,1,0,16815,0.18679957929811103,24,3500,21038,0,54109,27371,64182,0,29098,31398,35518,0,601,6224,24615,0,17323,30129
357.368,1,1,0,1,1,14346,0.1932533789042233,22,3500,0,0,0,0,0,0,0,0,0,0,0,0,0,0,0,0
357.386,0,1,1,1,0,16808,0.18673534285406077,24,3500,21038,0,54109,27371,64182,0,29098,31398,35518,0,601,6224,24615,0,17323,30129
357.405,1,1,0,1,1,14324,0.1933228945081457,22,3500,0,0,0,0,0,0,0,0,0,0,0,0,0,0,0,0
357.423,0,1,1,1,0,16720,0.18679957929811103,24,3500,21038,0,54109,27371,64182,0,29098,31398,35518,0,601,6224,24615,0,17323,30129
357.442,1,1,0,1,1,14345,0.1932533789042233,22,3500,0,0,0,0,0,0,0,0,0,0,0,0,0,0,0,0
357.46,0,1,1,1,0,16762,0.18667110641001053,24,3500,21038,0,54109,27371,64182,0,29098,31398,35518,0,601,6224,24615,0,17323,30129
357.479,1,1,0,1,1,14306,0.1931838633003009,22,3500,0,0,0,0,0,0,0,0,0,0,0,0,0,0,0,0
357.497,0,1,1,1,0,16814,0.18667110641001053,24,3500,21038,0,54109,27371,64182,0,29098,31398,35518,0,601,6224,24615,0,17323,30129
357.516,1,1,0,1,1,14298,0.1931838633003009,22,3500,0,0,0,0,0,0,0,0,0,0,0,0,0,0,0,0
357.534,0,1,1,1,0,16720,0.1866068699659603,24,3500,21038,0,54109,27371,64182,0,29098,31398,35518,0,601,6224,24615,0,17323,30129
357.553,1,1,0,1,1,14306,0.1932533789042233,22,3500,0,0,0,0,0,0,0,0,0,0,0,0,0,0,0,0
357.571,0,1,1,1,0,16792,0.1866068699659603,24,3500,21038,0,54109,27371,64182,0,29098,31398,35518,0,601,6224,24615,0,17323,30129
357.59,1,1,0,1,1,14290,0.1931838633003009,22,3500,0,0,0,0,0,0,0,0,0,0,0,0,0,0,0,0
357.608,0,1,1,1,0,16759,0.18654263352191003,24,3500,21038,0,54109,27371,64182,0,29098,31398,35518,0,601,6224,24615,0,17323,30129
357.627,1,1,0,1,1,14188,0.19311434769637853,22,3500,0,0,0,0,0,0,0,0,0,0,0,0,0,0,0,0
357.645,0,1,1,1,0,16808,0.18667110641001053,24,3500,21038,0,54109,27371,64182,0,29098,31398,35518,0,601,6224,24615,0,17323,30129
357.664,1,1,0,1,1,14255,0.1931838633003009,22,3500,0,0,0,0,0,0,0,0,0,0,0,0,0,0,0,0
357.682,0,1,1,1,0,16842,0.18667110641001053,24,3500,21038,0,54109,27371,64182,0,29098,31398,35518,0,601,6224,24615,0,17323,30129
357.701,1,1,0,1,1,14235,0.1931838633003009,22,3500,0,0,0,0,0,0,0,0,0,0,0,0,0,0,0,0
357.719,0,1,1,1,0,16846,0.1866068699659603,23,3500,21038,0,54109,27371,64182,0,29098,31398,35518,0,601,6224,24615,0,17323,30129
357.738,1,1,0,1,1,14227,0.1932533789042233,22,3500,0,0,0,0,0,0,0,0,0,0,0,0,0,0,0,0
357.756,0,1,1,1,0,16811,0.1866068699659603,24,3500,21038,0,54109,27371,64182,0,29098,31398,35518,0,601,6224,24615,0,17323,30129
357.775,1,1,0,1,1,14140,0.19304483209245615,22,3500,0,0,0,0,0,0,0,0,0,0,0,0,0,0,0,0
357.793,0,1,1,1,0,16840,0.18654263352191003,24,3500,21038,0,54109,27371,64182,0,29098,31398,35518,0,601,6224,24615,0,17323,30129
357.812,1,1,0,1,1,14124,0.19311434769637853,22,3500,0,0,0,0,0,0,0,0,0,0,0,0,0,0,0,0
357.83,0,1,1,1,0,16868,0.1866068699659603,24,3500,21038,0,54109,27371,64182,0,29098,31398,35518,0,601,6224,24615,0,17323,30129
357.849,1,1,0,1,1,14060,0.19304483209245615,22,3500,0,0,0,0,0,0,0,0,0,0,0,0,0,0,0,0
357.867,0,1,1,1,0,16893,0.18673534285406077,24,3500,21038,0,54109,27371,64182,0,29098,31398,35518,0,601,6224,24615,0,17323,30129
357.886,1,1,0,1,1,14054,0.19311434769637853,22,3500,0,0,0,0,0,0,0,0,0,0,0,0,0,0,0,0
357.904,0,1,1,1,0,16853,0.18673534285406077,24,3500,21038,0,54109,27371,64182,0,29098,31398,35518,0,601,6224,24615,0,17323,30129
357.923,1,1,0,1,1,14034,0.19304483209245615,22,3500,0,0,0,0,0,0,0,0,0,0,0,0,0,0,0,0
357.941,0,1,1,1,0,16853,0.18667110641001053,24,3500,21038,0,54109,27371,64182,0,29098,31398,35518,0,601,6224,24615,0,17323,30129
357.96,1,1,0,1,1,14026,0.19304483209245615,22,3500,0,0,0,0,0,0,0,0,0,0,0,0,0,0,0,0
357.977,0,1,1,1,0,16887,0.18686381574216127,24,3500,21038,0,54109,27371,64182,0,29098,31398,35518,0,601,6224,24615,0,17323,30129
357.997,1,1,0,1,1,14056,0.19304483209245615,22,3500,0,0,0,0,0,0,0,0,0,0,0,0,0,0,0,0
358.014,0,1,1,1,0,16842,0.1869280521862115,24,3500,21038,0,54109,27371,64182,0,29098,31398,35518,0,601,6224,24615,0,17323,30129
358.034,1,1,0,1,1,14036,0.19304483209245615,22,3500,0,0,0,0,0,0,0,0,0,0,0,0,0,0,0,0
358.051,0,1,1,1,0,16885,0.18686381574216127,24,3500,21038,0,54109,27371,64182,0,29098,31398,35518,0,601,6224,24615,0,17323,30129
358.071,1,1,0,1,1,14092,0.19311434769637853,22,3500,0,0,0,0,0,0,0,0,0,0,0,0,0,0,0,0
358.088,0,1,1,1,0,16808,0.18686381574216127,24,3500,21038,0,54109,27371,64182,0,29098,31398,35518,0,601,6224,24615,0,17323,30129
358.108,1,1,0,1,1,14089,0.19311434769637853,22,3500,0,0,0,0,0,0,0,0,0,0,0,0,0,0,0,0
358.125,0,1,1,1,0,16866,0.18686381574216127,24,3500,21038,0,54109,27371,64182,0,29098,31398,35518,0,601,6224,24615,0,17323,30129
358.145,1,1,0,1,1,14092,0.1931838633003009,22,3500,0,0,0,0,0,0,0,0,0,0,0,0,0,0,0,0
358.162,0,1,1,1,0,16808,0.18686381574216127,24,3500,21038,0,54109,27371,64182,0,29098,31398,35518,0,601,6224,24615,0,17323,30129
358.182,1,1,0,1,1,14096,0.19311434769637853,22,3500,0,0,0,0,0,0,0,0,0,0,0,0,0,0,0,0
358.199,0,1,1,1,0,16889,0.1869280521862115,24,3500,21038,0,54109,27371,64182,0,29098,31398,35518,0,601,6224,24615,0,17323,30129
358.219,1,1,0,1,1,14043,0.19297531648853378,22,3500,0,0,0,0,0,0,0,0,0,0,0,0,0,0,0,0
358.236,0,1,1,1,0,16849,0.18679957929811103,23,3500,21038,0,54109,27371,64182,0,29098,31398,35518,0,601,6224,24615,0,17323,30129
358.256,1,1,0,1,1,14068,0.19311434769637853,22,3500,0,0,0,0,0,0,0,0,0,0,0,0,0,0,0,0
358.273,0,1,1,1,0,16810,0.18667110641001053,24,3500,21038,0,54109,27371,64182,0,29098,31398,35518,0,601,6224,24615,0,17323,30129
358.293,1,1,0,1,1,14035,0.19304483209245615,22,3500,0,0,0,0,0,0,0,0,0,0,0,0,0,0,0,0
358.31,0,1,1,1,0,16887,0.18673534285406077,24,3500,21038,0,54109,27371,64182,0,29098,31398,35518,0,601,6224,24615,0,17323,30129
358.33,1,1,0,1,1,14051,0.19311434769637853,22,3500,0,0,0,0,0,0,0,0,0,0,0,0,0,0,0,0
358.347,0,1,1,1,0,16856,0.1866068699659603,24,3500,21038,0,54109,27371,64182,0,29098,31398,35518,0,601,6224,24615,0,17323,30129
358.367,1,1,0,1,1,14000,0.1931838633003009,22,3500,0,0,0,0,0,0,0,0,0,0,0,0,0,0,0,0
358.384,0,1,1,1,0,16842,0.18679957929811103,24,3500,21038,0,54109,27371,64182,0,29098,31398,35518,0,601,6224,24615,0,17323,30129
358.404,1,1,0,1,1,14063,0.1932533789042233,22,3500,0,0,0,0,0,0,0,0,0,0,0,0,0,0,0,0
358.421,0,1,1,1,0,16843,0.18673534285406077,24,3500,21038,0,54109,27371,64182,0,29098,31398,35518,0,601,6224,24615,0,17323,30129
358.441,1,1,0,1,1,14011,0.1931838633003009,22,3500,0,0,0,0,0,0,0,0,0,0,0,0,0,0,0,0
358.458,0,1,1,1,0,16814,0.18673534285406077,24,3500,21038,0,54109,27371,64182,0,29098,31398,35518,0,601,6224,24615,0,17323,30129
358.478,1,1,0,1,1,14043,0.1932533789042233,22,3500,0,0,0,0,0,0,0,0,0,0,0,0,0,0,0,0
358.495,0,1,1,1,0,16824,0.18667110641001053,24,3500,21038,0,54109,27371,64182,0,29098,31398,35518,0,601,6224,24615,0,17323,30129
358.515,1,1,0,1,1,14027,0.1931838633003009,22,3500,0,0,0,0,0,0,0,0,0,0,0,0,0,0,0,0
358.532,0,1,1,1,0,16854,0.18673534285406077,24,3500,21038,0,54109,27371,64182,0,29098,31398,35518,0,601,6224,24615,0,17323,30129
358.552,1,1,0,1,1,13972,0.19311434769637853,22,3500,0,0,0,0,0,0,0,0,0,0,0,0,0,0,0,0
358.569,0,1,1,1,0,16814,0.18667110641001053,24,3500,21038,0,54109,27371,64182,0,29098,31398,35518,0,601,6224,24615,0,17323,30129
358.589,1,1,0,1,1,14011,0.1931838633003009,22,3500,0,0,0,0,0,0,0,0,0,0,0,0,0,0,0,0
358.606,0,1,1,1,0,16808,0.18654263352191003,24,3500,21038,0,54109,27371,64182,0,29098,31398,35518,0,601,6224,24615,0,17323,30129
358.626,1,1,0,1,1,13981,0.19311434769637853,22,3500,0,0,0,0,0,0,0,0,0,0,0,0,0,0,0,0
358.643,0,1,1,1,0,16841,0.18654263352191003,24,3500,21038,0,54109,27371,64182,0,29098,31398,35518,0,601,6224,24615,0,17323,30129
358.663,1,1,0,1,1,14043,0.1931838633003009,22,3500,0,0,0,0,0,0,0,0,0,0,0,0,0,0,0,0
358.68,0,1,1,1,0,16840,0.18673534285406077,24,3500,21038,0,54109,27371,64182,0,29098,31398,35518,0,601,6224,24615,0,17323,30129
358.7,1,1,0,1,1,14082,0.1931838633003009,22,3500,0,0,0,0,0,0,0,0,0,0,0,0,0,0,0,0
358.717,0,1,1,1,0,16843,0.18667110641001053,24,3500,21038,0,54109,27371,64182,0,29098,31398,35518,0,601,6224,24615,0,17323,30129
358.737,1,1,0,1,1,14209,0.1932533789042233,22,3500,0,0,0,0,0,0,0,0,0,0,0,0,0,0,0,0
358.754,0,1,1,1,0,16885,0.18667110641001053,24,3500,21038,0,54109,27371,64182,0,29098,31398,35518,0,601,6224,24615,0,17323,30129
358.774,1,1,0,1,1,14179,0.1931838633003009,22,3500,0,0,0,0,0,0,0,0,0,0,0,0,0,0,0,0
358.791,0,1,1,1,0,16871,0.18673534285406077,24,3500,21038,0,54109,27371,64182,0,29098,31398,35518,0,601,6224,24615,0,17323,30129
358.811,1,1,0,1,1,14223,0.1931838633003009,22,3500,0,0,0,0,0,0,0,0,0,0,0,0,0,0,0,0
358.828,0,1,1,1,0,16889,0.18673534285406077,24,3500,21038,0,54109,27371,64182,0,29098,31398,35518,0,601,6224,24615,0,17323,30129
358.848,1,1,0,1,1,14277,0.1931838633003009,22,3500,0,0,0,0,0,0,0,0,0,0,0,0,0,0,0,0
358.865,0,1,1,1,0,16889,0.18686381574216127,24,3500,21038,0,54109,27371,64182,0,29098,31398,35518,0,601,6224,24615,0,17323,30129
358.885,1,1,0,1,1,14312,0.1932533789042233,22,3500,0,0,0,0,0,0,0,0,0,0,0,0,0,0,0,0
358.902,0,1,1,1,0,16889,0.18679957929811103,24,3500,21038,0,54109,27371,64182,0,29098,31398,35518,0,601,6224,24615,0,17323,30129
358.922,1,1,0,1,1,14259,0.1931838633003009,22,3500,0,0,0,0,0,0,0,0,0,0,0,0,0,0,0,0
358.939,0,1,1,1,0,16889,0.18673534285406077,24,3500,21038,0,54109,27371,64182,0,29098,31398,35518,0,601,6224,24615,0,17323,30129
358.959,1,1,0,1,1,14259,0.19304483209245615,22,3500,0,0,0,0,0,0,0,0,0,0,0,0,0,0,0,0
358.976,0,1,1,1,0,16905,0.18667110641001053,24,3500,21038,0,54109,27371,64182,0,29098,31398,35518,0,601,6224,24615,0,17323,30129
358.996,1,1,0,1,1,14242,0.19304483209245615,22,3500,0,0,0,0,0,0,0,0,0,0,0,0,0,0,0,0
359.013,0,1,1,1,0,16889,0.18667110641001053,24,3500,21038,0,54109,27371,64182,0,29098,31398,35518,0,601,6224,24615,0,17323,30129
359.033,1,1,0,1,1,14259,0.19311434769637853,22,3500,0,0,0,0,0,0,0,0,0,0,0,0,0,0,0,0
359.05,0,1,1,1,0,16910,0.18667110641001053,24,3500,21038,0,54109,27371,64182,0,29098,31398,35518,0,601,6224,24615,0,17323,30129
359.07,1,1,0,1,1,14220,0.19304483209245615,22,3500,0,0,0,0,0,0,0,0,0,0,0,0,0,0,0,0
359.087,0,1,1,1,0,16889,0.18667110641001053,24,3500,21038,0,54109,27371,64182,0,29098,31398,35518,0,601,6224,24615,0,17323,30129
359.107,1,1,0,1,1,14230,0.19304483209245615,22,3500,0,0,0,0,0,0,0,0,0,0,0,0,0,0,0,0
359.124,0,1,1,1,0,16910,0.18679957929811103,24,3500,21038,0,54109,27371,64182,0,29098,31398,35518,0,601,6224,24615,0,17323,30129
359.144,1,1,0,1,1,14153,0.19304483209245615,22,3500,0,0,0,0,0,0,0,0,0,0,0,0,0,0,0,0
359.161,0,1,1,1,0,16889,0.18679957929811103,24,3500,21038,0,54109,27371,64182,0,29098,31398,35518,0,601,6224,24615,0,17323,30129
359.181,1,1,0,1,1,14117,0.19297531648853378,22,3500,0,0,0,0,0,0,0,0,0,0,0,0,0,0,0,0
359.198,0,1,1,1,0,16905,0.18679957929811103,24,3500,21038,0,54109,27371,64182,0,29098,31398,35518,0,601,6224,24615,0,17323,30129
359.218,1,1,0,1,1,14105,0.19304483209245615,22,3500,0,0,0,0,0,0,0,0,0,0,0,0,0,0,0,0
359.235,0,1,1,1,0,16890,0.18673534285406077,24,3500,21038,0,54109,27371,64182,0,29098,31398,35518,0,601,6224,24615,0,17323,30129
359.255,1,1,0,1,1,14057,0.19297531648853378,22,3500,0,0,0,0,0,0,0,0,0,0,0,0,0,0,0,0
359.272,0,1,1,1,0,16906,0.18673534285406077,24,3500,21038,0,54109,27371,64182,0,29098,31398,35518,0,601,6224,24615,0,17323,30129
359.292,1,1,0,1,1,14050,0.19304483209245615,22,3500,0,0,0,0,0,0,0,0,0,0,0,0,0,0,0,0
359.309,0,1,1,1,0,16906,0.18673534285406077,24,3500,21038,0,54109,27371,64182,0,29098,31398,35518,0,601,6224,24615,0,17323,30129
359.329,1,1,0,1,1,14009,0.19304483209245615,22,3500,0,0,0,0,0,0,0,0,0,0,0,0,0,0,0,0
359.346,0,1,1,1,0,16906,0.1866068699659603,24,3500,21038,0,54109,27371,64182,0,29098,31398,35518,0,601,6224,24615,0,17323,30129
359.366,1,1,0,1,1,13968,0.19297531648853378,22,3500,0,0,0,0,0,0,0,0,0,0,0,0,0,0,0,0
359.383,0,1,1,1,0,16905,0.1866068699659603,24,3500,21038,0,54109,27371,64182,0,29098,31398,35518,0,601,6224,24615,0,17323,30129
359.403,1,1,0,1,1,13931,0.19304483209245615,22,3500,0,0,0,0,0,0,0,0,0,0,0,0,0,0,0,0
359.42,0,1,1,1,0,16885,0.18667110641001053,24,3500,21038,0,54109,27371,64182,0,29098,31398,35518,0,601,6224,24615,0,17323,30129
359.44,1,1,0,1,1,13855,0.19297531648853378,22,3500,0,0,0,0,0,0,0,0,0,0,0,0,0,0,0,0
359.457,0,1,1,1,0,16890,0.18679957929811103,24,3500,21038,0,54109,27371,64182,0,29098,31398,35518,0,601,6224,24615,0,17323,30129
359.477,1,1,0,1,1,13863,0.19297531648853378,22,3500,0,0,0,0,0,0,0,0,0,0,0,0,0,0,0,0
359.494,0,1,1,1,0,16907,0.1866068699659603,24,3500,21038,0,54109,27371,64182,0,29098,31398,35518,0,601,6224,24615,0,17323,30129
359.514,1,1,0,1,1,13908,0.19311434769637853,22,3500,0,0,0,0,0,0,0,0,0,0,0,0,0,0,0,0
359.531,0,1,1,1,0,16889,0.18667110641001053,24,3500,21038,0,54109,27371,64182,0,29098,31398,35518,0,601,6224,24615,0,17323,30129
359.551,1,1,0,1,1,13867,0.19297531648853378,22,3500,0,0,0,0,0,0,0,0,0,0,0,0,0,0,0,0
359.568,0,1,1,1,0,16890,0.18654263352191003,24,3500,21038,0,54109,27371,64182,0,29098,31398,35518,0,601,6224,24615,0,17323,30129
359.588,1,1,0,1,1,13856,0.19304483209245615,22,3500,0,0,0,0,0,0,0,0,0,0,0,0,0,0,0,0
359.605,0,1,1,1,0,16845,0.18654263352191003,23,3500,21038,0,54109,27371,64182,0,29098,31398,35518,0,601,6224,24615,0,17323,30129
359.625,1,1,0,1,1,13897,0.19304483209245615,22,3500,0,0,0,0,0,0,0,0,0,0,0,0,0,0,0,0
359.642,0,1,1,1,0,16843,0.18654263352191003,24,3500,21038,0,54109,27371,64182,0,29098,31398,35518,0,601,6224,24615,0,17323,30129
359.662,1,1,0,1,1,13824,0.19304483209245615,22,3500,0,0,0,0,0,0,0,0,0,0,0,0,0,0,0,0
359.679,0,1,1,1,0,16842,0.18654263352191003,24,3500,21038,0,54109,27371,64182,0,29098,31398,35518,0,601,6224,24615,0,17323,30129
359.699,1,1,0,1,1,13825,0.19304483209245615,22,3500,0,0,0,0,0,0,0,0,0,0,0,0,0,0,0,0
359.716,0,1,1,1,0,16739,0.1864783970778598,24,3500,21038,0,54109,27371,64182,0,29098,31398,35518,0,601,6224,24615,0,17323,30129
359.736,1,1,0,1,1,13859,0.19304483209245615,22,3500,0,0,0,0,0,0,0,0,0,0,0,0,0,0,0,0
359.753,0,1,1,1,0,16869,0.18673534285406077,24,3500,21038,0,54109,27371,64182,0,29098,31398,35518,0,601,6224,24615,0,17323,30129
359.773,1,1,0,1,1,13850,0.19311434769637853,22,3500,0,0,0,0,0,0,0,0,0,0,0,0,0,0,0,0
359.79,0,1,1,1,0,16847,0.18654263352191003,23,3500,21038,0,54109,27371,64182,0,29098,31398,35518,0,601,6224,24615,0,17323,30129
359.81,1,1,0,1,1,13883,0.1931838633003009,22,3500,0,0,0,0,0,0,0,0,0,0,0,0,0,0,0,0
359.827,0,1,1,1,0,16842,0.18654263352191003,24,3500,21038,0,54109,27371,64182,0,29098,31398,35518,0,601,6224,24615,0,17323,30129
359.846,1,1,0,1,1,13866,0.19311434769637853,22,3500,0,0,0,0,0,0,0,0,0,0,0,0,0,0,0,0
359.864,0,1,1,1,0,16890,0.18654263352191003,24,3500,21038,0,54109,27371,64182,0,29098,31398,35518,0,601,6224,24615,0,17323,30129
359.883,1,1,0,1,1,13815,0.19311434769637853,22,3500,0,0,0,0,0,0,0,0,0,0,0,0,0,0,0,0
359.901,0,1,1,1,0,16839,0.1866068699659603,24,3500,21038,0,54109,27371,64182,0,29098,31398,35518,0,601,6224,24615,0,17323,30129
359.92,1,1,0,1,1,13798,0.19304483209245615,22,3500,0,0,0,0,0,0,0,0,0,0,0,0,0,0,0,0
359.938,0,1,1,1,0,16810,0.1866068699659603,24,3500,21038,0,54109,27371,64182,0,29098,31398,35518,0,601,6224,24615,0,17323,30129
359.957,1,1,0,1,1,13856,0.19311434769637853,22,3500,0,0,0,0,0,0,0,0,0,0,0,0,0,0,0,0
359.975,0,1,1,1,0,16882,0.18667110641001053,23,3500,21038,0,54109,27371,64182,0,29098,31398,35518,0,601,6224,24615,0,17323,30129
359.994,1,1,0,1,1,13845,0.19311434769637853,22,3500,0,0,0,0,0,0,0,0,0,0,0,0,0,0,0,0
360.012,0,1,1,1,0,16810,0.18654263352191003,24,3500,21038,0,54109,27371,64182,0,29098,31398,35518,0,601,6224,24615,0,17323,30129
360.031,1,1,0,1,1,13890,0.1931838633003009,22,3500,0,0,0,0,0,0,0,0,0,0,0,0,0,0,0,0
360.049,0,1,1,1,0,16867,0.1866068699659603,24,3500,21038,0,54109,27371,64182,0,29098,31398,35518,0,601,6224,24615,0,17323,30129
360.068,1,1,0,1,1,13926,0.1932533789042233,22,3500,0,0,0,0,0,0,0,0,0,0,0,0,0,0,0,0
360.086,0,1,1,1,0,16810,0.1866068699659603,24,3500,21038,0,54109,27371,64182,0,29098,31398,35518,0,601,6224,24615,0,17323,30129
360.105,1,1,0,1,1,13921,0.1932533789042233,22,3500,0,0,0,0,0,0,0,0,0,0,0,0,0,0,0,0
360.123,0,1,1,1,0,16843,0.18667110641001053,24,3500,21038,0,54109,27371,64182,0,29098,31398,35518,0,601,6224,24615,0,17323,30129
360.142,1,1,0,1,1,13956,0.1932533789042233,22,3500,0,0,0,0,0,0,0,0,0,0,0,0,0,0,0,0
360.16,0,1,1,1,0,16739,0.1864783970778598,24,3500,21038,0,54109,27371,64182,0,29098,31398,35518,0,601,6224,24615,0,17323,30129
360.179,1,1,0,1,1,13954,0.1933228945081457,22,3500,0,0,0,0,0,0,0,0,0,0,0,0,0,0,0,0
360.197,0,1,1,1,0,16702,0.1864783970778598,24,3500,21038,0,54109,27371,64182,0,29098,31398,35518,0,601,6224,24615,0,17323,30129
360.216,1,1,0,1,1,13987,0.1933228945081457,22,3500,0,0,0,0,0,0,0,0,0,0,0,0,0,0,0,0
360.234,0,1,1,1,0,16889,0.1864783970778598,24,3500,21038,0,54109,27371,64182,0,29098,31398,35518,0,601,6224,24615,0,17323,30129
360.253,1,1,0,1,1,13976,0.19339241011206806,22,3500,0,0,0,0,0,0,0,0,0,0,0,0,0,0,0,0
360.271,0,1,1,1,0,16840,0.1864783970778598,24,3500,21038,0,54109,27371,64182,0,29098,31398,35518,0,601,6224,24615,0,17323,30129
360.29,1,1,0,1,1,13992,0.19339241011206806,22,3500,0,0,0,0,0,0,0,0,0,0,0,0,0,0,0,0
360.308,0,1,1,1,0,16810,0.1866068699659603,24,3500,21038,0,54109,27371,64182,0,29098,31398,35518,0,601,6224,24615,0,17323,30129
360.327,1,1,0,1,1,13995,0.1933228945081457,22,3500,0,0,0,0,0,0,0,0,0,0,0,0,0,0,0,0
360.345,0,1,1,1,0,16869,0.18679957929811103,24,3500,21038,0,54109,27371,64182,0,29098,31398,35518,0,601,6224,24615,0,17323,30129
360.364,1,1,0,1,1,13986,0.1932533789042233,22,3500,0,0,0,0,0,0,0,0,0,0,0,0,0,0,0,0
360.382,0,1,1,1,0,16810,0.18667110641001053,24,3500,21038,0,54109,27371,64182,0,29098,31398,35518,0,601,6224,24615,0,17323,30129
360.401,1,1,0,1,1,14067,0.19339241011206806,22,3500,0,0,0,0,0,0,0,0,0,0,0,0,0,0,0,0
360.419,0,1,1,1,0,16810,0.1866068699659603,24,3500,21038,0,54109,27371,64182,0,29098,31398,35518,0,601,6224,24615,0,17323,30129
360.438,1,1,0,1,1,14044,0.1933228945081457,22,3500,0,0,0,0,0,0,0,0,0,0,0,0,0,0,0,0
360.456,0,1,1,1,0,16842,0.18654263352191003,24,3500,21038,0,54109,27371,64182,0,29098,31398,35518,0,601,6224,24615,0,17323,30129
360.475,1,1,0,1,1,14135,0.19339241011206806,22,3500,0,0,0,0,0,0,0,0,0,0,0,0,0,0,0,0
360.493,0,1,1,1,0,16843,0.1866068699659603,24,3500,21038,0,54109,27371,64182,0,29098,31398,35518,0,601,6224,24615,0,17323,30129
360.512,1,1,0,1,1,14072,0.1932533789042233,22,3500,0,0,0,0,0,0,0,0,0,0,0,0,0,0,0,0
360.53,0,1,1,1,0,16834,0.18654263352191003,23,3500,21038,0,54109,27371,64182,0,29098,31398,35518,0,601,6224,24615,0,17323,30129
360.549,1,1,0,1,1,14108,0.1933228945081457,22,3500,0,0,0,0,0,0,0,0,0,0,0,0,0,0,0,0
360.567,0,1,1,1,0,16825,0.18654263352191003,24,3500,21038,0,54109,27371,64182,0,29098,31398,35518,0,601,6224,24615,0,17323,30129
360.586,1,1,0,1,1,14091,0.1931838633003009,22,3500,0,0,0,0,0,0,0,0,0,0,0,0,0,0,0,0
360.604,0,1,1,1,0,16825,0.18654263352191003,24,3500,21038,0,54109,27371,64182,0,29098,31398,35518,0,601,6224,24615,0,17323,30129
360.623,1,1,0,1,1,14136,0.1932533789042233,22,3500,0,0,0,0,0,0,0,0,0,0,0,0,0,0,0,0
360.641,0,1,1,1,0,16885,0.1864783970778598,24,3500,21038,0,54109,27371,64182,0,29098,31398,35518,0,601,6224,24615,0,17323,30129
360.66,1,1,0,1,1,14137,0.1932533789042233,22,3500,0,0,0,0,0,0,0,0,0,0,0,0,0,0,0,0
360.678,0,1,1,1,0,16889,0.18667110641001053,24,3500,21038,0,54109,27371,64182,0,29098,31398,35518,0,601,6224,24615,0,17323,30129
360.697,1,1,0,1,1,14138,0.1932533789042233,22,3500,0,0,0,0,0,0,0,0,0,0,0,0,0,0,0,0
360.715,0,1,1,1,0,16889,0.18667110641001053,24,3500,21038,0,54109,27371,64182,0,29098,31398,35518,0,601,6224,24615,0,17323,30129
360.734,1,1,0,1,1,14172,0.1933228945081457,22,3500,0,0,0,0,0,0,0,0,0,0,0,0,0,0,0,0
360.752,0,1,1,1,0,16809,0.1866068699659603,23,3500,21038,0,54109,27371,64182,0,29098,31398,35518,0,601,6224,24615,0,17323,30129
360.771,1,1,0,1,1,14152,0.19311434769637853,22,3500,0,0,0,0,0,0,0,0,0,0,0,0,0,0,0,0
360.789,0,1,1,1,0,16840,0.18667110641001053,24,3500,21038,0,54109,27371,64182,0,29098,31398,35518,0,601,6224,24615,0,17323,30129
360.808,1,1,0,1,1,14162,0.1932533789042233,22,3500,0,0,0,0,0,0,0,0,0,0,0,0,0,0,0,0
360.826,0,1,1,1,0,16901,0.1866068699659603,24,3500,21038,0,54109,27371,64182,0,29098,31398,35518,0,601,6224,24615,0,17323,30129
360.845,1,1,0,1,1,14140,0.19311434769637853,22,3500,0,0,0,0,0,0,0,0,0,0,0,0,0,0,0,0
