time[s],SensorID,event,mask,tL.num_valid_targets,tL.reserved,tL.targets[0].amplitude,tL.targets[0].range,tL.targets[0].reserved[0],tL.targets[0].reserved[1],tL.targets[1].amplitude,tL.targets[1].range,tL.targets[1].reserved[0],tL.targets[1].reserved[1],tL.targets[2].amplitude,tL.targets[2].range,tL.targets[2].reserved[0],tL.targets[2].reserved[1],tL.targets[3].amplitude,tL.targets[3].range,tL.targets[3].reserved[0],tL.targets[3].reserved[1],tL.targets[4].amplitude,tL.targets[4].range,tL.targets[4].reserved[0],tL.targets[4].reserved[1]
319.991,0,1,1,1,1,17167,0.16187583900661615,21,10000,21038,0,54109,27371,64182,0,29098,31398,35518,0,601,6224,24615,0,17323,30129
320.011,1,1,0,1,1,15983,0.170660807629449,21,10000,0,0,0,0,0,0,0,0,0,0,0,0,0,0,0,0
320.028,0,1,1,1,1,17124,0.16187583900661615,21,10000,21038,0,54109,27371,64182,0,29098,31398,35518,0,601,6224,24615,0,17323,30129
320.048,1,1,0,1,1,15815,0.17059129202552661,21,10000,0,0,0,0,0,0,0,0,0,0,0,0,0,0,0,0
320.065,0,1,1,1,1,17121,0.1618116025625659,21,10000,21038,0,54109,27371,64182,0,29098,31398,35518,0,601,6224,24615,0,17323,30129
320.085,1,1,0,1,1,15918,0.17079983883729374,21,10000,0,0,0,0,0,0,0,0,0,0,0,0,0,0,0,0
320.102,0,1,1,1,1,17121,0.16174736611851567,21,10000,21038,0,54109,27371,64182,0,29098,31398,35518,0,601,6224,24615,0,17323,30129
320.122,1,1,0,1,1,15811,0.17052177642160424,21,10000,0,0,0,0,0,0,0,0,0,0,0,0,0,0,0,0
320.139,0,1,1,1,1,17124,0.1618116025625659,21,10000,21038,0,54109,27371,64182,0,29098,31398,35518,0,601,6224,24615,0,17323,30129
320.159,1,1,0,1,1,15900,0.17079983883729374,21,10000,0,0,0,0,0,0,0,0,0,0,0,0,0,0,0,0
320.176,0,1,1,1,1,17163,0.16194007545066638,21,10000,21038,0,54109,27371,64182,0,29098,31398,35518,0,601,6224,24615,0,17323,30129
320.196,1,1,0,1,1,15906,0.17045226081768183,21,10000,0,0,0,0,0,0,0,0,0,0,0,0,0,0,0,0
320.213,0,1,1,1,1,17167,0.1618116025625659,21,10000,21038,0,54109,27371,64182,0,29098,31398,35518,0,601,6224,24615,0,17323,30129
320.233,1,1,0,1,1,15878,0.1702437140059147,21,10000,0,0,0,0,0,0,0,0,0,0,0,0,0,0,0,0
320.25,0,1,1,1,1,17167,0.16174736611851567,21,10000,21038,0,54109,27371,64182,0,29098,31398,35518,0,601,6224,24615,0,17323,30129
320.27,1,1,0,1,1,15920,0.1702437140059147,21,10000,0,0,0,0,0,0,0,0,0,0,0,0,0,0,0,0
320.287,0,1,1,1,1,17169,0.16187583900661615,21,10000,21038,0,54109,27371,64182,0,29098,31398,35518,0,601,6224,24615,0,17323,30129
320.307,1,1,0,1,1,15952,0.17010468279806992,21,10000,0,0,0,0,0,0,0,0,0,0,0,0,0,0,0,0
320.324,0,1,1,1,1,17124,0.16174736611851567,21,10000,21038,0,54109,27371,64182,0,29098,31398,35518,0,601,6224,24615,0,17323,30129
320.344,1,1,0,1,1,15866,0.1698961359863028,21,10000,0,0,0,0,0,0,0,0,0,0,0,0,0,0,0,0
320.361,0,1,1,1,1,17124,0.16187583900661615,21,10000,21038,0,54109,27371,64182,0,29098,31398,35518,0,601,6224,24615,0,17323,30129
320.381,1,1,0,1,1,15858,0.169757104778458,21,10000,0,0,0,0,0,0,0,0,0,0,0,0,0,0,0,0
320.398,0,1,1,1,1,17124,0.16200431189471665,21,10000,21038,0,54109,27371,64182,0,29098,31398,35518,0,601,6224,24615,0,17323,30129
320.418,1,1,0,1,1,15766,0.16968758917453564,21,10000,0,0,0,0,0,0,0,0,0,0,0,0,0,0,0,0
320.435,0,1,1,1,1,17121,0.16187583900661615,21,10000,21038,0,54109,27371,64182,0,29098,31398,35518,0,601,6224,24615,0,17323,30129
320.455,1,1,0,1,1,15948,0.17003516719414755,21,10000,0,0,0,0,0,0,0,0,0,0,0,0,0,0,0,0
320.472,0,1,1,1,1,17124,0.16187583900661615,21,10000,21038,0,54109,27371,64182,0,29098,31398,35518,0,601,6224,24615,0,17323,30129
320.492,1,1,0,1,1,15805,0.16934001115492373,21,10000,0,0,0,0,0,0,0,0,0,0,0,0,0,0,0,0
320.509,0,1,1,1,1,17163,0.16200431189471665,21,10000,21038,0,54109,27371,64182,0,29098,31398,35518,0,601,6224,24615,0,17323,30129
320.529,1,1,0,1,1,15761,0.1694095267588461,21,10000,0,0,0,0,0,0,0,0,0,0,0,0,0,0,0,0
320.546,0,1,1,1,1,17166,0.16200431189471665,21,10000,21038,0,54109,27371,64182,0,29098,31398,35518,0,601,6224,24615,0,17323,30129
320.566,1,1,0,1,1,15763,0.16920097994707897,21,10000,0,0,0,0,0,0,0,0,0,0,0,0,0,0,0,0
320.583,0,1,1,1,1,17122,0.16194007545066638,21,10000,21038,0,54109,27371,64182,0,29098,31398,35518,0,601,6224,24615,0,17323,30129
320.603,1,1,0,1,1,15839,0.16927049555100135,21,10000,0,0,0,0,0,0,0,0,0,0,0,0,0,0,0,0
320.62,0,1,1,1,1,17123,0.16194007545066638,21,10000,21038,0,54109,27371,64182,0,29098,31398,35518,0,601,6224,24615,0,17323,30129
320.64,1,1,0,1,1,15792,0.16913146434315657,21,10000,0,0,0,0,0,0,0,0,0,0,0,0,0,0,0,0
320.657,0,1,1,1,1,17123,0.16213278478281712,21,10000,21038,0,54109,27371,64182,0,29098,31398,35518,0,601,6224,24615,0,17323,30129
320.677,1,1,0,1,1,15782,0.16739357424509702,21,10000,0,0,0,0,0,0,0,0,0,0,0,0,0,0,0,0
320.694,0,1,1,1,1,17121,0.16194007545066638,21,10000,21038,0,54109,27371,64182,0,29098,31398,35518,0,601,6224,24615,0,17323,30129
320.714,1,1,0,1,1,15605,0.16739357424509702,21,10000,0,0,0,0,0,0,0,0,0,0,0,0,0,0,0,0
320.731,0,1,1,1,1,17066,0.16200431189471665,21,10000,21038,0,54109,27371,64182,0,29098,31398,35518,0,601,6224,24615,0,17323,30129
320.751,1,1,0,1,1,15774,0.1690619487392342,21,10000,0,0,0,0,0,0,0,0,0,0,0,0,0,0,0,0
320.768,0,1,1,1,1,17122,0.16206854833876688,21,10000,21038,0,54109,27371,64182,0,29098,31398,35518,0,601,6224,24615,0,17323,30129
320.788,1,1,0,1,1,15859,0.1690619487392342,21,10000,0,0,0,0,0,0,0,0,0,0,0,0,0,0,0,0
320.805,0,1,1,1,1,17123,0.16194007545066638,21,10000,21038,0,54109,27371,64182,0,29098,31398,35518,0,601,6224,24615,0,17323,30129
320.825,1,1,0,1,1,15863,0.1674630898490194,21,10000,0,0,0,0,0,0,0,0,0,0,0,0,0,0,0,0
320.842,0,1,1,1,1,17124,0.16213278478281712,21,10000,21038,0,54109,27371,64182,0,29098,31398,35518,0,601,6224,24615,0,17323,30129
320.862,1,1,0,1,1,15895,0.1690619487392342,21,10000,0,0,0,0,0,0,0,0,0,0,0,0,0,0,0,0
320.879,0,1,1,1,1,17124,0.16206854833876688,21,10000,21038,0,54109,27371,64182,0,29098,31398,35518,0,601,6224,24615,0,17323,30129
320.899,1,1,0,1,1,15842,0.16002492022932446,21,10000,0,0,0,0,0,0,0,0,0,0,0,0,0,0,0,0
320.916,0,1,1,1,1,17121,0.16206854833876688,21,10000,21038,0,54109,27371,64182,0,29098,31398,35518,0,601,6224,24615,0,17323,30129
320.936,1,1,0,1,1,15821,0.16002492022932446,21,10000,0,0,0,0,0,0,0,0,0,0,0,0,0,0,0,0
320.953,0,1,1,1,1,17123,0.16206854833876688,21,10000,21038,0,54109,27371,64182,0,29098,31398,35518,0,601,6224,24615,0,17323,30129
320.973,1,1,0,1,1,15808,0.16002492022932446,21,10000,0,0,0,0,0,0,0,0,0,0,0,0,0,0,0,0
320.99,0,1,1,1,1,17124,0.16213278478281712,21,10000,21038,0,54109,27371,64182,0,29098,31398,35518,0,601,6224,24615,0,17323,30129
321.01,1,1,0,1,1,15731,0.1599554046254021,21,10000,0,0,0,0,0,0,0,0,0,0,0,0,0,0,0,0
321.027,0,1,1,1,1,17124,0.16232549411496786,21,10000,21038,0,54109,27371,64182,0,29098,31398,35518,0,601,6224,24615,0,17323,30129
321.047,1,1,0,1,1,15921,0.16002492022932446,21,10000,0,0,0,0,0,0,0,0,0,0,0,0,0,0,0,0
321.064,0,1,1,1,1,17124,0.16213278478281712,21,10000,21038,0,54109,27371,64182,0,29098,31398,35518,0,601,6224,24615,0,17323,30129
321.084,1,1,0,1,1,15961,0.16009443583324687,21,10000,0,0,0,0,0,0,0,0,0,0,0,0,0,0,0,0
321.101,0,1,1,1,1,17167,0.16194007545066638,21,10000,21038,0,54109,27371,64182,0,29098,31398,35518,0,601,6224,24615,0,17323,30129
321.121,1,1,0,1,1,15829,0.16002492022932446,21,10000,0,0,0,0,0,0,0,0,0,0,0,0,0,0,0,0
321.138,0,1,1,1,1,17066,0.16206854833876688,21,10000,21038,0,54109,27371,64182,0,29098,31398,35518,0,601,6224,24615,0,17323,30129
321.158,1,1,0,1,1,16000,0.16009443583324687,21,10000,0,0,0,0,0,0,0,0,0,0,0,0,0,0,0,0
321.175,0,1,1,1,1,17124,0.16200431189471665,21,10000,21038,0,54109,27371,64182,0,29098,31398,35518,0,601,6224,24615,0,17323,30129
321.195,1,1,0,1,1,15887,0.16002492022932446,21,10000,0,0,0,0,0,0,0,0,0,0,0,0,0,0,0,0
321.212,0,1,1,1,1,17063,0.16194007545066638,21,10000,21038,0,54109,27371,64182,0,29098,31398,35518,0,601,6224,24615,0,17323,30129
321.232,1,1,0,1,1,15682,0.1599554046254021,21,10000,0,0,0,0,0,0,0,0,0,0,0,0,0,0,0,0
321.249,0,1,1,1,1,17063,0.16200431189471665,21,10000,21038,0,54109,27371,64182,0,29098,31398,35518,0,601,6224,24615,0,17323,30129
321.269,1,1,0,1,1,16053,0.16009443583324687,21,10000,0,0,0,0,0,0,0,0,0,0,0,0,0,0,0,0
321.286,0,1,1,1,1,17061,0.16206854833876688,21,10000,21038,0,54109,27371,64182,0,29098,31398,35518,0,601,6224,24615,0,17323,30129
321.306,1,1,0,1,1,16042,0.16009443583324687,21,10000,0,0,0,0,0,0,0,0,0,0,0,0,0,0,0,0
321.323,0,1,1,1,1,16978,0.16213278478281712,21,10000,21038,0,54109,27371,64182,0,29098,31398,35518,0,601,6224,24615,0,17323,30129
321.343,1,1,0,1,1,15947,0.1599554046254021,21,10000,0,0,0,0,0,0,0,0,0,0,0,0,0,0,0,0
321.36,0,1,1,1,1,16977,0.16213278478281712,21,10000,21038,0,54109,27371,64182,0,29098,31398,35518,0,601,6224,24615,0,17323,30129
321.38,1,1,0,1,1,16029,0.16002492022932446,21,10000,0,0,0,0,0,0,0,0,0,0,0,0,0,0,0,0
321.397,0,1,1,1,1,16889,0.16194007545066638,21,10000,21038,0,54109,27371,64182,0,29098,31398,35518,0,601,6224,24615,0,17323,30129
321.417,1,1,0,1,1,15960,0.16002492022932446,21,10000,0,0,0,0,0,0,0,0,0,0,0,0,0,0,0,0
321.434,0,1,1,1,1,16977,0.16219702122686738,21,10000,21038,0,54109,27371,64182,0,29098,31398,35518,0,601,6224,24615,0,17323,30129
321.454,1,1,0,1,1,15857,0.1599554046254021,21,10000,0,0,0,0,0,0,0,0,0,0,0,0,0,0,0,0
321.471,0,1,1,1,1,16883,0.16219702122686738,22,10000,21038,0,54109,27371,64182,0,29098,31398,35518,0,601,6224,24615,0,17323,30129
321.491,1,1,0,1,1,15980,0.16002492022932446,21,10000,0,0,0,0,0,0,0,0,0,0,0,0,0,0,0,0
321.508,0,1,1,1,1,16883,0.16226125767091762,22,10000,21038,0,54109,27371,64182,0,29098,31398,35518,0,601,6224,24615,0,17323,30129
321.528,1,1,0,1,1,15925,0.16009443583324687,21,10000,0,0,0,0,0,0,0,0,0,0,0,0,0,0,0,0
321.545,0,1,1,1,1,16890,0.16219702122686738,21,10000,21038,0,54109,27371,64182,0,29098,31398,35518,0,601,6224,24615,0,17323,30129
321.565,1,1,0,1,1,15842,0.16002492022932446,21,10000,0,0,0,0,0,0,0,0,0,0,0,0,0,0,0,0
321.582,0,1,1,1,1,16907,0.16206854833876688,22,10000,21038,0,54109,27371,64182,0,29098,31398,35518,0,601,6224,24615,0,17323,30129
321.601,1,1,0,1,1,15843,0.16002492022932446,21,10000,0,0,0,0,0,0,0,0,0,0,0,0,0,0,0,0
321.619,0,1,1,1,1,16922,0.16213278478281712,22,10000,21038,0,54109,27371,64182,0,29098,31398,35518,0,601,6224,24615,0,17323,30129
321.638,1,1,0,1,1,15667,0.16002492022932446,20,10000,0,0,0,0,0,0,0,0,0,0,0,0,0,0,0,0
321.656,0,1,1,1,1,16946,0.16206854833876688,22,10000,21038,0,54109,27371,64182,0,29098,31398,35518,0,601,6224,24615,0,17323,30129
321.675,1,1,0,1,1,15757,0.16009443583324687,21,10000,0,0,0,0,0,0,0,0,0,0,0,0,0,0,0,0
321.693,0,1,1,1,1,16949,0.16206854833876688,22,10000,21038,0,54109,27371,64182,0,29098,31398,35518,0,601,6224,24615,0,17323,30129
321.712,1,1,0,1,1,15607,0.1599554046254021,21,10000,0,0,0,0,0,0,0,0,0,0,0,0,0,0,0,0
321.73,0,1,1,1,1,16949,0.16206854833876688,22,10000,21038,0,54109,27371,64182,0,29098,31398,35518,0,601,6224,24615,0,17323,30129
321.749,1,1,0,1,1,15682,0.16002492022932446,21,10000,0,0,0,0,0,0,0,0,0,0,0,0,0,0,0,0
321.767,0,1,1,1,1,16973,0.16206854833876688,22,10000,21038,0,54109,27371,64182,0,29098,31398,35518,0,601,6224,24615,0,17323,30129
321.786,1,1,0,1,1,15697,0.16009443583324687,21,10000,0,0,0,0,0,0,0,0,0,0,0,0,0,0,0,0
321.804,0,1,1,1,1,16946,0.16206854833876688,22,10000,21038,0,54109,27371,64182,0,29098,31398,35518,0,601,6224,24615,0,17323,30129
321.823,1,1,0,1,1,15562,0.1599554046254021,21,10000,0,0,0,0,0,0,0,0,0,0,0,0,0,0,0,0
321.841,0,1,1,1,1,17001,0.16219702122686738,22,10000,21038,0,54109,27371,64182,0,29098,31398,35518,0,601,6224,24615,0,17323,30129
321.86,1,1,0,1,1,15588,0.1599554046254021,21,10000,0,0,0,0,0,0,0,0,0,0,0,0,0,0,0,0
321.878,0,1,1,1,1,16982,0.16213278478281712,22,10000,21038,0,54109,27371,64182,0,29098,31398,35518,0,601,6224,24615,0,17323,30129
321.897,1,1,0,1,1,15620,0.16009443583324687,21,10000,0,0,0,0,0,0,0,0,0,0,0,0,0,0,0,0
321.915,0,1,1,1,1,16973,0.16213278478281712,22,10000,21038,0,54109,27371,64182,0,29098,31398,35518,0,601,6224,24615,0,17323,30129
321.934,1,1,0,1,1,15869,0.16927049555100135,21,10000,0,0,0,0,0,0,0,0,0,0,0,0,0,0,0,0
321.952,0,1,1,1,1,17004,0.16213278478281712,22,10000,21038,0,54109,27371,64182,0,29098,31398,35518,0,601,6224,24615,0,17323,30129
321.971,1,1,0,1,1,15517,0.16002492022932446,20,10000,0,0,0,0,0,0,0,0,0,0,0,0,0,0,0,0
321.989,0,1,1,1,1,17004,0.16206854833876688,22,10000,21038,0,54109,27371,64182,0,29098,31398,35518,0,601,6224,24615,0,17323,30129
322.008,1,1,0,1,1,15615,0.16009443583324687,21,10000,0,0,0,0,0,0,0,0,0,0,0,0,0,0,0,0
322.026,0,1,1,1,1,17066,0.16200431189471665,21,10000,21038,0,54109,27371,64182,0,29098,31398,35518,0,601,6224,24615,0,17323,30129
322.045,1,1,0,1,1,15635,0.16009443583324687,20,10000,0,0,0,0,0,0,0,0,0,0,0,0,0,0,0,0
322.063,0,1,1,1,1,17017,0.16206854833876688,22,10000,21038,0,54109,27371,64182,0,29098,31398,35518,0,601,6224,24615,0,17323,30129
322.082,1,1,0,1,1,15542,0.16002492022932446,20,10000,0,0,0,0,0,0,0,0,0,0,0,0,0,0,0,0
322.1,0,1,1,1,1,17064,0.16219702122686738,21,10000,21038,0,54109,27371,64182,0,29098,31398,35518,0,601,6224,24615,0,17323,30129
322.119,1,1,0,1,1,15509,0.16002492022932446,20,10000,0,0,0,0,0,0,0,0,0,0,0,0,0,0,0,0
322.137,0,1,1,1,1,17063,0.16194007545066638,21,10000,21038,0,54109,27371,64182,0,29098,31398,35518,0,601,6224,24615,0,17323,30129
322.156,1,1,0,1,1,15426,0.1599554046254021,20,10000,0,0,0,0,0,0,0,0,0,0,0,0,0,0,0,0
322.174,0,1,1,1,1,17063,0.16206854833876688,21,10000,21038,0,54109,27371,64182,0,29098,31398,35518,0,601,6224,24615,0,17323,30129
322.193,1,1,0,1,1,15543,0.16002492022932446,21,10000,0,0,0,0,0,0,0,0,0,0,0,0,0,0,0,0
322.211,0,1,1,1,1,17053,0.16213278478281712,21,10000,21038,0,54109,27371,64182,0,29098,31398,35518,0,601,6224,24615,0,17323,30129
322.23,1,1,0,1,1,15618,0.16009443583324687,21,10000,0,0,0,0,0,0,0,0,0,0,0,0,0,0,0,0
322.248,0,1,1,1,1,17053,0.16213278478281712,21,10000,21038,0,54109,27371,64182,0,29098,31398,35518,0,601,6224,24615,0,17323,30129
322.267,1,1,0,1,1,15628,0.16732405864117464,21,10000,0,0,0,0,0,0,0,0,0,0,0,0,0,0,0,0
322.285,0,1,1,1,1,17063,0.16213278478281712,21,10000,21038,0,54109,27371,64182,0,29098,31398,35518,0,601,6224,24615,0,17323,30129
322.304,1,1,0,1,1,15593,0.16002492022932446,21,10000,0,0,0,0,0,0,0,0,0,0,0,0,0,0,0,0
322.322,0,1,1,1,1,17063,0.16226125767091762,21,10000,21038,0,54109,27371,64182,0,29098,31398,35518,0,601,6224,24615,0,17323,30129
322.341,1,1,0,1,1,15804,0.1690619487392342,21,10000,0,0,0,0,0,0,0,0,0,0,0,0,0,0,0,0
322.359,0,1,1,1,1,17064,0.16232549411496786,21,10000,21038,0,54109,27371,64182,0,29098,31398,35518,0,601,6224,24615,0,17323,30129
322.378,1,1,0,1,1,15692,0.16002492022932446,21,10000,0,0,0,0,0,0,0,0,0,0,0,0,0,0,0,0
322.396,0,1,1,1,1,17064,0.16219702122686738,21,10000,21038,0,54109,27371,64182,0,29098,31398,35518,0,601,6224,24615,0,17323,30129
322.415,1,1,0,1,1,15931,0.16920097994707897,21,10000,0,0,0,0,0,0,0,0,0,0,0,0,0,0,0,0
322.433,0,1,1,1,1,17063,0.16219702122686738,21,10000,21038,0,54109,27371,64182,0,29098,31398,35518,0,601,6224,24615,0,17323,30129
322.452,1,1,0,1,1,16006,0.1694095267588461,21,10000,0,0,0,0,0,0,0,0,0,0,0,0,0,0,0,0
322.47,0,1,1,1,1,17063,0.16219702122686738,21,10000,21038,0,54109,27371,64182,0,29098,31398,35518,0,601,6224,24615,0,17323,30129
322.489,1,1,0,1,1,15830,0.16009443583324687,21,10000,0,0,0,0,0,0,0,0,0,0,0,0,0,0,0,0
322.507,0,1,1,1,1,17032,0.16219702122686738,22,10000,21038,0,54109,27371,64182,0,29098,31398,35518,0,601,6224,24615,0,17323,30129
322.526,1,1,0,1,1,15971,0.16920097994707897,21,10000,0,0,0,0,0,0,0,0,0,0,0,0,0,0,0,0
322.544,0,1,1,1,1,17063,0.16232549411496786,21,10000,21038,0,54109,27371,64182,0,29098,31398,35518,0,601,6224,24615,0,17323,30129
322.563,1,1,0,1,1,16022,0.16927049555100135,21,10000,0,0,0,0,0,0,0,0,0,0,0,0,0,0,0,0
322.58,0,1,1,1,1,16945,0.16219702122686738,22,10000,21038,0,54109,27371,64182,0,29098,31398,35518,0,601,6224,24615,0,17323,30129
322.6,1,1,0,1,1,16013,0.1694095267588461,21,10000,0,0,0,0,0,0,0,0,0,0,0,0,0,0,0,0
322.617,0,1,1,1,1,16949,0.16226125767091762,22,10000,21038,0,54109,27371,64182,0,29098,31398,35518,0,601,6224,24615,0,17323,30129
322.637,1,1,0,1,1,16124,0.1698266203823804,21,10000,0,0,0,0,0,0,0,0,0,0,0,0,0,0,0,0
322.654,0,1,1,1,1,16932,0.16245396700306836,21,10000,21038,0,54109,27371,64182,0,29098,31398,35518,0,601,6224,24615,0,17323,30129
322.674,1,1,0,1,1,16080,0.1698266203823804,21,10000,0,0,0,0,0,0,0,0,0,0,0,0,0,0,0,0
322.691,0,1,1,1,1,16827,0.16226125767091762,21,10000,21038,0,54109,27371,64182,0,29098,31398,35518,0,601,6224,24615,0,17323,30129
322.711,1,1,0,1,1,16197,0.17003516719414755,21,10000,0,0,0,0,0,0,0,0,0,0,0,0,0,0,0,0
322.728,0,1,1,1,1,16884,0.16245396700306836,21,10000,21038,0,54109,27371,64182,0,29098,31398,35518,0,601,6224,24615,0,17323,30129
322.748,1,1,0,1,1,16183,0.17010468279806992,21,10000,0,0,0,0,0,0,0,0,0,0,0,0,0,0,0,0
322.765,0,1,1,1,1,16827,0.16238973055901812,21,10000,21038,0,54109,27371,64182,0,29098,31398,35518,0,601,6224,24615,0,17323,30129
322.785,1,1,0,1,1,16207,0.17017419840199233,21,10000,0,0,0,0,0,0,0,0,0,0,0,0,0,0,0,0
322.802,0,1,1,1,1,16884,0.16238973055901812,21,10000,21038,0,54109,27371,64182,0,29098,31398,35518,0,601,6224,24615,0,17323,30129
322.822,1,1,0,1,1,16252,0.17031322960983708,21,10000,0,0,0,0,0,0,0,0,0,0,0,0,0,0,0,0
322.839,0,1,1,1,1,16827,0.16226125767091762,21,10000,21038,0,54109,27371,64182,0,29098,31398,35518,0,601,6224,24615,0,17323,30129
322.859,1,1,0,1,1,16218,0.17017419840199233,21,10000,0,0,0,0,0,0,0,0,0,0,0,0,0,0,0,0
322.876,0,1,1,1,1,16978,0.16238973055901812,21,10000,21038,0,54109,27371,64182,0,29098,31398,35518,0,601,6224,24615,0,17323,30129
322.896,1,1,0,1,1,16168,0.17017419840199233,21,10000,0,0,0,0,0,0,0,0,0,0,0,0,0,0,0,0
322.913,0,1,1,1,1,16920,0.16238973055901812,21,10000,21038,0,54109,27371,64182,0,29098,31398,35518,0,601,6224,24615,0,17323,30129
322.933,1,1,0,1,1,16196,0.17017419840199233,21,10000,0,0,0,0,0,0,0,0,0,0,0,0,0,0,0,0
322.95,0,1,1,1,1,16975,0.16232549411496786,21,10000,21038,0,54109,27371,64182,0,29098,31398,35518,0,601,6224,24615,0,17323,30129
322.97,1,1,0,1,1,16270,0.17052177642160424,21,10000,0,0,0,0,0,0,0,0,0,0,0,0,0,0,0,0
322.987,0,1,1,1,1,17063,0.16238973055901812,21,10000,21038,0,54109,27371,64182,0,29098,31398,35518,0,601,6224,24615,0,17323,30129
323.007,1,1,0,1,1,16196,0.1702437140059147,21,10000,0,0,0,0,0,0,0,0,0,0,0,0,0,0,0,0
323.024,0,1,1,1,1,16980,0.16245396700306836,21,10000,21038,0,54109,27371,64182,0,29098,31398,35518,0,601,6224,24615,0,17323,30129
323.044,1,1,0,1,1,16240,0.17045226081768183,21,10000,0,0,0,0,0,0,0,0,0,0,0,0,0,0,0,0
323.061,0,1,1,1,1,17061,0.16238973055901812,21,10000,21038,0,54109,27371,64182,0,29098,31398,35518,0,601,6224,24615,0,17323,30129
323.081,1,1,0,1,1,16240,0.17045226081768183,21,10000,0,0,0,0,0,0,0,0,0,0,0,0,0,0,0,0
323.098,0,1,1,1,1,17061,0.16226125767091762,21,10000,21038,0,54109,27371,64182,0,29098,31398,35518,0,601,6224,24615,0,17323,30129
323.118,1,1,0,1,1,16180,0.17038274521375946,21,10000,0,0,0,0,0,0,0,0,0,0,0,0,0,0,0,0
323.135,0,1,1,1,1,17061,0.16238973055901812,21,10000,21038,0,54109,27371,64182,0,29098,31398,35518,0,601,6224,24615,0,17323,30129
323.155,1,1,0,1,1,16150,0.17045226081768183,21,10000,0,0,0,0,0,0,0,0,0,0,0,0,0,0,0,0
323.172,0,1,1,1,1,16977,0.16238973055901812,21,10000,21038,0,54109,27371,64182,0,29098,31398,35518,0,601,6224,24615,0,17323,30129
323.192,1,1,0,1,1,16209,0.170660807629449,21,10000,0,0,0,0,0,0,0,0,0,0,0,0,0,0,0,0
323.209,0,1,1,1,1,17060,0.16232549411496786,21,10000,21038,0,54109,27371,64182,0,29098,31398,35518,0,601,6224,24615,0,17323,30129
323.229,1,1,0,1,1,16150,0.17045226081768183,21,10000,0,0,0,0,0,0,0,0,0,0,0,0,0,0,0,0
323.246,0,1,1,1,1,17061,0.16238973055901812,21,10000,21038,0,54109,27371,64182,0,29098,31398,35518,0,601,6224,24615,0,17323,30129
323.266,1,1,0,1,1,16151,0.17059129202552661,21,10000,0,0,0,0,0,0,0,0,0,0,0,0,0,0,0,0
323.283,0,1,1,1,1,17064,0.1625182034471186,21,10000,21038,0,54109,27371,64182,0,29098,31398,35518,0,601,6224,24615,0,17323,30129
323.303,1,1,0,1,1,16111,0.170660807629449,21,10000,0,0,0,0,0,0,0,0,0,0,0,0,0,0,0,0
323.32,0,1,1,1,1,17120,0.1625182034471186,21,10000,21038,0,54109,27371,64182,0,29098,31398,35518,0,601,6224,24615,0,17323,30129
323.34,1,1,0,1,1,16284,0.17114741685690568,21,10000,0,0,0,0,0,0,0,0,0,0,0,0,0,0,0,0
323.357,0,1,1,1,1,17063,0.16258243989116883,21,10000,21038,0,54109,27371,64182,0,29098,31398,35518,0,601,6224,24615,0,17323,30129
323.377,1,1,0,1,1,15962,0.17059129202552661,21,10000,0,0,0,0,0,0,0,0,0,0,0,0,0,0,0,0
323.394,0,1,1,1,1,17124,0.1626466763352191,21,10000,21038,0,54109,27371,64182,0,29098,31398,35518,0,601,6224,24615,0,17323,30129
323.414,1,1,0,1,1,16062,0.17093887004513852,21,10000,0,0,0,0,0,0,0,0,0,0,0,0,0,0,0,0
323.431,0,1,1,1,1,17124,0.16245396700306836,21,10000,21038,0,54109,27371,64182,0,29098,31398,35518,0,601,6224,24615,0,17323,30129
323.451,1,1,0,1,1,15966,0.17079983883729374,21,10000,0,0,0,0,0,0,0,0,0,0,0,0,0,0,0,0
323.468,0,1,1,1,1,17124,0.16232549411496786,21,10000,21038,0,54109,27371,64182,0,29098,31398,35518,0,601,6224,24615,0,17323,30129
323.488,1,1,0,1,1,15881,0.170660807629449,21,10000,0,0,0,0,0,0,0,0,0,0,0,0,0,0,0,0
323.505,0,1,1,1,1,17124,0.16245396700306836,21,10000,21038,0,54109,27371,64182,0,29098,31398,35518,0,601,6224,24615,0,17323,30129
323.525,1,1,0,1,1,16054,0.17114741685690568,21,10000,0,0,0,0,0,0,0,0,0,0,0,0,0,0,0,0
323.542,0,1,1,1,1,17125,0.16232549411496786,21,10000,21038,0,54109,27371,64182,0,29098,31398,35518,0,601,6224,24615,0,17323,30129
323.562,1,1,0,1,1,16043,0.17128644806475044,21,10000,0,0,0,0,0,0,0,0,0,0,0,0,0,0,0,0
323.579,0,1,1,1,1,17121,0.16226125767091762,21,10000,21038,0,54109,27371,64182,0,29098,31398,35518,0,601,6224,24615,0,17323,30129
323.599,1,1,0,1,1,15957,0.1710083856490609,21,10000,0,0,0,0,0,0,0,0,0,0,0,0,0,0,0,0
323.616,0,1,1,1,1,17167,0.16238973055901812,21,10000,21038,0,54109,27371,64182,0,29098,31398,35518,0,601,6224,24615,0,17323,30129
323.636,1,1,0,1,1,15964,0.17093887004513852,21,10000,0,0,0,0,0,0,0,0,0,0,0,0,0,0,0,0
323.653,0,1,1,1,1,17167,0.16245396700306836,21,10000,21038,0,54109,27371,64182,0,29098,31398,35518,0,601,6224,24615,0,17323,30129
323.673,1,1,0,1,1,15792,0.17045226081768183,21,10000,0,0,0,0,0,0,0,0,0,0,0,0,0,0,0,0
323.69,0,1,1,1,1,17167,0.16232549411496786,21,10000,21038,0,54109,27371,64182,0,29098,31398,35518,0,601,6224,24615,0,17323,30129
323.71,1,1,0,1,1,15894,0.17073032323337137,21,10000,0,0,0,0,0,0,0,0,0,0,0,0,0,0,0,0
323.727,0,1,1,1,1,17120,0.16238973055901812,21,10000,21038,0,54109,27371,64182,0,29098,31398,35518,0,601,6224,24615,0,17323,30129
323.747,1,1,0,1,1,15932,0.170660807629449,21,10000,0,0,0,0,0,0,0,0,0,0,0,0,0,0,0,0
323.764,0,1,1,1,1,17124,0.16232549411496786,21,10000,21038,0,54109,27371,64182,0,29098,31398,35518,0,601,6224,24615,0,17323,30129
323.784,1,1,0,1,1,15794,0.17010468279806992,21,10000,0,0,0,0,0,0,0,0,0,0,0,0,0,0,0,0
323.801,0,1,1,1,1,17120,0.16226125767091762,21,10000,21038,0,54109,27371,64182,0,29098,31398,35518,0,601,6224,24615,0,17323,30129
323.821,1,1,0,1,1,15815,0.1702437140059147,21,10000,0,0,0,0,0,0,0,0,0,0,0,0,0,0,0,0
323.838,0,1,1,1,1,17121,0.16226125767091762,21,10000,21038,0,54109,27371,64182,0,29098,31398,35518,0,601,6224,24615,0,17323,30129
323.858,1,1,0,1,1,15841,0.17017419840199233,21,10000,0,0,0,0,0,0,0,0,0,0,0,0,0,0,0,0
323.875,0,1,1,1,1,17121,0.16232549411496786,21,10000,21038,0,54109,27371,64182,0,29098,31398,35518,0,601,6224,24615,0,17323,30129
323.895,1,1,0,1,1,15766,0.1698266203823804,21,10000,0,0,0,0,0,0,0,0,0,0,0,0,0,0,0,0
323.912,0,1,1,1,1,17124,0.16232549411496786,21,10000,21038,0,54109,27371,64182,0,29098,31398,35518,0,601,6224,24615,0,17323,30129
323.932,1,1,0,1,1,15937,0.17031322960983708,21,10000,0,0,0,0,0,0,0,0,0,0,0,0,0,0,0,0
323.949,0,1,1,1,1,17063,0.16226125767091762,21,10000,21038,0,54109,27371,64182,0,29098,31398,35518,0,601,6224,24615,0,17323,30129
323.969,1,1,0,1,1,15886,0.1698266203823804,21,10000,0,0,0,0,0,0,0,0,0,0,0,0,0,0,0,0
323.986,0,1,1,1,1,17061,0.16232549411496786,21,10000,21038,0,54109,27371,64182,0,29098,31398,35518,0,601,6224,24615,0,17323,30129
324.006,1,1,0,1,1,15983,0.16996565159022517,21,10000,0,0,0,0,0,0,0,0,0,0,0,0,0,0,0,0
324.023,0,1,1,1,1,17063,0.16226125767091762,21,10000,21038,0,54109,27371,64182,0,29098,31398,35518,0,601,6224,24615,0,17323,30129
324.043,1,1,0,1,1,15899,0.16961807357061326,21,10000,0,0,0,0,0,0,0,0,0,0,0,0,0,0,0,0
324.06,0,1,1,1,1,16977,0.16213278478281712,21,10000,21038,0,54109,27371,64182,0,29098,31398,35518,0,601,6224,24615,0,17323,30129
324.08,1,1,0,1,1,15936,0.16961807357061326,21,10000,0,0,0,0,0,0,0,0,0,0,0,0,0,0,0,0
324.097,0,1,1,1,1,17063,0.16226125767091762,21,10000,21038,0,54109,27371,64182,0,29098,31398,35518,0,601,6224,24615,0,17323,30129
324.117,1,1,0,1,1,15999,0.16934001115492373,21,10000,0,0,0,0,0,0,0,0,0,0,0,0,0,0,0,0
324.134,0,1,1,1,1,17124,0.16213278478281712,21,10000,21038,0,54109,27371,64182,0,29098,31398,35518,0,601,6224,24615,0,17323,30129
324.154,1,1,0,1,1,15930,0.16927049555100135,21,10000,0,0,0,0,0,0,0,0,0,0,0,0,0,0,0,0
324.171,0,1,1,1,1,17121,0.16219702122686738,21,10000,21038,0,54109,27371,64182,0,29098,31398,35518,0,601,6224,24615,0,17323,30129
324.191,1,1,0,1,1,16006,0.16927049555100135,21,10000,0,0,0,0,0,0,0,0,0,0,0,0,0,0,0,0
324.208,0,1,1,1,1,17063,0.16213278478281712,21,10000,21038,0,54109,27371,64182,0,29098,31398,35518,0,601,6224,24615,0,17323,30129
324.228,1,1,0,1,1,15955,0.16009443583324687,21,10000,0,0,0,0,0,0,0,0,0,0,0,0,0,0,0,0
324.245,0,1,1,1,1,17068,0.16213278478281712,21,10000,21038,0,54109,27371,64182,0,29098,31398,35518,0,601,6224,24615,0,17323,30129
324.265,1,1,0,1,1,15931,0.16913146434315657,21,10000,0,0,0,0,0,0,0,0,0,0,0,0,0,0,0,0
324.282,0,1,1,1,1,17066,0.16206854833876688,21,10000,21038,0,54109,27371,64182,0,29098,31398,35518,0,601,6224,24615,0,17323,30129
324.302,1,1,0,1,1,15902,0.16009443583324687,21,10000,0,0,0,0,0,0,0,0,0,0,0,0,0,0,0,0
324.319,0,1,1,1,1,17121,0.16206854833876688,21,10000,21038,0,54109,27371,64182,0,29098,31398,35518,0,601,6224,24615,0,17323,30129
324.339,1,1,0,1,1,16114,0.16947904236276848,21,10000,0,0,0,0,0,0,0,0,0,0,0,0,0,0,0,0
324.356,0,1,1,1,1,17121,0.16213278478281712,21,10000,21038,0,54109,27371,64182,0,29098,31398,35518,0,601,6224,24615,0,17323,30129
324.376,1,1,0,1,1,16040,0.16947904236276848,21,10000,0,0,0,0,0,0,0,0,0,0,0,0,0,0,0,0
324.393,0,1,1,1,1,17124,0.16219702122686738,21,10000,21038,0,54109,27371,64182,0,29098,31398,35518,0,601,6224,24615,0,17323,30129
324.413,1,1,0,1,1,15961,0.16009443583324687,21,10000,0,0,0,0,0,0,0,0,0,0,0,0,0,0,0,0
324.43,0,1,1,1,1,17124,0.16200431189471665,21,10000,21038,0,54109,27371,64182,0,29098,31398,35518,0,601,6224,24615,0,17323,30129
324.45,1,1,0,1,1,16098,0.16954855796669088,21,10000,0,0,0,0,0,0,0,0,0,0,0,0,0,0,0,0
324.467,0,1,1,1,1,17169,0.16206854833876688,21,10000,21038,0,54109,27371,64182,0,29098,31398,35518,0,601,6224,24615,0,17323,30129
324.487,1,1,0,1,1,16051,0.16947904236276848,21,10000,0,0,0,0,0,0,0,0,0,0,0,0,0,0,0,0
324.504,0,1,1,1,1,17169,0.16213278478281712,21,10000,21038,0,54109,27371,64182,0,29098,31398,35518,0,601,6224,24615,0,17323,30129
324.523,1,1,0,1,1,16026,0.1694095267588461,21,10000,0,0,0,0,0,0,0,0,0,0,0,0,0,0,0,0
324.541,0,1,1,1,1,17121,0.16206854833876688,21,10000,21038,0,54109,27371,64182,0,29098,31398,35518,0,601,6224,24615,0,17323,30129
324.56,1,1,0,1,1,16029,0.169757104778458,21,10000,0,0,0,0,0,0,0,0,0,0,0,0,0,0,0,0
324.578,0,1,1,1,1,17124,0.16206854833876688,21,10000,21038,0,54109,27371,64182,0,29098,31398,35518,0,601,6224,24615,0,17323,30129
324.597,1,1,0,1,1,15938,0.16920097994707897,21,10000,0,0,0,0,0,0,0,0,0,0,0,0,0,0,0,0
324.615,0,1,1,1,1,17166,0.16200431189471665,21,10000,21038,0,54109,27371,64182,0,29098,31398,35518,0,601,6224,24615,0,17323,30129
324.634,1,1,0,1,1,15996,0.1694095267588461,21,10000,0,0,0,0,0,0,0,0,0,0,0,0,0,0,0,0
324.652,0,1,1,1,1,17124,0.16206854833876688,21,10000,21038,0,54109,27371,64182,0,29098,31398,35518,0,601,6224,24615,0,17323,30129
324.671,1,1,0,1,1,16124,0.16996565159022517,21,10000,0,0,0,0,0,0,0,0,0,0,0,0,0,0,0,0
324.689,0,1,1,1,1,17149,0.16200431189471665,21,10000,21038,0,54109,27371,64182,0,29098,31398,35518,0,601,6224,24615,0,17323,30129
324.708,1,1,0,1,1,15897,0.16927049555100135,21,10000,0,0,0,0,0,0,0,0,0,0,0,0,0,0,0,0
324.726,0,1,1,1,1,17167,0.16213278478281712,21,10000,21038,0,54109,27371,64182,0,29098,31398,35518,0,601,6224,24615,0,17323,30129
324.745,1,1,0,1,1,15973,0.16961807357061326,21,10000,0,0,0,0,0,0,0,0,0,0,0,0,0,0,0,0
324.763,0,1,1,1,1,17163,0.16200431189471665,21,10000,21038,0,54109,27371,64182,0,29098,31398,35518,0,601,6224,24615,0,17323,30129
324.782,1,1,0,1,1,15929,0.169757104778458,21,10000,0,0,0,0,0,0,0,0,0,0,0,0,0,0,0,0
324.8,0,1,1,1,1,17163,0.16206854833876688,21,10000,21038,0,54109,27371,64182,0,29098,31398,35518,0,601,6224,24615,0,17323,30129
324.819,1,1,0,1,1,15821,0.16961807357061326,21,10000,0,0,0,0,0,0,0,0,0,0,0,0,0,0,0,0
324.837,0,1,1,1,1,17166,0.16200431189471665,21,10000,21038,0,54109,27371,64182,0,29098,31398,35518,0,601,6224,24615,0,17323,30129
324.856,1,1,0,1,1,15894,0.16968758917453564,21,10000,0,0,0,0,0,0,0,0,0,0,0,0,0,0,0,0
324.874,0,1,1,1,1,17167,0.16213278478281712,21,10000,21038,0,54109,27371,64182,0,29098,31398,35518,0,601,6224,24615,0,17323,30129
324.893,1,1,0,1,1,15947,0.1698961359863028,21,10000,0,0,0,0,0,0,0,0,0,0,0,0,0,0,0,0
324.911,0,1,1,1,1,17166,0.16206854833876688,21,10000,21038,0,54109,27371,64182,0,29098,31398,35518,0,601,6224,24615,0,17323,30129
324.93,1,1,0,1,1,15869,0.1698266203823804,21,10000,0,0,0,0,0,0,0,0,0,0,0,0,0,0,0,0
324.948,0,1,1,1,1,17166,0.16200431189471665,21,10000,21038,0,54109,27371,64182,0,29098,31398,35518,0,601,6224,24615,0,17323,30129
324.967,1,1,0,1,1,15976,0.1702437140059147,21,10000,0,0,0,0,0,0,0,0,0,0,0,0,0,0,0,0
324.985,0,1,1,1,1,17164,0.16200431189471665,21,10000,21038,0,54109,27371,64182,0,29098,31398,35518,0,601,6224,24615,0,17323,30129
325.004,1,1,0,1,1,15946,0.17010468279806992,21,10000,0,0,0,0,0,0,0,0,0,0,0,0,0,0,0,0
325.022,0,1,1,1,1,17123,0.16206854833876688,21,10000,21038,0,54109,27371,64182,0,29098,31398,35518,0,601,6224,24615,0,17323,30129
325.041,1,1,0,1,1,15948,0.1698266203823804,21,10000,0,0,0,0,0,0,0,0,0,0,0,0,0,0,0,0
325.059,0,1,1,1,1,17166,0.16206854833876688,21,10000,21038,0,54109,27371,64182,0,29098,31398,35518,0,601,6224,24615,0,17323,30129
325.078,1,1,0,1,1,16040,0.1702437140059147,21,10000,0,0,0,0,0,0,0,0,0,0,0,0,0,0,0,0
325.096,0,1,1,1,1,17166,0.16200431189471665,21,10000,21038,0,54109,27371,64182,0,29098,31398,35518,0,601,6224,24615,0,17323,30129
325.115,1,1,0,1,1,15891,0.17003516719414755,21,10000,0,0,0,0,0,0,0,0,0,0,0,0,0,0,0,0
325.133,0,1,1,1,1,17162,0.16206854833876688,21,10000,21038,0,54109,27371,64182,0,29098,31398,35518,0,601,6224,24615,0,17323,30129
325.152,1,1,0,1,1,16109,0.170660807629449,21,10000,0,0,0,0,0,0,0,0,0,0,0,0,0,0,0,0
325.17,0,1,1,1,1,17167,0.16206854833876688,21,10000,21038,0,54109,27371,64182,0,29098,31398,35518,0,601,6224,24615,0,17323,30129
325.189,1,1,0,1,1,15980,0.17031322960983708,21,10000,0,0,0,0,0,0,0,0,0,0,0,0,0,0,0,0
325.207,0,1,1,1,1,17120,0.16194007545066638,21,10000,21038,0,54109,27371,64182,0,29098,31398,35518,0,601,6224,24615,0,17323,30129
325.226,1,1,0,1,1,15924,0.17010468279806992,21,10000,0,0,0,0,0,0,0,0,0,0,0,0,0,0,0,0
325.244,0,1,1,1,1,17166,0.16213278478281712,21,10000,21038,0,54109,27371,64182,0,29098,31398,35518,0,601,6224,24615,0,17323,30129
325.263,1,1,0,1,1,16094,0.170660807629449,21,10000,0,0,0,0,0,0,0,0,0,0,0,0,0,0,0,0
325.281,0,1,1,1,1,17166,0.16213278478281712,21,10000,21038,0,54109,27371,64182,0,29098,31398,35518,0,601,6224,24615,0,17323,30129
325.3,1,1,0,1,1,16007,0.17038274521375946,21,10000,0,0,0,0,0,0,0,0,0,0,0,0,0,0,0,0
325.318,0,1,1,1,1,17124,0.16213278478281712,21,10000,21038,0,54109,27371,64182,0,29098,31398,35518,0,601,6224,24615,0,17323,30129
325.337,1,1,0,1,1,15954,0.16996565159022517,21,10000,0,0,0,0,0,0,0,0,0,0,0,0,0,0,0,0
325.355,0,1,1,1,1,17169,0.16213278478281712,21,10000,21038,0,54109,27371,64182,0,29098,31398,35518,0,601,6224,24615,0,17323,30129
325.374,1,1,0,1,1,15899,0.16996565159022517,21,10000,0,0,0,0,0,0,0,0,0,0,0,0,0,0,0,0
325.392,0,1,1,1,1,17124,0.16226125767091762,21,10000,21038,0,54109,27371,64182,0,29098,31398,35518,0,601,6224,24615,0,17323,30129
