time[s],SensorID,event,mask,tL.num_valid_targets,tL.reserved,tL.targets[0].amplitude,tL.targets[0].range,tL.targets[0].reserved[0],tL.targets[0].reserved[1],tL.targets[1].amplitude,tL.targets[1].range,tL.targets[1].reserved[0],tL.targets[1].reserved[1],tL.targets[2].amplitude,tL.targets[2].range,tL.targets[2].reserved[0],tL.targets[2].reserved[1],tL.targets[3].amplitude,tL.targets[3].range,tL.targets[3].reserved[0],tL.targets[3].reserved[1],tL.targets[4].amplitude,tL.targets[4].range,tL.targets[4].reserved[0],tL.targets[4].reserved[1]
243.58,0,1,1,1,0,3681,0.48186041522139555,59,2500,21038,0,54109,27242,63638,0,29098,31398,35518,0,601,6224,24615,0,17323,30129
243.6,1,1,25,1,1,16977,0.5524332386363637,64,2500,7919,0,56503,20781,19748,0,5535,28954,29800,0,45489,47546,60647,0,33528,38069
243.617,0,1,1,1,0,3703,0.4819886207329617,59,2500,21038,0,54109,27242,63638,0,29098,31398,35518,0,601,6224,24615,0,17323,30129
243.637,1,1,25,1,1,17006,0.5522244318181818,64,2500,7919,0,56503,20781,19748,0,5535,28954,29800,0,45489,47546,60647,0,33528,38069
243.654,0,1,1,1,0,3743,0.48218092900031095,59,2500,21038,0,54109,27242,63638,0,29098,31398,35518,0,601,6224,24615,0,17323,30129
243.674,1,1,25,1,1,17088,0.552015625,64,2500,7919,0,56503,20781,19748,0,5535,28954,29800,0,45489,47546,60647,0,33528,38069
243.691,0,1,1,1,0,3837,0.48218092900031095,59,2500,21038,0,54109,27242,63638,0,29098,31398,35518,0,601,6224,24615,0,17323,30129
243.711,1,1,25,1,1,17081,0.5519460227272728,64,2500,7919,0,56503,20781,19748,0,5535,28954,29800,0,45489,47546,60647,0,33528,38069
243.728,0,1,1,1,0,3883,0.48192451797717867,59,2500,21038,0,54109,27242,63638,0,29098,31398,35518,0,601,6224,24615,0,17323,30129
243.748,1,1,25,1,1,17110,0.5523636363636364,64,2500,7919,0,56503,20781,19748,0,5535,28954,29800,0,45489,47546,60647,0,33528,38069
243.765,0,1,1,1,0,3996,0.4819886207329617,59,2500,21038,0,54109,27242,63638,0,29098,31398,35518,0,601,6224,24615,0,17323,30129
243.785,1,1,25,1,1,17008,0.552502840909091,64,2500,7919,0,56503,20781,19748,0,5535,28954,29800,0,45489,47546,60647,0,33528,38069
243.802,0,1,1,1,0,3971,0.48186041522139555,59,2500,21038,0,54109,27242,63638,0,29098,31398,35518,0,601,6224,24615,0,17323,30129
243.822,1,1,25,1,1,16976,0.55278125,64,2500,7919,0,56503,20781,19748,0,5535,28954,29800,0,45489,47546,60647,0,33528,38069
243.839,0,1,1,1,0,3929,0.4817963124656125,59,2500,21038,0,54109,27242,63638,0,29098,31398,35518,0,601,6224,24615,0,17323,30129
243.859,1,1,25,1,1,16854,0.5529204545454546,64,2500,7919,0,56503,20781,19748,0,5535,28954,29800,0,45489,47546,60647,0,33528,38069
243.876,0,1,1,1,0,3831,0.4816681069540463,59,2500,21038,0,54109,27242,63638,0,29098,31398,35518,0,601,6224,24615,0,17323,30129
243.896,1,1,25,1,1,16766,0.55278125,64,2500,7919,0,56503,20781,19748,0,5535,28954,29800,0,45489,47546,60647,0,33528,38069
243.913,0,1,1,1,0,3723,0.48186041522139555,59,2500,21038,0,54109,27242,63638,0,29098,31398,35518,0,601,6224,24615,0,17323,30129
243.933,1,1,25,1,1,16770,0.5527116477272728,64,2500,7919,0,56503,20781,19748,0,5535,28954,29800,0,45489,47546,60647,0,33528,38069
243.95,0,1,1,1,0,3696,0.4816681069540463,59,2500,21038,0,54109,27242,63638,0,29098,31398,35518,0,601,6224,24615,0,17323,30129
243.97,1,1,25,1,1,16773,0.55278125,64,2500,7919,0,56503,20781,19748,0,5535,28954,29800,0,45489,47546,60647,0,33528,38069
243.987,0,1,1,1,0,3694,0.48186041522139555,59,2500,21038,0,54109,27242,63638,0,29098,31398,35518,0,601,6224,24615,0,17323,30129
244.007,1,1,25,1,1,16778,0.5533380681818182,64,2500,7919,0,56503,20781,19748,0,5535,28954,29800,0,45489,47546,60647,0,33528,38069
244.024,0,1,1,1,0,3827,0.48173220970982944,59,2500,21038,0,54109,27242,63638,0,29098,31398,35518,0,601,6224,24615,0,17323,30129
244.044,1,1,25,1,1,16734,0.5536860795454546,64,2500,7919,0,56503,20781,19748,0,5535,28954,29800,0,45489,47546,60647,0,33528,38069
244.061,0,1,1,1,0,3926,0.48173220970982944,59,2500,21038,0,54109,27242,63638,0,29098,31398,35518,0,601,6224,24615,0,17323,30129
244.081,1,1,25,1,1,16642,0.5541036931818182,64,2500,7919,0,56503,20781,19748,0,5535,28954,29800,0,45489,47546,60647,0,33528,38069
244.098,0,1,1,1,0,4021,0.48160400419826327,59,2500,21038,0,54109,27242,63638,0,29098,31398,35518,0,601,6224,24615,0,17323,30129
244.118,1,1,25,1,1,16480,0.5547301136363637,64,2500,7919,0,56503,20781,19748,0,5535,28954,29800,0,45489,47546,60647,0,33528,38069
244.135,0,1,1,1,0,4111,0.4816681069540463,59,2500,21038,0,54109,27242,63638,0,29098,31398,35518,0,601,6224,24615,0,17323,30129
244.155,1,1,25,1,1,16245,0.5547997159090909,64,2500,7919,0,56503,20781,19748,0,5535,28954,29800,0,45489,47546,60647,0,33528,38069
244.172,0,1,1,1,0,4120,0.48141169593091404,59,2500,21038,0,54109,27242,63638,0,29098,31398,35518,0,601,6224,24615,0,17323,30129
244.192,1,1,25,1,1,16002,0.5547997159090909,64,2500,7919,0,56503,20781,19748,0,5535,28954,29800,0,45489,47546,60647,0,33528,38069
244.209,0,1,1,1,0,4096,0.4815399014424802,59,2500,21038,0,54109,27242,63638,0,29098,31398,35518,0,601,6224,24615,0,17323,30129
244.229,1,1,25,1,1,15892,0.5548693181818183,64,2500,7919,0,56503,20781,19748,0,5535,28954,29800,0,45489,47546,60647,0,33528,38069
244.246,0,1,1,1,0,4074,0.4814757986866971,59,2500,21038,0,54109,27242,63638,0,29098,31398,35518,0,601,6224,24615,0,17323,30129
244.266,1,1,25,1,1,15615,0.5545909090909091,64,2500,7919,0,56503,20781,19748,0,5535,28954,29800,0,45489,47546,60647,0,33528,38069
244.283,0,1,1,1,0,4055,0.4815399014424802,59,2500,21038,0,54109,27242,63638,0,29098,31398,35518,0,601,6224,24615,0,17323,30129
244.303,1,1,25,1,1,15135,0.5543125000000001,64,2500,7919,0,56503,20781,19748,0,5535,28954,29800,0,45489,47546,60647,0,33528,38069
244.32,0,1,1,1,0,4033,0.4815399014424802,59,2500,21038,0,54109,27242,63638,0,29098,31398,35518,0,601,6224,24615,0,17323,30129
244.34,1,1,25,1,1,14885,0.5544517045454546,64,2500,7919,0,56503,20781,19748,0,5535,28954,29800,0,45489,47546,60647,0,33528,38069
244.357,0,1,1,1,0,3989,0.48128349041934787,59,2500,21038,0,54109,27242,63638,0,29098,31398,35518,0,601,6224,24615,0,17323,30129
244.377,1,1,25,1,1,14742,0.5543821022727273,64,2500,7919,0,56503,20781,19748,0,5535,28954,29800,0,45489,47546,60647,0,33528,38069
244.394,0,1,1,1,0,3948,0.4812193876635648,59,2500,21038,0,54109,27242,63638,0,29098,31398,35518,0,601,6224,24615,0,17323,30129
244.414,1,1,25,1,1,14492,0.5544517045454546,64,2500,7919,0,56503,20781,19748,0,5535,28954,29800,0,45489,47546,60647,0,33528,38069
244.431,0,1,1,1,0,3823,0.4811552849077817,59,2500,21038,0,54109,27242,63638,0,29098,31398,35518,0,601,6224,24615,0,17323,30129
244.451,1,1,25,1,1,14442,0.5543821022727273,64,2500,7919,0,56503,20781,19748,0,5535,28954,29800,0,45489,47546,60647,0,33528,38069
244.468,0,1,1,1,0,3489,0.48083477112886636,60,2500,21038,0,54109,27242,63638,0,29098,31398,35518,0,601,6224,24615,0,17323,30129
244.488,1,1,25,1,1,14499,0.5541732954545455,64,2500,7919,0,56503,20781,19748,0,5535,28954,29800,0,45489,47546,60647,0,33528,38069
244.505,0,1,1,1,0,3385,0.48077066837308324,60,2500,21038,0,54109,27242,63638,0,29098,31398,35518,0,601,6224,24615,0,17323,30129
244.525,1,1,25,1,1,14545,0.5539644886363637,64,2500,7919,0,56503,20781,19748,0,5535,28954,29800,0,45489,47546,60647,0,33528,38069
244.542,0,1,1,1,0,2384,0.4870527384398249,60,1200,21038,0,54109,27242,63638,0,29098,31398,35518,0,601,6224,24615,0,17323,30129
244.562,1,1,25,1,1,14764,0.5539644886363637,64,2500,7919,0,56503,20781,19748,0,5535,28954,29800,0,45489,47546,60647,0,33528,38069
244.579,0,1,1,1,0,2268,0.4869245329282587,60,1200,21038,0,54109,27242,63638,0,29098,31398,35518,0,601,6224,24615,0,17323,30129
244.599,1,1,25,1,1,15021,0.5539644886363637,64,2500,7919,0,56503,20781,19748,0,5535,28954,29800,0,45489,47546,60647,0,33528,38069
244.616,0,1,1,1,0,2165,0.48679632741669254,60,1200,21038,0,54109,27242,63638,0,29098,31398,35518,0,601,6224,24615,0,17323,30129
244.636,1,1,25,1,1,15293,0.5542428977272728,64,2500,7919,0,56503,20781,19748,0,5535,28954,29800,0,45489,47546,60647,0,33528,38069
244.653,0,1,1,1,0,2116,0.4867322246609095,60,1200,21038,0,54109,27242,63638,0,29098,31398,35518,0,601,6224,24615,0,17323,30129
244.673,1,1,25,1,1,15093,0.5543125000000001,64,2500,7919,0,56503,20781,19748,0,5535,28954,29800,0,45489,47546,60647,0,33528,38069
244.69,0,1,1,1,0,2214,0.48686043017247566,60,1200,21038,0,54109,27242,63638,0,29098,31398,35518,0,601,6224,24615,0,17323,30129
244.71,1,1,25,1,1,14895,0.5547997159090909,64,2500,7919,0,56503,20781,19748,0,5535,28954,29800,0,45489,47546,60647,0,33528,38069
244.727,0,1,1,1,0,2212,0.48686043017247566,60,1200,21038,0,54109,27242,63638,0,29098,31398,35518,0,601,6224,24615,0,17323,30129
244.747,1,1,25,1,1,14588,0.5549389204545455,64,2500,7919,0,56503,20781,19748,0,5535,28954,29800,0,45489,47546,60647,0,33528,38069
244.764,0,1,1,1,0,2192,0.48679632741669254,60,1200,21038,0,54109,27242,63638,0,29098,31398,35518,0,601,6224,24615,0,17323,30129
244.784,1,1,25,1,1,14332,0.5548693181818183,64,2500,7919,0,56503,20781,19748,0,5535,28954,29800,0,45489,47546,60647,0,33528,38069
244.801,0,1,1,1,0,2194,0.48679632741669254,60,1200,21038,0,54109,27242,63638,0,29098,31398,35518,0,601,6224,24615,0,17323,30129
244.821,1,1,25,1,1,13931,0.5545909090909091,64,2500,7919,0,56503,20781,19748,0,5535,28954,29800,0,45489,47546,60647,0,33528,38069
244.838,0,1,1,1,0,2239,0.48679632741669254,61,1200,21038,0,54109,27242,63638,0,29098,31398,35518,0,601,6224,24615,0,17323,30129
244.858,1,1,25,1,1,14018,0.5547301136363637,64,2500,7919,0,56503,20781,19748,0,5535,28954,29800,0,45489,47546,60647,0,33528,38069
244.875,0,1,1,1,0,2406,0.4869886356840418,60,1200,21038,0,54109,27242,63638,0,29098,31398,35518,0,601,6224,24615,0,17323,30129
244.895,1,1,25,1,1,14133,0.5547997159090909,64,2500,7919,0,56503,20781,19748,0,5535,28954,29800,0,45489,47546,60647,0,33528,38069
244.912,0,1,1,1,0,2437,0.4869886356840418,61,1200,21038,0,54109,27242,63638,0,29098,31398,35518,0,601,6224,24615,0,17323,30129
244.932,1,1,25,1,1,14254,0.5547997159090909,64,2500,7919,0,56503,20781,19748,0,5535,28954,29800,0,45489,47546,60647,0,33528,38069
244.949,0,1,1,1,0,2503,0.4870527384398249,61,1200,21038,0,54109,27242,63638,0,29098,31398,35518,0,601,6224,24615,0,17323,30129
244.969,1,1,25,1,1,14495,0.5548693181818183,64,2500,7919,0,56503,20781,19748,0,5535,28954,29800,0,45489,47546,60647,0,33528,38069
244.986,0,1,1,1,0,2590,0.48711684119560794,61,1200,21038,0,54109,27242,63638,0,29098,31398,35518,0,601,6224,24615,0,17323,30129
245.006,1,1,25,1,1,14674,0.5548693181818183,64,2500,7919,0,56503,20781,19748,0,5535,28954,29800,0,45489,47546,60647,0,33528,38069
245.023,0,1,1,1,0,2683,0.48718094395139105,61,1200,21038,0,54109,27242,63638,0,29098,31398,35518,0,601,6224,24615,0,17323,30129
245.043,1,1,25,1,1,14772,0.5547997159090909,64,2500,7919,0,56503,20781,19748,0,5535,28954,29800,0,45489,47546,60647,0,33528,38069
245.06,0,1,1,1,0,2759,0.4872450467071741,61,1200,21038,0,54109,27242,63638,0,29098,31398,35518,0,601,6224,24615,0,17323,30129
245.08,1,1,25,1,1,14814,0.5547301136363637,64,2500,7919,0,56503,20781,19748,0,5535,28954,29800,0,45489,47546,60647,0,33528,38069
245.097,0,1,1,1,0,2788,0.4872450467071741,61,1200,21038,0,54109,27242,63638,0,29098,31398,35518,0,601,6224,24615,0,17323,30129
245.117,1,1,25,1,1,14927,0.5548693181818183,64,2500,7919,0,56503,20781,19748,0,5535,28954,29800,0,45489,47546,60647,0,33528,38069
245.134,0,1,1,1,0,3897,0.4810270793962156,60,2500,21038,0,54109,27242,63638,0,29098,31398,35518,0,601,6224,24615,0,17323,30129
245.154,1,1,25,1,1,15083,0.5549389204545455,64,2500,7919,0,56503,20781,19748,0,5535,28954,29800,0,45489,47546,60647,0,33528,38069
245.171,0,1,1,1,0,3878,0.4810270793962156,60,2500,21038,0,54109,27242,63638,0,29098,31398,35518,0,601,6224,24615,0,17323,30129
245.191,1,1,25,1,1,15128,0.5547997159090909,64,2500,7919,0,56503,20781,19748,0,5535,28954,29800,0,45489,47546,60647,0,33528,38069
245.208,0,1,1,1,0,3909,0.4810270793962156,60,2500,21038,0,54109,27242,63638,0,29098,31398,35518,0,601,6224,24615,0,17323,30129
245.228,1,1,25,1,1,15107,0.5546605113636364,64,2500,7919,0,56503,20781,19748,0,5535,28954,29800,0,45489,47546,60647,0,33528,38069
245.245,0,1,1,1,0,3950,0.4810270793962156,60,2500,21038,0,54109,27242,63638,0,29098,31398,35518,0,601,6224,24615,0,17323,30129
245.265,1,1,25,1,1,15165,0.5547997159090909,64,2500,7919,0,56503,20781,19748,0,5535,28954,29800,0,45489,47546,60647,0,33528,38069
245.282,0,1,1,1,0,3970,0.4810270793962156,60,2500,21038,0,54109,27242,63638,0,29098,31398,35518,0,601,6224,24615,0,17323,30129
245.302,1,1,25,1,1,15100,0.5544517045454546,64,2500,7919,0,56503,20781,19748,0,5535,28954,29800,0,45489,47546,60647,0,33528,38069
245.319,0,1,1,1,0,3963,0.4810270793962156,60,2500,21038,0,54109,27242,63638,0,29098,31398,35518,0,601,6224,24615,0,17323,30129
245.338,1,1,25,1,1,15162,0.5547301136363637,64,2500,7919,0,56503,20781,19748,0,5535,28954,29800,0,45489,47546,60647,0,33528,38069
245.356,0,1,1,1,0,4022,0.481347593175131,59,2500,21038,0,54109,27242,63638,0,29098,31398,35518,0,601,6224,24615,0,17323,30129
245.375,1,1,25,1,1,15057,0.5545213068181819,64,2500,7919,0,56503,20781,19748,0,5535,28954,29800,0,45489,47546,60647,0,33528,38069
245.393,0,1,1,1,0,3947,0.4810270793962156,60,2500,21038,0,54109,27242,63638,0,29098,31398,35518,0,601,6224,24615,0,17323,30129
245.412,1,1,25,1,1,15121,0.5545213068181819,64,2500,7919,0,56503,20781,19748,0,5535,28954,29800,0,45489,47546,60647,0,33528,38069
245.43,0,1,1,1,0,4038,0.481347593175131,59,2500,21038,0,54109,27242,63638,0,29098,31398,35518,0,601,6224,24615,0,17323,30129
245.449,1,1,25,1,1,15146,0.5545213068181819,64,2500,7919,0,56503,20781,19748,0,5535,28954,29800,0,45489,47546,60647,0,33528,38069
245.467,0,1,1,1,0,3991,0.4815399014424802,59,2500,21038,0,54109,27242,63638,0,29098,31398,35518,0,601,6224,24615,0,17323,30129
245.486,1,1,25,1,1,15255,0.5546605113636364,64,2500,7919,0,56503,20781,19748,0,5535,28954,29800,0,45489,47546,60647,0,33528,38069
245.504,0,1,1,1,0,3960,0.48109118215199864,60,2500,21038,0,54109,27242,63638,0,29098,31398,35518,0,601,6224,24615,0,17323,30129
245.523,1,1,25,1,1,15449,0.5546605113636364,64,2500,7919,0,56503,20781,19748,0,5535,28954,29800,0,45489,47546,60647,0,33528,38069
245.541,0,1,1,1,0,3962,0.48109118215199864,60,2500,21038,0,54109,27242,63638,0,29098,31398,35518,0,601,6224,24615,0,17323,30129
245.56,1,1,25,1,1,15685,0.5547997159090909,64,2500,7919,0,56503,20781,19748,0,5535,28954,29800,0,45489,47546,60647,0,33528,38069
245.578,0,1,1,1,0,4066,0.4811552849077817,60,2500,21038,0,54109,27242,63638,0,29098,31398,35518,0,601,6224,24615,0,17323,30129
245.597,1,1,25,1,1,15659,0.5547997159090909,64,2500,7919,0,56503,20781,19748,0,5535,28954,29800,0,45489,47546,60647,0,33528,38069
245.615,0,1,1,1,0,4161,0.4811552849077817,60,2500,21038,0,54109,27242,63638,0,29098,31398,35518,0,601,6224,24615,0,17323,30129
245.634,1,1,25,1,1,15274,0.5547301136363637,64,2500,7919,0,56503,20781,19748,0,5535,28954,29800,0,45489,47546,60647,0,33528,38069
245.652,0,1,1,1,0,4275,0.48160400419826327,60,2500,21038,0,54109,27242,63638,0,29098,31398,35518,0,601,6224,24615,0,17323,30129
245.671,1,1,25,1,1,14766,0.5548693181818183,64,2500,7919,0,56503,20781,19748,0,5535,28954,29800,0,45489,47546,60647,0,33528,38069
245.689,0,1,1,1,0,4397,0.48173220970982944,60,2500,21038,0,54109,27242,63638,0,29098,31398,35518,0,601,6224,24615,0,17323,30129
245.708,1,1,25,1,1,14023,0.5548693181818183,64,2500,7919,0,56503,20781,19748,0,5535,28954,29800,0,45489,47546,60647,0,33528,38069
245.726,0,1,1,1,0,4511,0.4815399014424802,59,2500,21038,0,54109,27242,63638,0,29098,31398,35518,0,601,6224,24615,0,17323,30129
245.745,1,1,25,1,1,13321,0.5553565340909091,64,2500,7919,0,56503,20781,19748,0,5535,28954,29800,0,45489,47546,60647,0,33528,38069
245.763,0,1,1,1,0,4575,0.481347593175131,60,2500,21038,0,54109,27242,63638,0,29098,31398,35518,0,601,6224,24615,0,17323,30129
245.782,1,1,25,1,1,12704,0.5554957386363637,64,2500,7919,0,56503,20781,19748,0,5535,28954,29800,0,45489,47546,60647,0,33528,38069
245.8,0,1,1,1,0,4589,0.4814757986866971,59,2500,21038,0,54109,27242,63638,0,29098,31398,35518,0,601,6224,24615,0,17323,30129
245.819,1,1,25,1,1,12335,0.5555653409090909,64,2500,7919,0,56503,20781,19748,0,5535,28954,29800,0,45489,47546,60647,0,33528,38069
245.837,0,1,1,1,0,4524,0.4810270793962156,59,2500,21038,0,54109,27242,63638,0,29098,31398,35518,0,601,6224,24615,0,17323,30129
245.856,1,1,25,1,1,12118,0.5553565340909091,64,2500,7919,0,56503,20781,19748,0,5535,28954,29800,0,45489,47546,60647,0,33528,38069
245.874,0,1,1,1,0,4425,0.48109118215199864,59,2500,21038,0,54109,27242,63638,0,29098,31398,35518,0,601,6224,24615,0,17323,30129
245.893,1,1,25,1,1,11847,0.5552869318181819,64,2500,7919,0,56503,20781,19748,0,5535,28954,29800,0,45489,47546,60647,0,33528,38069
245.911,0,1,1,1,0,4174,0.4811552849077817,59,2500,21038,0,54109,27242,63638,0,29098,31398,35518,0,601,6224,24615,0,17323,30129
245.93,1,1,25,1,1,11839,0.5551477272727273,64,2500,7919,0,56503,20781,19748,0,5535,28954,29800,0,45489,47546,60647,0,33528,38069
245.948,0,1,1,1,0,3928,0.48096297664043247,60,2500,21038,0,54109,27242,63638,0,29098,31398,35518,0,601,6224,24615,0,17323,30129
245.967,1,1,25,1,1,12200,0.5551477272727273,64,2500,7919,0,56503,20781,19748,0,5535,28954,29800,0,45489,47546,60647,0,33528,38069
245.985,0,1,1,1,0,2913,0.4875014577303064,61,1200,21038,0,54109,27242,63638,0,29098,31398,35518,0,601,6224,24615,0,17323,30129
246.004,1,1,25,1,1,12536,0.5550781250000001,64,2500,7919,0,56503,20781,19748,0,5535,28954,29800,0,45489,47546,60647,0,33528,38069
246.022,0,1,1,1,0,2727,0.48743735497452334,61,1200,21038,0,54109,27242,63638,0,29098,31398,35518,0,601,6224,24615,0,17323,30129
246.041,1,1,25,1,1,12917,0.5549389204545455,64,2500,7919,0,56503,20781,19748,0,5535,28954,29800,0,45489,47546,60647,0,33528,38069
246.059,0,1,1,1,0,2603,0.48743735497452334,61,1200,21038,0,54109,27242,63638,0,29098,31398,35518,0,601,6224,24615,0,17323,30129
246.078,1,1,25,1,1,13363,0.5550781250000001,64,2500,7919,0,56503,20781,19748,0,5535,28954,29800,0,45489,47546,60647,0,33528,38069
246.096,0,1,1,1,0,11610,0.5435913690404994,68,1200,21038,0,54109,27242,63638,0,29098,31398,35518,0,601,6224,24615,0,17323,30129
246.115,1,1,25,1,1,13850,0.5550781250000001,64,2500,7919,0,56503,20781,19748,0,5535,28954,29800,0,45489,47546,60647,0,33528,38069
246.132,0,1,1,1,0,11686,0.5433349580173672,68,1200,21038,0,54109,27242,63638,0,29098,31398,35518,0,601,6224,24615,0,17323,30129
246.152,1,1,25,1,1,14164,0.5551477272727273,64,2500,7919,0,56503,20781,19748,0,5535,28954,29800,0,45489,47546,60647,0,33528,38069
246.169,0,1,1,1,0,11637,0.5430785469942349,68,1200,21038,0,54109,27242,63638,0,29098,31398,35518,0,601,6224,24615,0,17323,30129
246.189,1,1,25,1,1,14198,0.5552869318181819,64,2500,7919,0,56503,20781,19748,0,5535,28954,29800,0,45489,47546,60647,0,33528,38069
246.206,0,1,1,1,0,11635,0.5430144442384518,68,1200,21038,0,54109,27242,63638,0,29098,31398,35518,0,601,6224,24615,0,17323,30129
246.226,1,1,25,1,1,14150,0.5552869318181819,64,2500,7919,0,56503,20781,19748,0,5535,28954,29800,0,45489,47546,60647,0,33528,38069
246.243,0,1,1,1,0,2659,0.4873732522187403,61,1200,21038,0,54109,27242,63638,0,29098,31398,35518,0,601,6224,24615,0,17323,30129
246.263,1,1,25,1,1,14011,0.5552173295454546,64,2500,7919,0,56503,20781,19748,0,5535,28954,29800,0,45489,47546,60647,0,33528,38069
246.28,0,1,1,1,0,2705,0.48730914946295717,61,1200,21038,0,54109,27242,63638,0,29098,31398,35518,0,601,6224,24615,0,17323,30129
246.3,1,1,25,1,1,13880,0.5552173295454546,64,2500,7919,0,56503,20781,19748,0,5535,28954,29800,0,45489,47546,60647,0,33528,38069
246.317,0,1,1,1,0,2843,0.48730914946295717,61,1200,21038,0,54109,27242,63638,0,29098,31398,35518,0,601,6224,24615,0,17323,30129
246.337,1,1,25,1,1,13433,0.5549389204545455,64,2500,7919,0,56503,20781,19748,0,5535,28954,29800,0,45489,47546,60647,0,33528,38069
246.354,0,1,1,1,0,2945,0.48730914946295717,61,1200,21038,0,54109,27242,63638,0,29098,31398,35518,0,601,6224,24615,0,17323,30129
246.374,1,1,25,1,1,13088,0.5552173295454546,64,2500,7919,0,56503,20781,19748,0,5535,28954,29800,0,45489,47546,60647,0,33528,38069
246.391,0,1,1,1,0,3992,0.48083477112886636,60,2500,21038,0,54109,27242,63638,0,29098,31398,35518,0,601,6224,24615,0,17323,30129
246.411,1,1,25,1,1,12966,0.5556349431818183,64,2500,7919,0,56503,20781,19748,0,5535,28954,29800,0,45489,47546,60647,0,33528,38069
246.428,0,1,1,1,0,4104,0.4808988738846494,60,2500,21038,0,54109,27242,63638,0,29098,31398,35518,0,601,6224,24615,0,17323,30129
246.448,1,1,25,1,1,13173,0.5557045454545455,64,2500,7919,0,56503,20781,19748,0,5535,28954,29800,0,45489,47546,60647,0,33528,38069
246.465,0,1,1,1,0,4231,0.4807065656173002,59,2500,21038,0,54109,27242,63638,0,29098,31398,35518,0,601,6224,24615,0,17323,30129
246.485,1,1,25,1,1,13524,0.5555653409090909,64,2500,7919,0,56503,20781,19748,0,5535,28954,29800,0,45489,47546,60647,0,33528,38069
246.502,0,1,1,1,0,4241,0.48051425734995096,59,2500,21038,0,54109,27242,63638,0,29098,31398,35518,0,601,6224,24615,0,17323,30129
246.522,1,1,25,1,1,13864,0.5554261363636365,64,2500,7919,0,56503,20781,19748,0,5535,28954,29800,0,45489,47546,60647,0,33528,38069
246.539,0,1,1,1,0,4107,0.48083477112886636,60,2500,21038,0,54109,27242,63638,0,29098,31398,35518,0,601,6224,24615,0,17323,30129
246.559,1,1,25,1,1,14053,0.5552869318181819,64,2500,7919,0,56503,20781,19748,0,5535,28954,29800,0,45489,47546,60647,0,33528,38069
246.576,0,1,1,1,0,4064,0.48077066837308324,60,2500,21038,0,54109,27242,63638,0,29098,31398,35518,0,601,6224,24615,0,17323,30129
246.596,1,1,25,1,1,14076,0.5551477272727273,64,2500,7919,0,56503,20781,19748,0,5535,28954,29800,0,45489,47546,60647,0,33528,38069
246.613,0,1,1,1,0,4048,0.48077066837308324,60,2500,21038,0,54109,27242,63638,0,29098,31398,35518,0,601,6224,24615,0,17323,30129
246.633,1,1,25,1,1,14226,0.5552173295454546,64,2500,7919,0,56503,20781,19748,0,5535,28954,29800,0,45489,47546,60647,0,33528,38069
246.65,0,1,1,1,0,4119,0.48045015459416784,59,2500,21038,0,54109,27242,63638,0,29098,31398,35518,0,601,6224,24615,0,17323,30129
246.67,1,1,25,1,1,14325,0.5554261363636365,64,2500,7919,0,56503,20781,19748,0,5535,28954,29800,0,45489,47546,60647,0,33528,38069
246.687,0,1,1,1,0,4174,0.48045015459416784,59,2500,21038,0,54109,27242,63638,0,29098,31398,35518,0,601,6224,24615,0,17323,30129
246.707,1,1,25,1,1,14316,0.5556349431818183,64,2500,7919,0,56503,20781,19748,0,5535,28954,29800,0,45489,47546,60647,0,33528,38069
246.724,0,1,1,1,0,4220,0.48045015459416784,59,2500,21038,0,54109,27242,63638,0,29098,31398,35518,0,601,6224,24615,0,17323,30129
246.744,1,1,25,1,1,14299,0.5556349431818183,64,2500,7919,0,56503,20781,19748,0,5535,28954,29800,0,45489,47546,60647,0,33528,38069
246.761,0,1,1,1,0,4257,0.48051425734995096,59,2500,21038,0,54109,27242,63638,0,29098,31398,35518,0,601,6224,24615,0,17323,30129
246.781,1,1,25,1,1,14444,0.5557741477272727,64,2500,7919,0,56503,20781,19748,0,5535,28954,29800,0,45489,47546,60647,0,33528,38069
246.798,0,1,1,1,0,4303,0.48064246286151713,59,2500,21038,0,54109,27242,63638,0,29098,31398,35518,0,601,6224,24615,0,17323,30129
246.818,1,1,25,1,1,14595,0.5557045454545455,64,2500,7919,0,56503,20781,19748,0,5535,28954,29800,0,45489,47546,60647,0,33528,38069
246.835,0,1,1,1,0,4336,0.4807065656173002,59,2500,21038,0,54109,27242,63638,0,29098,31398,35518,0,601,6224,24615,0,17323,30129
246.855,1,1,25,1,1,14655,0.5555653409090909,64,2500,7919,0,56503,20781,19748,0,5535,28954,29800,0,45489,47546,60647,0,33528,38069
246.872,0,1,1,1,0,4298,0.48083477112886636,59,2500,21038,0,54109,27242,63638,0,29098,31398,35518,0,601,6224,24615,0,17323,30129
246.892,1,1,25,1,1,14853,0.5552869318181819,64,2500,7919,0,56503,20781,19748,0,5535,28954,29800,0,45489,47546,60647,0,33528,38069
246.909,0,1,1,1,0,4249,0.48083477112886636,59,2500,21038,0,54109,27242,63638,0,29098,31398,35518,0,601,6224,24615,0,17323,30129
246.929,1,1,25,1,1,15016,0.5548693181818183,64,2500,7919,0,56503,20781,19748,0,5535,28954,29800,0,45489,47546,60647,0,33528,38069
246.946,0,1,1,1,0,4205,0.4810270793962156,59,2500,21038,0,54109,27242,63638,0,29098,31398,35518,0,601,6224,24615,0,17323,30129
246.966,1,1,25,1,1,14996,0.5544517045454546,64,2500,7919,0,56503,20781,19748,0,5535,28954,29800,0,45489,47546,60647,0,33528,38069
246.983,0,1,1,1,0,4201,0.4808988738846494,59,2500,21038,0,54109,27242,63638,0,29098,31398,35518,0,601,6224,24615,0,17323,30129
247.003,1,1,25,1,1,14933,0.5542428977272728,64,2500,7919,0,56503,20781,19748,0,5535,28954,29800,0,45489,47546,60647,0,33528,38069
247.02,0,1,1,1,0,4201,0.48096297664043247,59,2500,21038,0,54109,27242,63638,0,29098,31398,35518,0,601,6224,24615,0,17323,30129
247.04,1,1,25,1,1,14917,0.5541036931818182,64,2500,7919,0,56503,20781,19748,0,5535,28954,29800,0,45489,47546,60647,0,33528,38069
247.057,0,1,1,1,0,4256,0.4811552849077817,59,2500,21038,0,54109,27242,63638,0,29098,31398,35518,0,601,6224,24615,0,17323,30129
247.077,1,1,25,1,1,14920,0.5539644886363637,64,2500,7919,0,56503,20781,19748,0,5535,28954,29800,0,45489,47546,60647,0,33528,38069
247.094,0,1,1,1,0,4300,0.4811552849077817,59,2500,21038,0,54109,27242,63638,0,29098,31398,35518,0,601,6224,24615,0,17323,30129
247.114,1,1,25,1,1,14983,0.5543125000000001,64,2500,7919,0,56503,20781,19748,0,5535,28954,29800,0,45489,47546,60647,0,33528,38069
247.131,0,1,1,1,0,4348,0.4812193876635648,59,2500,21038,0,54109,27242,63638,0,29098,31398,35518,0,601,6224,24615,0,17323,30129
247.151,1,1,25,1,1,15174,0.5543821022727273,64,2500,7919,0,56503,20781,19748,0,5535,28954,29800,0,45489,47546,60647,0,33528,38069
247.168,0,1,1,1,0,4380,0.481347593175131,59,2500,21038,0,54109,27242,63638,0,29098,31398,35518,0,601,6224,24615,0,17323,30129
247.188,1,1,25,1,1,15592,0.5544517045454546,64,2500,7919,0,56503,20781,19748,0,5535,28954,29800,0,45489,47546,60647,0,33528,38069
247.205,0,1,1,1,0,4373,0.48141169593091404,59,2500,21038,0,54109,27242,63638,0,29098,31398,35518,0,601,6224,24615,0,17323,30129
247.225,1,1,25,1,1,15874,0.5541732954545455,64,2500,7919,0,56503,20781,19748,0,5535,28954,29800,0,45489,47546,60647,0,33528,38069
247.242,0,1,1,1,0,4368,0.48141169593091404,59,2500,21038,0,54109,27242,63638,0,29098,31398,35518,0,601,6224,24615,0,17323,30129
247.262,1,1,25,1,1,16187,0.5541036931818182,64,2500,7919,0,56503,20781,19748,0,5535,28954,29800,0,45489,47546,60647,0,33528,38069
247.279,0,1,1,1,0,4338,0.4815399014424802,59,2500,21038,0,54109,27242,63638,0,29098,31398,35518,0,601,6224,24615,0,17323,30129
247.299,1,1,25,1,1,16370,0.5538948863636364,64,2500,7919,0,56503,20781,19748,0,5535,28954,29800,0,45489,47546,60647,0,33528,38069
247.316,0,1,1,1,0,4303,0.4814757986866971,59,2500,21038,0,54109,27242,63638,0,29098,31398,35518,0,601,6224,24615,0,17323,30129
247.336,1,1,25,1,1,16486,0.5536164772727273,64,2500,7919,0,56503,20781,19748,0,5535,28954,29800,0,45489,47546,60647,0,33528,38069
247.353,0,1,1,1,0,4278,0.4815399014424802,59,2500,21038,0,54109,27242,63638,0,29098,31398,35518,0,601,6224,24615,0,17323,30129
247.373,1,1,25,1,1,16598,0.5534772727272728,64,2500,7919,0,56503,20781,19748,0,5535,28954,29800,0,45489,47546,60647,0,33528,38069
247.39,0,1,1,1,0,4253,0.48160400419826327,59,2500,21038,0,54109,27242,63638,0,29098,31398,35518,0,601,6224,24615,0,17323,30129
247.41,1,1,25,1,1,16521,0.5531988636363637,64,2500,7919,0,56503,20781,19748,0,5535,28954,29800,0,45489,47546,60647,0,33528,38069
247.427,0,1,1,1,0,4247,0.4815399014424802,59,2500,21038,0,54109,27242,63638,0,29098,31398,35518,0,601,6224,24615,0,17323,30129
247.447,1,1,25,1,1,16413,0.5529900568181819,64,2500,7919,0,56503,20781,19748,0,5535,28954,29800,0,45489,47546,60647,0,33528,38069
247.464,0,1,1,1,0,4300,0.4815399014424802,59,2500,21038,0,54109,27242,63638,0,29098,31398,35518,0,601,6224,24615,0,17323,30129
247.484,1,1,25,1,1,16384,0.5531292613636364,64,2500,7919,0,56503,20781,19748,0,5535,28954,29800,0,45489,47546,60647,0,33528,38069
247.501,0,1,1,1,0,4301,0.481347593175131,59,2500,21038,0,54109,27242,63638,0,29098,31398,35518,0,601,6224,24615,0,17323,30129
247.521,1,1,25,1,1,16265,0.553268465909091,64,2500,7919,0,56503,20781,19748,0,5535,28954,29800,0,45489,47546,60647,0,33528,38069
247.538,0,1,1,1,0,4371,0.4814757986866971,59,2500,21038,0,54109,27242,63638,0,29098,31398,35518,0,601,6224,24615,0,17323,30129
247.558,1,1,25,1,1,16222,0.5534772727272728,64,2500,7919,0,56503,20781,19748,0,5535,28954,29800,0,45489,47546,60647,0,33528,38069
247.575,0,1,1,1,0,4356,0.48141169593091404,59,2500,21038,0,54109,27242,63638,0,29098,31398,35518,0,601,6224,24615,0,17323,30129
247.595,1,1,25,1,1,16177,0.5536860795454546,64,2500,7919,0,56503,20781,19748,0,5535,28954,29800,0,45489,47546,60647,0,33528,38069
247.612,0,1,1,1,0,4388,0.4815399014424802,59,2500,21038,0,54109,27242,63638,0,29098,31398,35518,0,601,6224,24615,0,17323,30129
247.632,1,1,25,1,1,16143,0.5537556818181819,64,2500,7919,0,56503,20781,19748,0,5535,28954,29800,0,45489,47546,60647,0,33528,38069
247.649,0,1,1,1,0,4419,0.48160400419826327,59,2500,21038,0,54109,27242,63638,0,29098,31398,35518,0,601,6224,24615,0,17323,30129
247.669,1,1,25,1,1,16087,0.5535468750000001,64,2500,7919,0,56503,20781,19748,0,5535,28954,29800,0,45489,47546,60647,0,33528,38069
247.686,0,1,1,1,0,4471,0.4814757986866971,59,2500,21038,0,54109,27242,63638,0,29098,31398,35518,0,601,6224,24615,0,17323,30129
247.706,1,1,25,1,1,16199,0.5534772727272728,64,2500,7919,0,56503,20781,19748,0,5535,28954,29800,0,45489,47546,60647,0,33528,38069
247.723,0,1,1,1,0,4535,0.48141169593091404,59,2500,21038,0,54109,27242,63638,0,29098,31398,35518,0,601,6224,24615,0,17323,30129
247.743,1,1,25,1,1,16199,0.5535468750000001,64,2500,7919,0,56503,20781,19748,0,5535,28954,29800,0,45489,47546,60647,0,33528,38069
247.76,0,1,1,1,0,4538,0.481347593175131,59,2500,21038,0,54109,27242,63638,0,29098,31398,35518,0,601,6224,24615,0,17323,30129
247.78,1,1,25,1,1,15872,0.5534772727272728,64,2500,7919,0,56503,20781,19748,0,5535,28954,29800,0,45489,47546,60647,0,33528,38069
247.797,0,1,1,1,0,4623,0.4814757986866971,59,2500,21038,0,54109,27242,63638,0,29098,31398,35518,0,601,6224,24615,0,17323,30129
247.817,1,1,25,1,1,15469,0.5534076704545455,64,2500,7919,0,56503,20781,19748,0,5535,28954,29800,0,45489,47546,60647,0,33528,38069
247.834,0,1,1,1,0,4633,0.4815399014424802,59,2500,21038,0,54109,27242,63638,0,29098,31398,35518,0,601,6224,24615,0,17323,30129
247.854,1,1,25,1,1,15022,0.5531988636363637,64,2500,7919,0,56503,20781,19748,0,5535,28954,29800,0,45489,47546,60647,0,33528,38069
247.871,0,1,1,1,0,4608,0.4812193876635648,59,2500,21038,0,54109,27242,63638,0,29098,31398,35518,0,601,6224,24615,0,17323,30129
247.891,1,1,25,1,1,14636,0.5531988636363637,64,2500,7919,0,56503,20781,19748,0,5535,28954,29800,0,45489,47546,60647,0,33528,38069
247.908,0,1,1,1,0,4678,0.48128349041934787,59,2500,21038,0,54109,27242,63638,0,29098,31398,35518,0,601,6224,24615,0,17323,30129
247.928,1,1,25,1,1,13926,0.5528508522727273,64,2500,7919,0,56503,20781,19748,0,5535,28954,29800,0,45489,47546,60647,0,33528,38069
247.945,0,1,1,1,0,4725,0.4812193876635648,59,2500,21038,0,54109,27242,63638,0,29098,31398,35518,0,601,6224,24615,0,17323,30129
247.965,1,1,25,1,1,13134,0.5527116477272728,64,2500,7919,0,56503,20781,19748,0,5535,28954,29800,0,45489,47546,60647,0,33528,38069
247.982,0,1,1,1,0,4798,0.4815399014424802,60,2500,21038,0,54109,27242,63638,0,29098,31398,35518,0,601,6224,24615,0,17323,30129
248.002,1,1,25,1,1,12607,0.5527116477272728,64,2500,7919,0,56503,20781,19748,0,5535,28954,29800,0,45489,47546,60647,0,33528,38069
248.019,0,1,1,1,0,4841,0.4816681069540463,60,2500,21038,0,54109,27242,63638,0,29098,31398,35518,0,601,6224,24615,0,17323,30129
248.039,1,1,25,1,1,11970,0.5527116477272728,64,2500,7919,0,56503,20781,19748,0,5535,28954,29800,0,45489,47546,60647,0,33528,38069
248.056,0,1,1,1,0,4895,0.48173220970982944,60,2500,21038,0,54109,27242,63638,0,29098,31398,35518,0,601,6224,24615,0,17323,30129
248.076,1,1,25,1,1,11497,0.5528508522727273,64,2500,7919,0,56503,20781,19748,0,5535,28954,29800,0,45489,47546,60647,0,33528,38069
248.093,0,1,1,1,0,4914,0.4817963124656125,60,2500,21038,0,54109,27242,63638,0,29098,31398,35518,0,601,6224,24615,0,17323,30129
248.113,1,1,25,1,1,11120,0.5531988636363637,64,2500,7919,0,56503,20781,19748,0,5535,28954,29800,0,45489,47546,60647,0,33528,38069
248.13,0,1,1,1,0,4921,0.48186041522139555,60,2500,21038,0,54109,27242,63638,0,29098,31398,35518,0,601,6224,24615,0,17323,30129
248.15,1,1,25,1,1,10976,0.5538948863636364,64,2500,7919,0,56503,20781,19748,0,5535,28954,29800,0,45489,47546,60647,0,33528,38069
248.167,0,1,1,1,0,4910,0.4817963124656125,60,2500,21038,0,54109,27242,63638,0,29098,31398,35518,0,601,6224,24615,0,17323,30129
248.187,1,1,25,1,1,10895,0.5543821022727273,64,2500,7919,0,56503,20781,19748,0,5535,28954,29800,0,45489,47546,60647,0,33528,38069
248.204,0,1,1,1,0,4892,0.48192451797717867,60,2500,21038,0,54109,27242,63638,0,29098,31398,35518,0,601,6224,24615,0,17323,30129
248.223,1,1,25,1,1,10907,0.5543125000000001,64,2500,7919,0,56503,20781,19748,0,5535,28954,29800,0,45489,47546,60647,0,33528,38069
248.241,0,1,1,1,0,4838,0.48186041522139555,60,2500,21038,0,54109,27242,63638,0,29098,31398,35518,0,601,6224,24615,0,17323,30129
248.26,1,1,25,1,1,10608,0.5542428977272728,64,2500,7919,0,56503,20781,19748,0,5535,28954,29800,0,45489,47546,60647,0,33528,38069
248.278,0,1,1,1,0,4750,0.48186041522139555,60,2500,21038,0,54109,27242,63638,0,29098,31398,35518,0,601,6224,24615,0,17323,30129
248.297,1,1,25,1,1,10305,0.5541036931818182,64,2500,7919,0,56503,20781,19748,0,5535,28954,29800,0,45489,47546,60647,0,33528,38069
248.315,0,1,1,1,0,4659,0.48173220970982944,60,2500,21038,0,54109,27242,63638,0,29098,31398,35518,0,601,6224,24615,0,17323,30129
248.334,1,1,25,1,1,9947,0.554034090909091,64,2500,7919,0,56503,20781,19748,0,5535,28954,29800,0,45489,47546,60647,0,33528,38069
248.352,0,1,1,1,0,4601,0.48160400419826327,60,2500,21038,0,54109,27242,63638,0,29098,31398,35518,0,601,6224,24615,0,17323,30129
248.371,1,1,25,1,1,9792,0.554034090909091,64,2500,7919,0,56503,20781,19748,0,5535,28954,29800,0,45489,47546,60647,0,33528,38069
248.389,0,1,1,1,0,4517,0.48160400419826327,60,2500,21038,0,54109,27242,63638,0,29098,31398,35518,0,601,6224,24615,0,17323,30129
248.408,1,1,25,1,1,9883,0.5538948863636364,64,2500,7919,0,56503,20781,19748,0,5535,28954,29800,0,45489,47546,60647,0,33528,38069
248.426,0,1,1,1,0,4502,0.4816681069540463,60,2500,21038,0,54109,27242,63638,0,29098,31398,35518,0,601,6224,24615,0,17323,30129
248.445,1,1,25,1,1,10121,0.5536860795454546,64,2500,7919,0,56503,20781,19748,0,5535,28954,29800,0,45489,47546,60647,0,33528,38069
248.463,0,1,1,1,0,4514,0.48186041522139555,60,2500,21038,0,54109,27242,63638,0,29098,31398,35518,0,601,6224,24615,0,17323,30129
248.482,1,1,25,1,1,10324,0.5531292613636364,64,2500,7919,0,56503,20781,19748,0,5535,28954,29800,0,45489,47546,60647,0,33528,38069
248.5,0,1,1,1,0,4544,0.48205272348874484,60,2500,21038,0,54109,27242,63638,0,29098,31398,35518,0,601,6224,24615,0,17323,30129
248.519,1,1,25,1,1,10655,0.5528508522727273,64,2500,7919,0,56503,20781,19748,0,5535,28954,29800,0,45489,47546,60647,0,33528,38069
248.537,0,1,1,1,0,4567,0.48205272348874484,60,2500,21038,0,54109,27242,63638,0,29098,31398,35518,0,601,6224,24615,0,17323,30129
248.556,1,1,25,1,1,11059,0.553268465909091,64,2500,7919,0,56503,20781,19748,0,5535,28954,29800,0,45489,47546,60647,0,33528,38069
248.574,0,1,1,1,0,4649,0.4819886207329617,60,2500,21038,0,54109,27242,63638,0,29098,31398,35518,0,601,6224,24615,0,17323,30129
248.593,1,1,25,1,1,11427,0.553268465909091,64,2500,7919,0,56503,20781,19748,0,5535,28954,29800,0,45489,47546,60647,0,33528,38069
248.611,0,1,1,1,0,4697,0.48205272348874484,60,2500,21038,0,54109,27242,63638,0,29098,31398,35518,0,601,6224,24615,0,17323,30129
248.63,1,1,25,1,1,11700,0.5531292613636364,64,2500,7919,0,56503,20781,19748,0,5535,28954,29800,0,45489,47546,60647,0,33528,38069
248.648,0,1,1,1,0,4777,0.4819886207329617,60,2500,21038,0,54109,27242,63638,0,29098,31398,35518,0,601,6224,24615,0,17323,30129
248.667,1,1,25,1,1,11949,0.5528508522727273,64,2500,7919,0,56503,20781,19748,0,5535,28954,29800,0,45489,47546,60647,0,33528,38069
248.685,0,1,1,1,0,4768,0.4821168262445279,60,2500,21038,0,54109,27242,63638,0,29098,31398,35518,0,601,6224,24615,0,17323,30129
248.704,1,1,25,1,1,12252,0.552502840909091,64,2500,7919,0,56503,20781,19748,0,5535,28954,29800,0,45489,47546,60647,0,33528,38069
248.722,0,1,1,1,0,4753,0.48218092900031095,60,2500,21038,0,54109,27242,63638,0,29098,31398,35518,0,601,6224,24615,0,17323,30129
248.741,1,1,25,1,1,12540,0.5518764204545455,64,2500,7919,0,56503,20781,19748,0,5535,28954,29800,0,45489,47546,60647,0,33528,38069
248.759,0,1,1,1,0,4700,0.4823091345118771,60,2500,21038,0,54109,27242,63638,0,29098,31398,35518,0,601,6224,24615,0,17323,30129
248.778,1,1,25,1,1,12753,0.5513196022727274,64,2500,7919,0,56503,20781,19748,0,5535,28954,29800,0,45489,47546,60647,0,33528,38069
248.796,0,1,1,1,0,4661,0.4823091345118771,60,2500,21038,0,54109,27242,63638,0,29098,31398,35518,0,601,6224,24615,0,17323,30129
248.815,1,1,25,1,1,13123,0.5516676136363637,64,2500,7919,0,56503,20781,19748,0,5535,28954,29800,0,45489,47546,60647,0,33528,38069
248.833,0,1,1,1,0,4605,0.4824373400234433,60,2500,21038,0,54109,27242,63638,0,29098,31398,35518,0,601,6224,24615,0,17323,30129
248.852,1,1,25,1,1,13326,0.5518764204545455,64,2500,7919,0,56503,20781,19748,0,5535,28954,29800,0,45489,47546,60647,0,33528,38069
248.87,0,1,1,1,0,4572,0.4824373400234433,60,2500,21038,0,54109,27242,63638,0,29098,31398,35518,0,601,6224,24615,0,17323,30129
248.889,1,1,25,1,1,13506,0.5523636363636364,64,2500,7919,0,56503,20781,19748,0,5535,28954,29800,0,45489,47546,60647,0,33528,38069
248.907,0,1,1,1,0,4542,0.4826296482907925,60,2500,21038,0,54109,27242,63638,0,29098,31398,35518,0,601,6224,24615,0,17323,30129
248.926,1,1,25,1,1,13641,0.5527116477272728,64,2500,7919,0,56503,20781,19748,0,5535,28954,29800,0,45489,47546,60647,0,33528,38069
248.944,0,1,1,1,0,4480,0.4826296482907925,60,2500,21038,0,54109,27242,63638,0,29098,31398,35518,0,601,6224,24615,0,17323,30129
248.963,1,1,25,1,1,13761,0.5531988636363637,64,2500,7919,0,56503,20781,19748,0,5535,28954,29800,0,45489,47546,60647,0,33528,38069
248.981,0,1,1,1,0,4462,0.48282195655814175,60,2500,21038,0,54109,27242,63638,0,29098,31398,35518,0,601,6224,24615,0,17323,30129
249.0,1,1,25,1,1,13758,0.5534772727272728,64,2500,7919,0,56503,20781,19748,0,5535,28954,29800,0,45489,47546,60647,0,33528,38069
249.018,0,1,1,1,0,4496,0.4828860593139248,60,2500,21038,0,54109,27242,63638,0,29098,31398,35518,0,601,6224,24615,0,17323,30129
249.037,1,1,25,1,1,13696,0.5535468750000001,64,2500,7919,0,56503,20781,19748,0,5535,28954,29800,0,45489,47546,60647,0,33528,38069
249.055,0,1,1,1,0,4538,0.48282195655814175,60,2500,21038,0,54109,27242,63638,0,29098,31398,35518,0,601,6224,24615,0,17323,30129
249.074,1,1,25,1,1,13652,0.5536860795454546,64,2500,7919,0,56503,20781,19748,0,5535,28954,29800,0,45489,47546,60647,0,33528,38069
249.092,0,1,1,1,0,4676,0.4829501620697079,60,2500,21038,0,54109,27242,63638,0,29098,31398,35518,0,601,6224,24615,0,17323,30129
249.111,1,1,25,1,1,13642,0.5538948863636364,64,2500,7919,0,56503,20781,19748,0,5535,28954,29800,0,45489,47546,60647,0,33528,38069
249.129,0,1,1,1,0,4758,0.48282195655814175,60,2500,21038,0,54109,27242,63638,0,29098,31398,35518,0,601,6224,24615,0,17323,30129
249.148,1,1,25,1,1,13639,0.5543125000000001,64,2500,7919,0,56503,20781,19748,0,5535,28954,29800,0,45489,47546,60647,0,33528,38069
249.166,0,1,1,1,0,4875,0.4826937510465756,60,2500,21038,0,54109,27242,63638,0,29098,31398,35518,0,601,6224,24615,0,17323,30129
249.185,1,1,25,1,1,13546,0.5542428977272728,64,2500,7919,0,56503,20781,19748,0,5535,28954,29800,0,45489,47546,60647,0,33528,38069
249.203,0,1,1,1,0,4928,0.4826937510465756,60,2500,21038,0,54109,27242,63638,0,29098,31398,35518,0,601,6224,24615,0,17323,30129
249.222,1,1,25,1,1,13442,0.5543125000000001,64,2500,7919,0,56503,20781,19748,0,5535,28954,29800,0,45489,47546,60647,0,33528,38069
249.24,0,1,1,1,0,5005,0.4825655455350094,60,2500,21038,0,54109,27242,63638,0,29098,31398,35518,0,601,6224,24615,0,17323,30129
249.259,1,1,25,1,1,13371,0.554034090909091,64,2500,7919,0,56503,20781,19748,0,5535,28954,29800,0,45489,47546,60647,0,33528,38069
249.276,0,1,1,1,0,5080,0.4824373400234433,60,2500,21038,0,54109,27242,63638,0,29098,31398,35518,0,601,6224,24615,0,17323,30129
249.296,1,1,25,1,1,13305,0.5536860795454546,64,2500,7919,0,56503,20781,19748,0,5535,28954,29800,0,45489,47546,60647,0,33528,38069
249.313,0,1,1,1,0,5147,0.4826937510465756,60,2500,21038,0,54109,27242,63638,0,29098,31398,35518,0,601,6224,24615,0,17323,30129
249.333,1,1,25,1,1,13316,0.5535468750000001,64,2500,7919,0,56503,20781,19748,0,5535,28954,29800,0,45489,47546,60647,0,33528,38069
249.35,0,1,1,1,0,5146,0.4823091345118771,60,2500,21038,0,54109,27242,63638,0,29098,31398,35518,0,601,6224,24615,0,17323,30129
249.37,1,1,25,1,1,13425,0.5536860795454546,64,2500,7919,0,56503,20781,19748,0,5535,28954,29800,0,45489,47546,60647,0,33528,38069
249.387,0,1,1,1,0,5173,0.4823091345118771,60,2500,21038,0,54109,27242,63638,0,29098,31398,35518,0,601,6224,24615,0,17323,30129
249.407,1,1,25,1,1,13408,0.5537556818181819,64,2500,7919,0,56503,20781,19748,0,5535,28954,29800,0,45489,47546,60647,0,33528,38069
249.424,0,1,1,1,0,5151,0.4823091345118771,60,2500,21038,0,54109,27242,63638,0,29098,31398,35518,0,601,6224,24615,0,17323,30129
249.444,1,1,25,1,1,13339,0.5543125000000001,64,2500,7919,0,56503,20781,19748,0,5535,28954,29800,0,45489,47546,60647,0,33528,38069
249.461,0,1,1,1,0,5177,0.4823091345118771,60,2500,21038,0,54109,27242,63638,0,29098,31398,35518,0,601,6224,24615,0,17323,30129
249.481,1,1,25,1,1,13175,0.5545213068181819,64,2500,7919,0,56503,20781,19748,0,5535,28954,29800,0,45489,47546,60647,0,33528,38069
249.498,0,1,1,1,0,5170,0.48218092900031095,60,2500,21038,0,54109,27242,63638,0,29098,31398,35518,0,601,6224,24615,0,17323,30129
249.518,1,1,25,1,1,12968,0.5546605113636364,64,2500,7919,0,56503,20781,19748,0,5535,28954,29800,0,45489,47546,60647,0,33528,38069
249.535,0,1,1,1,0,5189,0.48224503175609407,60,2500,21038,0,54109,27242,63638,0,29098,31398,35518,0,601,6224,24615,0,17323,30129
249.555,1,1,25,1,1,12775,0.5543125000000001,64,2500,7919,0,56503,20781,19748,0,5535,28954,29800,0,45489,47546,60647,0,33528,38069
249.572,0,1,1,1,0,5104,0.4821168262445279,60,2500,21038,0,54109,27242,63638,0,29098,31398,35518,0,601,6224,24615,0,17323,30129
249.592,1,1,25,1,1,12769,0.5543821022727273,64,2500,7919,0,56503,20781,19748,0,5535,28954,29800,0,45489,47546,60647,0,33528,38069
249.609,0,1,1,1,0,5076,0.48205272348874484,60,2500,21038,0,54109,27242,63638,0,29098,31398,35518,0,601,6224,24615,0,17323,30129
249.629,1,1,25,1,1,12788,0.554034090909091,64,2500,7919,0,56503,20781,19748,0,5535,28954,29800,0,45489,47546,60647,0,33528,38069
249.646,0,1,1,1,0,5016,0.4819886207329617,60,2500,21038,0,54109,27242,63638,0,29098,31398,35518,0,601,6224,24615,0,17323,30129
249.666,1,1,25,1,1,12847,0.5537556818181819,64,2500,7919,0,56503,20781,19748,0,5535,28954,29800,0,45489,47546,60647,0,33528,38069
249.683,0,1,1,1,0,4972,0.48192451797717867,60,2500,21038,0,54109,27242,63638,0,29098,31398,35518,0,601,6224,24615,0,17323,30129
249.703,1,1,25,1,1,12823,0.553268465909091,64,2500,7919,0,56503,20781,19748,0,5535,28954,29800,0,45489,47546,60647,0,33528,38069
249.72,0,1,1,1,0,4946,0.4816681069540463,60,2500,21038,0,54109,27242,63638,0,29098,31398,35518,0,601,6224,24615,0,17323,30129
249.74,1,1,25,1,1,12905,0.553268465909091,64,2500,7919,0,56503,20781,19748,0,5535,28954,29800,0,45489,47546,60647,0,33528,38069
249.757,0,1,1,1,0,4906,0.48186041522139555,60,2500,21038,0,54109,27242,63638,0,29098,31398,35518,0,601,6224,24615,0,17323,30129
249.777,1,1,25,1,1,13060,0.5529204545454546,64,2500,7919,0,56503,20781,19748,0,5535,28954,29800,0,45489,47546,60647,0,33528,38069
249.794,0,1,1,1,0,4852,0.48173220970982944,60,2500,21038,0,54109,27242,63638,0,29098,31398,35518,0,601,6224,24615,0,17323,30129
249.814,1,1,25,1,1,13363,0.5530596590909092,64,2500,7919,0,56503,20781,19748,0,5535,28954,29800,0,45489,47546,60647,0,33528,38069
249.831,0,1,1,1,0,4762,0.48160400419826327,60,2500,21038,0,54109,27242,63638,0,29098,31398,35518,0,601,6224,24615,0,17323,30129
249.851,1,1,25,1,1,13716,0.5534772727272728,64,2500,7919,0,56503,20781,19748,0,5535,28954,29800,0,45489,47546,60647,0,33528,38069
249.868,0,1,1,1,0,4659,0.4814757986866971,59,2500,21038,0,54109,27242,63638,0,29098,31398,35518,0,601,6224,24615,0,17323,30129
249.888,1,1,25,1,1,13975,0.5536860795454546,64,2500,7919,0,56503,20781,19748,0,5535,28954,29800,0,45489,47546,60647,0,33528,38069
249.905,0,1,1,1,0,4597,0.481347593175131,59,2500,21038,0,54109,27242,63638,0,29098,31398,35518,0,601,6224,24615,0,17323,30129
249.925,1,1,25,1,1,14156,0.554034090909091,64,2500,7919,0,56503,20781,19748,0,5535,28954,29800,0,45489,47546,60647,0,33528,38069
249.942,0,1,1,1,0,4586,0.48141169593091404,59,2500,21038,0,54109,27242,63638,0,29098,31398,35518,0,601,6224,24615,0,17323,30129
249.962,1,1,25,1,1,14185,0.5543821022727273,64,2500,7919,0,56503,20781,19748,0,5535,28954,29800,0,45489,47546,60647,0,33528,38069
249.979,0,1,1,1,0,4567,0.4815399014424802,59,2500,21038,0,54109,27242,63638,0,29098,31398,35518,0,601,6224,24615,0,17323,30129
249.999,1,1,25,1,1,14172,0.5547301136363637,64,2500,7919,0,56503,20781,19748,0,5535,28954,29800,0,45489,47546,60647,0,33528,38069
250.016,0,1,1,1,0,4624,0.4814757986866971,59,2500,21038,0,54109,27242,63638,0,29098,31398,35518,0,601,6224,24615,0,17323,30129
250.036,1,1,25,1,1,14154,0.5551477272727273,64,2500,7919,0,56503,20781,19748,0,5535,28954,29800,0,45489,47546,60647,0,33528,38069
250.053,0,1,1,1,0,4634,0.48128349041934787,59,2500,21038,0,54109,27242,63638,0,29098,31398,35518,0,601,6224,24615,0,17323,30129
250.073,1,1,25,1,1,14030,0.5549389204545455,64,2500,7919,0,56503,20781,19748,0,5535,28954,29800,0,45489,47546,60647,0,33528,38069
250.09,0,1,1,1,0,4635,0.48128349041934787,59,2500,21038,0,54109,27242,63638,0,29098,31398,35518,0,601,6224,24615,0,17323,30129
250.11,1,1,25,1,1,13927,0.5549389204545455,64,2500,7919,0,56503,20781,19748,0,5535,28954,29800,0,45489,47546,60647,0,33528,38069
250.127,0,1,1,1,0,4642,0.4812193876635648,59,2500,21038,0,54109,27242,63638,0,29098,31398,35518,0,601,6224,24615,0,17323,30129
250.147,1,1,25,1,1,13793,0.5549389204545455,64,2500,7919,0,56503,20781,19748,0,5535,28954,29800,0,45489,47546,60647,0,33528,38069
250.164,0,1,1,1,0,4612,0.4812193876635648,59,2500,21038,0,54109,27242,63638,0,29098,31398,35518,0,601,6224,24615,0,17323,30129
250.184,1,1,25,1,1,13656,0.5549389204545455,64,2500,7919,0,56503,20781,19748,0,5535,28954,29800,0,45489,47546,60647,0,33528,38069
250.201,0,1,1,1,0,4597,0.4811552849077817,59,2500,21038,0,54109,27242,63638,0,29098,31398,35518,0,601,6224,24615,0,17323,30129
250.221,1,1,25,1,1,13507,0.5551477272727273,64,2500,7919,0,56503,20781,19748,0,5535,28954,29800,0,45489,47546,60647,0,33528,38069
250.238,0,1,1,1,0,4625,0.4812193876635648,59,2500,21038,0,54109,27242,63638,0,29098,31398,35518,0,601,6224,24615,0,17323,30129
250.258,1,1,25,1,1,13403,0.5550781250000001,64,2500,7919,0,56503,20781,19748,0,5535,28954,29800,0,45489,47546,60647,0,33528,38069
250.275,0,1,1,1,0,4657,0.4811552849077817,59,2500,21038,0,54109,27242,63638,0,29098,31398,35518,0,601,6224,24615,0,17323,30129
250.295,1,1,25,1,1,13485,0.5553565340909091,64,2500,7919,0,56503,20781,19748,0,5535,28954,29800,0,45489,47546,60647,0,33528,38069
250.312,0,1,1,1,0,4701,0.4812193876635648,59,2500,21038,0,54109,27242,63638,0,29098,31398,35518,0,601,6224,24615,0,17323,30129
250.332,1,1,25,1,1,13624,0.5556349431818183,64,2500,7919,0,56503,20781,19748,0,5535,28954,29800,0,45489,47546,60647,0,33528,38069
250.349,0,1,1,1,0,4713,0.4811552849077817,59,2500,21038,0,54109,27242,63638,0,29098,31398,35518,0,601,6224,24615,0,17323,30129
250.369,1,1,25,1,1,13659,0.5559133522727273,64,2500,7919,0,56503,20781,19748,0,5535,28954,29800,0,45489,47546,60647,0,33528,38069
250.386,0,1,1,1,0,4744,0.4810270793962156,59,2500,21038,0,54109,27242,63638,0,29098,31398,35518,0,601,6224,24615,0,17323,30129
250.406,1,1,25,1,1,13529,0.5560525568181819,64,2500,7919,0,56503,20781,19748,0,5535,28954,29800,0,45489,47546,60647,0,33528,38069
250.423,0,1,1,1,0,4723,0.48109118215199864,59,2500,21038,0,54109,27242,63638,0,29098,31398,35518,0,601,6224,24615,0,17323,30129
250.443,1,1,25,1,1,13459,0.5562613636363637,64,2500,7919,0,56503,20781,19748,0,5535,28954,29800,0,45489,47546,60647,0,33528,38069
250.46,0,1,1,1,0,4697,0.481347593175131,59,2500,21038,0,54109,27242,63638,0,29098,31398,35518,0,601,6224,24615,0,17323,30129
250.48,1,1,25,1,1,13274,0.5561917613636365,64,2500,7919,0,56503,20781,19748,0,5535,28954,29800,0,45489,47546,60647,0,33528,38069
250.497,0,1,1,1,0,4616,0.4811552849077817,59,2500,21038,0,54109,27242,63638,0,29098,31398,35518,0,601,6224,24615,0,17323,30129
250.517,1,1,25,1,1,13098,0.5564701704545455,64,2500,7919,0,56503,20781,19748,0,5535,28954,29800,0,45489,47546,60647,0,33528,38069
250.534,0,1,1,1,0,4585,0.48109118215199864,59,2500,21038,0,54109,27242,63638,0,29098,31398,35518,0,601,6224,24615,0,17323,30129
250.554,1,1,25,1,1,12906,0.5568877840909091,64,2500,7919,0,56503,20781,19748,0,5535,28954,29800,0,45489,47546,60647,0,33528,38069
250.571,0,1,1,1,0,4559,0.48128349041934787,59,2500,21038,0,54109,27242,63638,0,29098,31398,35518,0,601,6224,24615,0,17323,30129
250.591,1,1,25,1,1,12736,0.5575142045454546,64,2500,7919,0,56503,20781,19748,0,5535,28954,29800,0,45489,47546,60647,0,33528,38069
250.608,0,1,1,1,0,4521,0.48128349041934787,59,2500,21038,0,54109,27242,63638,0,29098,31398,35518,0,601,6224,24615,0,17323,30129
250.628,1,1,25,1,1,12534,0.5581406250000001,64,2500,7919,0,56503,20781,19748,0,5535,28954,29800,0,45489,47546,60647,0,33528,38069
250.645,0,1,1,1,0,4448,0.481347593175131,59,2500,21038,0,54109,27242,63638,0,29098,31398,35518,0,601,6224,24615,0,17323,30129
250.665,1,1,25,1,1,4087,0.4918096590909091,57,2500,7919,0,56503,20781,19748,0,5535,28954,29800,0,45489,47546,60647,0,33528,38069
250.682,0,1,1,1,0,4435,0.481347593175131,59,2500,21038,0,54109,27242,63638,0,29098,31398,35518,0,601,6224,24615,0,17323,30129
250.702,1,1,25,1,1,4074,0.4918792613636364,57,2500,7919,0,56503,20781,19748,0,5535,28954,29800,0,45489,47546,60647,0,33528,38069
250.719,0,1,1,1,0,4382,0.4815399014424802,59,2500,21038,0,54109,27242,63638,0,29098,31398,35518,0,601,6224,24615,0,17323,30129
250.739,1,1,25,1,1,4067,0.49153125000000003,57,2500,7919,0,56503,20781,19748,0,5535,28954,29800,0,45489,47546,60647,0,33528,38069
250.756,0,1,1,1,0,4348,0.4814757986866971,59,2500,21038,0,54109,27242,63638,0,29098,31398,35518,0,601,6224,24615,0,17323,30129
250.776,1,1,25,1,1,4036,0.4913920454545455,57,2500,7919,0,56503,20781,19748,0,5535,28954,29800,0,45489,47546,60647,0,33528,38069
250.793,0,1,1,1,0,4294,0.48141169593091404,59,2500,21038,0,54109,27242,63638,0,29098,31398,35518,0,601,6224,24615,0,17323,30129
250.813,1,1,25,1,1,4021,0.4911832386363637,57,2500,7919,0,56503,20781,19748,0,5535,28954,29800,0,45489,47546,60647,0,33528,38069
250.83,0,1,1,1,0,4266,0.4814757986866971,59,2500,21038,0,54109,27242,63638,0,29098,31398,35518,0,601,6224,24615,0,17323,30129
