time[s],SensorID,event,mask,tL.num_valid_targets,tL.reserved,tL.targets[0].amplitude,tL.targets[0].range,tL.targets[0].reserved[0],tL.targets[0].reserved[1],tL.targets[1].amplitude,tL.targets[1].range,tL.targets[1].reserved[0],tL.targets[1].reserved[1],tL.targets[2].amplitude,tL.targets[2].range,tL.targets[2].reserved[0],tL.targets[2].reserved[1],tL.targets[3].amplitude,tL.targets[3].range,tL.targets[3].reserved[0],tL.targets[3].reserved[1],tL.targets[4].amplitude,tL.targets[4].range,tL.targets[4].reserved[0],tL.targets[4].reserved[1]
693.04,0,1,17,1,0,7679,0.5675984497238495,37,1600,16942,0,54111,27247,60086,0,16672,29222,35518,0,80,6224,24615,0,51113,29873
693.081,1,1,25,1,0,4760,0.6145953926401915,36,1600,7919,0,56759,20781,19748,0,6047,28698,29800,0,45489,47546,60647,0,33466,38069
693.117,0,1,17,1,0,7770,0.5681121134792557,37,1600,16942,0,54111,27247,60086,0,16672,29222,35518,0,80,6224,24615,0,51113,29873
693.158,1,1,25,1,0,4760,0.6147348199071243,36,1600,7919,0,56759,20781,19748,0,6047,28698,29800,0,45489,47546,60647,0,33466,38069
693.195,0,1,17,1,0,7878,0.5690110250512166,37,1600,16942,0,54111,27247,60086,0,16672,29222,35518,0,80,6224,24615,0,51113,29873
693.235,1,1,25,1,0,4794,0.6147348199071243,36,1600,7919,0,56759,20781,19748,0,6047,28698,29800,0,45489,47546,60647,0,33466,38069
693.272,0,1,17,1,0,8026,0.5697815206843259,37,1600,16942,0,54111,27247,60086,0,16672,29222,35518,0,80,6224,24615,0,51113,29873
693.312,1,1,25,1,0,4876,0.6147348199071243,36,1600,7919,0,56759,20781,19748,0,6047,28698,29800,0,45489,47546,60647,0,33466,38069
693.349,0,1,17,1,0,8184,0.5706804322562867,37,1600,16942,0,54111,27247,60086,0,16672,29222,35518,0,80,6224,24615,0,51113,29873
693.389,1,1,25,1,0,4903,0.6143165381063257,36,1600,7919,0,56759,20781,19748,0,6047,28698,29800,0,45489,47546,60647,0,33466,38069
693.426,0,1,17,1,0,8293,0.5711940960116929,37,1600,16942,0,54111,27247,60086,0,16672,29222,35518,0,80,6224,24615,0,51113,29873
693.467,1,1,25,1,0,4969,0.6141771108393927,36,1600,7919,0,56759,20781,19748,0,6047,28698,29800,0,45489,47546,60647,0,33466,38069
693.503,0,1,17,1,0,8382,0.571450927889396,37,1600,16942,0,54111,27247,60086,0,16672,29222,35518,0,80,6224,24615,0,51113,29873
693.544,1,1,25,1,0,5002,0.613898256305527,36,1600,7919,0,56759,20781,19748,0,6047,28698,29800,0,45489,47546,60647,0,33466,38069
693.58,0,1,17,1,0,8459,0.5719645916448022,37,1600,16942,0,54111,27247,60086,0,16672,29222,35518,0,80,6224,24615,0,51113,29873
693.621,1,1,25,1,0,4997,0.613898256305527,36,1600,7919,0,56759,20781,19748,0,6047,28698,29800,0,45489,47546,60647,0,33466,38069
693.657,0,1,17,1,0,8518,0.5722214235225053,37,1600,16942,0,54111,27247,60086,0,16672,29222,35518,0,80,6224,24615,0,51113,29873
693.698,1,1,25,1,0,5022,0.6134799745047284,35,1600,7919,0,56759,20781,19748,0,6047,28698,29800,0,45489,47546,60647,0,33466,38069
693.734,0,1,17,1,0,8545,0.5723498394613569,37,1600,16942,0,54111,27247,60086,0,16672,29222,35518,0,80,6224,24615,0,51113,29873
693.775,1,1,25,1,0,5067,0.6132011199708626,35,1600,7919,0,56759,20781,19748,0,6047,28698,29800,0,45489,47546,60647,0,33466,38069
693.811,0,1,17,1,0,8601,0.5727350872779116,37,1600,16942,0,54111,27247,60086,0,16672,29222,35518,0,80,6224,24615,0,51113,29873
693.852,1,1,25,1,0,5123,0.6130616927039296,35,1600,7919,0,56759,20781,19748,0,6047,28698,29800,0,45489,47546,60647,0,33466,38069
693.888,0,1,17,1,0,8574,0.572863503216763,37,1600,16942,0,54111,27247,60086,0,16672,29222,35518,0,80,6224,24615,0,51113,29873
693.929,1,1,25,1,0,5157,0.6129222654369968,35,1600,7919,0,56759,20781,19748,0,6047,28698,29800,0,45489,47546,60647,0,33466,38069
693.965,0,1,17,1,0,8516,0.57260667133906,37,1600,16942,0,54111,27247,60086,0,16672,29222,35518,0,80,6224,24615,0,51113,29873
694.006,1,1,25,1,0,5265,0.6127828381700638,35,1600,7919,0,56759,20781,19748,0,6047,28698,29800,0,45489,47546,60647,0,33466,38069
694.042,0,1,17,1,0,8459,0.57260667133906,37,1600,16942,0,54111,27247,60086,0,16672,29222,35518,0,80,6224,24615,0,51113,29873
694.083,1,1,25,1,0,5310,0.612643410903131,35,1600,7919,0,56759,20781,19748,0,6047,28698,29800,0,45489,47546,60647,0,33466,38069
694.119,0,1,17,1,0,8353,0.57260667133906,37,1600,16942,0,54111,27247,60086,0,16672,29222,35518,0,80,6224,24615,0,51113,29873
694.16,1,1,25,1,0,5429,0.612643410903131,35,1600,7919,0,56759,20781,19748,0,6047,28698,29800,0,45489,47546,60647,0,33466,38069
694.196,0,1,17,1,0,8234,0.5724782554002085,37,1600,16942,0,54111,27247,60086,0,16672,29222,35518,0,80,6224,24615,0,51113,29873
694.237,1,1,25,1,0,5454,0.6125039836361981,35,1600,7919,0,56759,20781,19748,0,6047,28698,29800,0,45489,47546,60647,0,33466,38069
694.273,0,1,17,1,0,8087,0.5723498394613569,37,1600,16942,0,54111,27247,60086,0,16672,29222,35518,0,80,6224,24615,0,51113,29873
694.314,1,1,25,1,0,5488,0.6125039836361981,35,1600,7919,0,56759,20781,19748,0,6047,28698,29800,0,45489,47546,60647,0,33466,38069
694.35,0,1,17,1,0,8018,0.5720930075836538,37,1600,16942,0,54111,27247,60086,0,16672,29222,35518,0,80,6224,24615,0,51113,29873
694.391,1,1,25,1,0,5472,0.612643410903131,35,1600,7919,0,56759,20781,19748,0,6047,28698,29800,0,45489,47546,60647,0,33466,38069
694.427,0,1,17,1,0,8004,0.5720930075836538,37,1600,16942,0,54111,27247,60086,0,16672,29222,35518,0,80,6224,24615,0,51113,29873
694.468,1,1,25,1,0,5447,0.6127828381700638,35,1600,7919,0,56759,20781,19748,0,6047,28698,29800,0,45489,47546,60647,0,33466,38069
694.504,0,1,17,1,0,8137,0.5724782554002085,37,1600,16942,0,54111,27247,60086,0,16672,29222,35518,0,80,6224,24615,0,51113,29873
694.545,1,1,25,1,0,5384,0.6129222654369968,35,1600,7919,0,56759,20781,19748,0,6047,28698,29800,0,45489,47546,60647,0,33466,38069
694.581,0,1,17,1,0,8233,0.5727350872779116,37,1600,16942,0,54111,27247,60086,0,16672,29222,35518,0,80,6224,24615,0,51113,29873
694.622,1,1,25,1,0,5293,0.6129222654369968,35,1600,7919,0,56759,20781,19748,0,6047,28698,29800,0,45489,47546,60647,0,33466,38069
694.658,0,1,17,1,0,8312,0.5729919191556146,37,1600,16942,0,54111,27247,60086,0,16672,29222,35518,0,80,6224,24615,0,51113,29873
694.699,1,1,25,1,0,5237,0.6127828381700638,35,1600,7919,0,56759,20781,19748,0,6047,28698,29800,0,45489,47546,60647,0,33466,38069
694.735,0,1,17,1,0,8376,0.5729919191556146,37,1600,16942,0,54111,27247,60086,0,16672,29222,35518,0,80,6224,24615,0,51113,29873
694.776,1,1,25,1,0,5202,0.6129222654369968,35,1600,7919,0,56759,20781,19748,0,6047,28698,29800,0,45489,47546,60647,0,33466,38069
694.812,0,1,17,1,0,8345,0.5729919191556146,37,1600,16942,0,54111,27247,60086,0,16672,29222,35518,0,80,6224,24615,0,51113,29873
694.853,1,1,25,1,0,5248,0.6127828381700638,35,1600,7919,0,56759,20781,19748,0,6047,28698,29800,0,45489,47546,60647,0,33466,38069
694.889,0,1,17,1,0,8233,0.572863503216763,37,1600,16942,0,54111,27247,60086,0,16672,29222,35518,0,80,6224,24615,0,51113,29873
694.93,1,1,25,1,0,5330,0.612643410903131,35,1600,7919,0,56759,20781,19748,0,6047,28698,29800,0,45489,47546,60647,0,33466,38069
694.966,0,1,17,1,0,8161,0.57260667133906,37,1600,16942,0,54111,27247,60086,0,16672,29222,35518,0,80,6224,24615,0,51113,29873
695.007,1,1,25,1,0,5447,0.6125039836361981,35,1600,7919,0,56759,20781,19748,0,6047,28698,29800,0,45489,47546,60647,0,33466,38069
695.043,0,1,17,1,0,8242,0.5732487510333177,37,1600,16942,0,54111,27247,60086,0,16672,29222,35518,0,80,6224,24615,0,51113,29873
695.084,1,1,25,1,0,5514,0.6123645563692652,35,1600,7919,0,56759,20781,19748,0,6047,28698,29800,0,45489,47546,60647,0,33466,38069
695.12,0,1,17,1,0,8305,0.5736339988498723,37,1600,16942,0,54111,27247,60086,0,16672,29222,35518,0,80,6224,24615,0,51113,29873
695.161,1,1,25,1,0,5553,0.6123645563692652,35,1600,7919,0,56759,20781,19748,0,6047,28698,29800,0,45489,47546,60647,0,33466,38069
695.197,0,1,17,1,0,8360,0.5737624147887239,37,1600,16942,0,54111,27247,60086,0,16672,29222,35518,0,80,6224,24615,0,51113,29873
695.238,1,1,25,1,0,5565,0.6122251291023323,35,1600,7919,0,56759,20781,19748,0,6047,28698,29800,0,45489,47546,60647,0,33466,38069
695.274,0,1,17,1,0,8432,0.5744044944829817,37,1600,16942,0,54111,27247,60086,0,16672,29222,35518,0,80,6224,24615,0,51113,29873
695.315,1,1,25,1,0,5637,0.6122251291023323,35,1600,7919,0,56759,20781,19748,0,6047,28698,29800,0,45489,47546,60647,0,33466,38069
695.351,0,1,17,1,0,8437,0.5745329104218332,37,1600,16942,0,54111,27247,60086,0,16672,29222,35518,0,80,6224,24615,0,51113,29873
695.392,1,1,25,1,0,5694,0.6122251291023323,35,1600,7919,0,56759,20781,19748,0,6047,28698,29800,0,45489,47546,60647,0,33466,38069
695.428,0,1,17,1,0,8324,0.5744044944829817,37,1600,16942,0,54111,27247,60086,0,16672,29222,35518,0,80,6224,24615,0,51113,29873
695.469,1,1,25,1,0,5846,0.6122251291023323,35,1600,7919,0,56759,20781,19748,0,6047,28698,29800,0,45489,47546,60647,0,33466,38069
695.505,0,1,17,1,0,8251,0.5741476626052786,37,1600,16942,0,54111,27247,60086,0,16672,29222,35518,0,80,6224,24615,0,51113,29873
695.546,1,1,25,1,0,5990,0.6120857018353993,35,1600,7919,0,56759,20781,19748,0,6047,28698,29800,0,45489,47546,60647,0,33466,38069
695.582,0,1,17,1,0,8131,0.5736339988498723,37,1600,16942,0,54111,27247,60086,0,16672,29222,35518,0,80,6224,24615,0,51113,29873
695.623,1,1,25,1,0,6131,0.6119462745684665,35,1600,7919,0,56759,20781,19748,0,6047,28698,29800,0,45489,47546,60647,0,33466,38069
695.659,0,1,17,1,0,8184,0.574019246666427,37,1600,16942,0,54111,27247,60086,0,16672,29222,35518,0,80,6224,24615,0,51113,29873
695.7,1,1,25,1,0,6247,0.6122251291023323,35,1600,7919,0,56759,20781,19748,0,6047,28698,29800,0,45489,47546,60647,0,33466,38069
695.736,0,1,17,1,0,8280,0.5742760785441301,37,1600,16942,0,54111,27247,60086,0,16672,29222,35518,0,80,6224,24615,0,51113,29873
695.777,1,1,25,1,0,6275,0.6123645563692652,35,1600,7919,0,56759,20781,19748,0,6047,28698,29800,0,45489,47546,60647,0,33466,38069
695.813,0,1,17,1,0,8364,0.5746613263606848,37,1600,16942,0,54111,27247,60086,0,16672,29222,35518,0,80,6224,24615,0,51113,29873
695.854,1,1,25,1,0,6206,0.6123645563692652,35,1600,7919,0,56759,20781,19748,0,6047,28698,29800,0,45489,47546,60647,0,33466,38069
695.89,0,1,17,1,0,8381,0.5745329104218332,37,1600,16942,0,54111,27247,60086,0,16672,29222,35518,0,80,6224,24615,0,51113,29873
695.931,1,1,25,1,0,6045,0.6125039836361981,35,1600,7919,0,56759,20781,19748,0,6047,28698,29800,0,45489,47546,60647,0,33466,38069
695.967,0,1,17,1,0,8309,0.5744044944829817,37,1600,16942,0,54111,27247,60086,0,16672,29222,35518,0,80,6224,24615,0,51113,29873
696.008,1,1,25,1,0,5880,0.612643410903131,35,1600,7919,0,56759,20781,19748,0,6047,28698,29800,0,45489,47546,60647,0,33466,38069
696.045,0,1,17,1,0,8147,0.5737624147887239,37,1600,16942,0,54111,27247,60086,0,16672,29222,35518,0,80,6224,24615,0,51113,29873
696.085,1,1,25,1,0,5761,0.6129222654369968,35,1600,7919,0,56759,20781,19748,0,6047,28698,29800,0,45489,47546,60647,0,33466,38069
696.122,0,1,17,1,0,7967,0.5731203350944661,37,1600,16942,0,54111,27247,60086,0,16672,29222,35518,0,80,6224,24615,0,51113,29873
696.162,1,1,25,1,0,5667,0.6129222654369968,35,1600,7919,0,56759,20781,19748,0,6047,28698,29800,0,45489,47546,60647,0,33466,38069
696.199,0,1,17,1,0,7851,0.5727350872779116,37,1600,16942,0,54111,27247,60086,0,16672,29222,35518,0,80,6224,24615,0,51113,29873
696.239,1,1,25,1,0,5628,0.6130616927039296,35,1600,7919,0,56759,20781,19748,0,6047,28698,29800,0,45489,47546,60647,0,33466,38069
696.276,0,1,17,1,0,7745,0.5722214235225053,37,1600,16942,0,54111,27247,60086,0,16672,29222,35518,0,80,6224,24615,0,51113,29873
696.316,1,1,25,1,0,5571,0.6130616927039296,35,1600,7919,0,56759,20781,19748,0,6047,28698,29800,0,45489,47546,60647,0,33466,38069
696.353,0,1,17,1,0,7602,0.5718361757059507,37,1600,16942,0,54111,27247,60086,0,16672,29222,35518,0,80,6224,24615,0,51113,29873
696.394,1,1,25,1,0,5565,0.6132011199708626,35,1600,7919,0,56759,20781,19748,0,6047,28698,29800,0,45489,47546,60647,0,33466,38069
696.43,0,1,17,1,0,7421,0.5710656800728414,37,1600,16942,0,54111,27247,60086,0,16672,29222,35518,0,80,6224,24615,0,51113,29873
696.471,1,1,25,1,0,5522,0.6132011199708626,35,1600,7919,0,56759,20781,19748,0,6047,28698,29800,0,45489,47546,60647,0,33466,38069
696.507,0,1,17,1,0,7291,0.5706804322562867,37,1600,16942,0,54111,27247,60086,0,16672,29222,35518,0,80,6224,24615,0,51113,29873
696.548,1,1,25,1,0,5520,0.6132011199708626,35,1600,7919,0,56759,20781,19748,0,6047,28698,29800,0,45489,47546,60647,0,33466,38069
696.584,0,1,17,1,0,7242,0.5706804322562867,37,1600,16942,0,54111,27247,60086,0,16672,29222,35518,0,80,6224,24615,0,51113,29873
696.625,1,1,25,1,0,5542,0.6130616927039296,35,1600,7919,0,56759,20781,19748,0,6047,28698,29800,0,45489,47546,60647,0,33466,38069
696.661,0,1,17,1,0,7327,0.571450927889396,37,1600,16942,0,54111,27247,60086,0,16672,29222,35518,0,80,6224,24615,0,51113,29873
696.702,1,1,25,1,0,5567,0.6133405472377954,35,1600,7919,0,56759,20781,19748,0,6047,28698,29800,0,45489,47546,60647,0,33466,38069
696.738,0,1,17,1,0,7406,0.5719645916448022,37,1600,16942,0,54111,27247,60086,0,16672,29222,35518,0,80,6224,24615,0,51113,29873
696.779,1,1,25,1,0,5592,0.6132011199708626,35,1600,7919,0,56759,20781,19748,0,6047,28698,29800,0,45489,47546,60647,0,33466,38069
696.815,0,1,17,1,0,7510,0.5724782554002085,37,1600,16942,0,54111,27247,60086,0,16672,29222,35518,0,80,6224,24615,0,51113,29873
696.856,1,1,25,1,0,5622,0.6129222654369968,35,1600,7919,0,56759,20781,19748,0,6047,28698,29800,0,45489,47546,60647,0,33466,38069
696.892,0,1,17,1,0,7564,0.57260667133906,37,1600,16942,0,54111,27247,60086,0,16672,29222,35518,0,80,6224,24615,0,51113,29873
696.933,1,1,25,1,0,5636,0.6130616927039296,35,1600,7919,0,56759,20781,19748,0,6047,28698,29800,0,45489,47546,60647,0,33466,38069
696.969,0,1,17,1,0,7553,0.5722214235225053,37,1600,16942,0,54111,27247,60086,0,16672,29222,35518,0,80,6224,24615,0,51113,29873
697.01,1,1,25,1,0,5650,0.6130616927039296,35,1600,7919,0,56759,20781,19748,0,6047,28698,29800,0,45489,47546,60647,0,33466,38069
697.046,0,1,17,1,0,7483,0.5717077597670991,37,1600,16942,0,54111,27247,60086,0,16672,29222,35518,0,80,6224,24615,0,51113,29873
697.087,1,1,25,1,0,5624,0.6129222654369968,35,1600,7919,0,56759,20781,19748,0,6047,28698,29800,0,45489,47546,60647,0,33466,38069
697.123,0,1,17,1,0,7419,0.571450927889396,37,1600,16942,0,54111,27247,60086,0,16672,29222,35518,0,80,6224,24615,0,51113,29873
697.164,1,1,25,1,0,5644,0.6129222654369968,35,1600,7919,0,56759,20781,19748,0,6047,28698,29800,0,45489,47546,60647,0,33466,38069
697.2,0,1,17,1,0,7403,0.5710656800728414,37,1600,16942,0,54111,27247,60086,0,16672,29222,35518,0,80,6224,24615,0,51113,29873
697.241,1,1,25,1,0,5629,0.6129222654369968,35,1600,7919,0,56759,20781,19748,0,6047,28698,29800,0,45489,47546,60647,0,33466,38069
697.277,0,1,17,1,0,7442,0.5711940960116929,37,1600,16942,0,54111,27247,60086,0,16672,29222,35518,0,80,6224,24615,0,51113,29873
697.318,1,1,25,1,0,5605,0.6130616927039296,35,1600,7919,0,56759,20781,19748,0,6047,28698,29800,0,45489,47546,60647,0,33466,38069
697.354,0,1,17,1,0,7439,0.5710656800728414,37,1600,16942,0,54111,27247,60086,0,16672,29222,35518,0,80,6224,24615,0,51113,29873
697.395,1,1,25,1,0,5556,0.6130616927039296,35,1600,7919,0,56759,20781,19748,0,6047,28698,29800,0,45489,47546,60647,0,33466,38069
697.431,0,1,17,1,0,7408,0.5709372641339898,37,1600,16942,0,54111,27247,60086,0,16672,29222,35518,0,80,6224,24615,0,51113,29873
697.472,1,1,25,1,0,5514,0.6132011199708626,35,1600,7919,0,56759,20781,19748,0,6047,28698,29800,0,45489,47546,60647,0,33466,38069
697.508,0,1,17,1,0,7289,0.5701667685008805,37,1600,16942,0,54111,27247,60086,0,16672,29222,35518,0,80,6224,24615,0,51113,29873
697.549,1,1,25,1,0,5448,0.6132011199708626,35,1600,7919,0,56759,20781,19748,0,6047,28698,29800,0,45489,47546,60647,0,33466,38069
697.585,0,1,17,1,0,7203,0.5693962728677713,37,1600,16942,0,54111,27247,60086,0,16672,29222,35518,0,80,6224,24615,0,51113,29873
697.626,1,1,25,1,0,5380,0.6134799745047284,35,1600,7919,0,56759,20781,19748,0,6047,28698,29800,0,45489,47546,60647,0,33466,38069
697.662,0,1,17,1,0,7139,0.568882609112365,37,1600,16942,0,54111,27247,60086,0,16672,29222,35518,0,80,6224,24615,0,51113,29873
697.703,1,1,25,1,0,5377,0.6136194017716612,35,1600,7919,0,56759,20781,19748,0,6047,28698,29800,0,45489,47546,60647,0,33466,38069
697.739,0,1,17,1,0,7115,0.5687541931735135,37,1600,16942,0,54111,27247,60086,0,16672,29222,35518,0,80,6224,24615,0,51113,29873
697.78,1,1,25,1,0,5369,0.6134799745047284,35,1600,7919,0,56759,20781,19748,0,6047,28698,29800,0,45489,47546,60647,0,33466,38069
697.816,0,1,17,1,0,7093,0.5686257772346619,37,1600,16942,0,54111,27247,60086,0,16672,29222,35518,0,80,6224,24615,0,51113,29873
697.857,1,1,25,1,0,5430,0.6133405472377954,35,1600,7919,0,56759,20781,19748,0,6047,28698,29800,0,45489,47546,60647,0,33466,38069
697.893,0,1,17,1,0,7152,0.5692678569289197,37,1600,16942,0,54111,27247,60086,0,16672,29222,35518,0,80,6224,24615,0,51113,29873
697.934,1,1,25,1,0,5409,0.6133405472377954,35,1600,7919,0,56759,20781,19748,0,6047,28698,29800,0,45489,47546,60647,0,33466,38069
697.97,0,1,17,1,0,7287,0.5701667685008805,37,1600,16942,0,54111,27247,60086,0,16672,29222,35518,0,80,6224,24615,0,51113,29873
698.011,1,1,25,1,0,5400,0.6132011199708626,35,1600,7919,0,56759,20781,19748,0,6047,28698,29800,0,45489,47546,60647,0,33466,38069
698.047,0,1,17,1,0,7467,0.5713225119505445,37,1600,16942,0,54111,27247,60086,0,16672,29222,35518,0,80,6224,24615,0,51113,29873
698.088,1,1,25,1,0,5444,0.6133405472377954,35,1600,7919,0,56759,20781,19748,0,6047,28698,29800,0,45489,47546,60647,0,33466,38069
698.124,0,1,17,1,0,7723,0.5727350872779116,37,1600,16942,0,54111,27247,60086,0,16672,29222,35518,0,80,6224,24615,0,51113,29873
698.165,1,1,25,1,0,5520,0.6132011199708626,35,1600,7919,0,56759,20781,19748,0,6047,28698,29800,0,45489,47546,60647,0,33466,38069
698.201,0,1,17,1,0,7944,0.5737624147887239,37,1600,16942,0,54111,27247,60086,0,16672,29222,35518,0,80,6224,24615,0,51113,29873
698.242,1,1,25,1,0,5604,0.6130616927039296,35,1600,7919,0,56759,20781,19748,0,6047,28698,29800,0,45489,47546,60647,0,33466,38069
698.278,0,1,17,1,0,8048,0.5742760785441301,37,1600,16942,0,54111,27247,60086,0,16672,29222,35518,0,80,6224,24615,0,51113,29873
698.319,1,1,25,1,0,5689,0.6129222654369968,35,1600,7919,0,56759,20781,19748,0,6047,28698,29800,0,45489,47546,60647,0,33466,38069
698.355,0,1,17,1,0,7984,0.574019246666427,37,1600,16942,0,54111,27247,60086,0,16672,29222,35518,0,80,6224,24615,0,51113,29873
698.396,1,1,25,1,0,5792,0.6129222654369968,35,1600,7919,0,56759,20781,19748,0,6047,28698,29800,0,45489,47546,60647,0,33466,38069
698.432,0,1,17,1,0,7818,0.5733771669721692,37,1600,16942,0,54111,27247,60086,0,16672,29222,35518,0,80,6224,24615,0,51113,29873
698.473,1,1,25,1,0,5833,0.6127828381700638,35,1600,7919,0,56759,20781,19748,0,6047,28698,29800,0,45489,47546,60647,0,33466,38069
698.509,0,1,17,1,0,7607,0.5720930075836538,37,1600,16942,0,54111,27247,60086,0,16672,29222,35518,0,80,6224,24615,0,51113,29873
698.55,1,1,25,1,0,5895,0.6127828381700638,35,1600,7919,0,56759,20781,19748,0,6047,28698,29800,0,45489,47546,60647,0,33466,38069
698.586,0,1,17,1,0,7355,0.5708088481951382,37,1600,16942,0,54111,27247,60086,0,16672,29222,35518,0,80,6224,24615,0,51113,29873
698.627,1,1,25,1,0,5888,0.6127828381700638,35,1600,7919,0,56759,20781,19748,0,6047,28698,29800,0,45489,47546,60647,0,33466,38069
698.663,0,1,17,1,0,7078,0.5690110250512166,37,1600,16942,0,54111,27247,60086,0,16672,29222,35518,0,80,6224,24615,0,51113,29873
698.704,1,1,25,1,0,5873,0.6130616927039296,35,1600,7919,0,56759,20781,19748,0,6047,28698,29800,0,45489,47546,60647,0,33466,38069
698.74,0,1,17,1,0,6784,0.5672132019072949,37,1600,16942,0,54111,27247,60086,0,16672,29222,35518,0,80,6224,24615,0,51113,29873
698.781,1,1,25,1,0,5836,0.6130616927039296,35,1600,7919,0,56759,20781,19748,0,6047,28698,29800,0,45489,47546,60647,0,33466,38069
698.817,0,1,17,1,0,6665,0.5664427062741856,37,1600,16942,0,54111,27247,60086,0,16672,29222,35518,0,80,6224,24615,0,51113,29873
698.858,1,1,25,1,0,5746,0.6133405472377954,35,1600,7919,0,56759,20781,19748,0,6047,28698,29800,0,45489,47546,60647,0,33466,38069
698.894,0,1,17,1,0,6736,0.5665711222130372,37,1600,16942,0,54111,27247,60086,0,16672,29222,35518,0,80,6224,24615,0,51113,29873
698.935,1,1,25,1,0,5626,0.6133405472377954,35,1600,7919,0,56759,20781,19748,0,6047,28698,29800,0,45489,47546,60647,0,33466,38069
698.972,0,1,17,1,0,7046,0.5683689453569588,37,1600,16942,0,54111,27247,60086,0,16672,29222,35518,0,80,6224,24615,0,51113,29873
699.012,1,1,25,1,0,5522,0.6133405472377954,35,1600,7919,0,56759,20781,19748,0,6047,28698,29800,0,45489,47546,60647,0,33466,38069
699.049,0,1,17,1,0,7410,0.570295184439732,37,1600,16942,0,54111,27247,60086,0,16672,29222,35518,0,80,6224,24615,0,51113,29873
699.089,1,1,25,1,0,5492,0.6130616927039296,35,1600,7919,0,56759,20781,19748,0,6047,28698,29800,0,45489,47546,60647,0,33466,38069
699.126,0,1,17,1,0,7759,0.5720930075836538,37,1600,16942,0,54111,27247,60086,0,16672,29222,35518,0,80,6224,24615,0,51113,29873
699.166,1,1,25,1,0,5567,0.6129222654369968,35,1600,7919,0,56759,20781,19748,0,6047,28698,29800,0,45489,47546,60647,0,33466,38069
699.203,0,1,17,1,0,8140,0.5737624147887239,37,1600,16942,0,54111,27247,60086,0,16672,29222,35518,0,80,6224,24615,0,51113,29873
699.244,1,1,25,1,0,5693,0.6127828381700638,35,1600,7919,0,56759,20781,19748,0,6047,28698,29800,0,45489,47546,60647,0,33466,38069
699.28,0,1,17,1,0,8575,0.5758170698103487,37,1600,16942,0,54111,27247,60086,0,16672,29222,35518,0,80,6224,24615,0,51113,29873
699.321,1,1,25,1,0,5787,0.6127828381700638,35,1600,7919,0,56759,20781,19748,0,6047,28698,29800,0,45489,47546,60647,0,33466,38069
699.357,0,1,17,1,0,8946,0.577743308893122,37,1600,16942,0,54111,27247,60086,0,16672,29222,35518,0,80,6224,24615,0,51113,29873
699.398,1,1,25,1,0,5922,0.6125039836361981,35,1600,7919,0,56759,20781,19748,0,6047,28698,29800,0,45489,47546,60647,0,33466,38069
699.434,0,1,17,1,0,9429,0.5800547957924499,38,1600,16942,0,54111,27247,60086,0,16672,29222,35518,0,80,6224,24615,0,51113,29873
699.475,1,1,25,1,0,6072,0.6123645563692652,35,1600,7919,0,56759,20781,19748,0,6047,28698,29800,0,45489,47546,60647,0,33466,38069
699.511,0,1,17,1,0,9702,0.581467371119817,38,1600,16942,0,54111,27247,60086,0,16672,29222,35518,0,80,6224,24615,0,51113,29873
699.552,1,1,25,1,0,6227,0.6122251291023323,35,1600,7919,0,56759,20781,19748,0,6047,28698,29800,0,45489,47546,60647,0,33466,38069
699.588,0,1,17,1,0,9726,0.5822378667529262,38,1600,16942,0,54111,27247,60086,0,16672,29222,35518,0,80,6224,24615,0,51113,29873
699.629,1,1,25,1,0,6357,0.6120857018353993,35,1600,7919,0,56759,20781,19748,0,6047,28698,29800,0,45489,47546,60647,0,33466,38069
699.665,0,1,17,1,0,9637,0.5823662826917777,38,1600,16942,0,54111,27247,60086,0,16672,29222,35518,0,80,6224,24615,0,51113,29873
699.706,1,1,25,1,0,6472,0.6120857018353993,35,1600,7919,0,56759,20781,19748,0,6047,28698,29800,0,45489,47546,60647,0,33466,38069
699.742,0,1,17,1,0,9495,0.5819810348752231,38,1600,16942,0,54111,27247,60086,0,16672,29222,35518,0,80,6224,24615,0,51113,29873
699.783,1,1,25,1,0,6508,0.6120857018353993,35,1600,7919,0,56759,20781,19748,0,6047,28698,29800,0,45489,47546,60647,0,33466,38069
699.819,0,1,17,1,0,9157,0.5806968754867076,38,1600,16942,0,54111,27247,60086,0,16672,29222,35518,0,80,6224,24615,0,51113,29873
699.86,1,1,25,1,0,6543,0.6119462745684665,35,1600,7919,0,56759,20781,19748,0,6047,28698,29800,0,45489,47546,60647,0,33466,38069
699.896,0,1,17,1,0,8784,0.5790274682816374,38,1600,16942,0,54111,27247,60086,0,16672,29222,35518,0,80,6224,24615,0,51113,29873
699.937,1,1,25,1,0,6565,0.6120857018353993,35,1600,7919,0,56759,20781,19748,0,6047,28698,29800,0,45489,47546,60647,0,33466,38069
699.973,0,1,17,1,0,8190,0.576587565443458,37,1600,16942,0,54111,27247,60086,0,16672,29222,35518,0,80,6224,24615,0,51113,29873
700.014,1,1,25,1,0,6632,0.6120857018353993,35,1600,7919,0,56759,20781,19748,0,6047,28698,29800,0,45489,47546,60647,0,33466,38069
700.05,0,1,17,1,0,7697,0.5746613263606848,37,1600,16942,0,54111,27247,60086,0,16672,29222,35518,0,80,6224,24615,0,51113,29873
700.091,1,1,25,1,0,6649,0.6122251291023323,35,1600,7919,0,56759,20781,19748,0,6047,28698,29800,0,45489,47546,60647,0,33466,38069
700.127,0,1,17,1,0,7497,0.5737624147887239,37,1600,16942,0,54111,27247,60086,0,16672,29222,35518,0,80,6224,24615,0,51113,29873
700.168,1,1,25,1,0,6554,0.6123645563692652,35,1600,7919,0,56759,20781,19748,0,6047,28698,29800,0,45489,47546,60647,0,33466,38069
700.204,0,1,17,1,0,7405,0.5733771669721692,37,1600,16942,0,54111,27247,60086,0,16672,29222,35518,0,80,6224,24615,0,51113,29873
700.245,1,1,25,1,0,6305,0.6127828381700638,35,1600,7919,0,56759,20781,19748,0,6047,28698,29800,0,45489,47546,60647,0,33466,38069
700.281,0,1,17,1,0,7283,0.57260667133906,37,1600,16942,0,54111,27247,60086,0,16672,29222,35518,0,80,6224,24615,0,51113,29873
700.322,1,1,25,1,0,5980,0.6129222654369968,35,1600,7919,0,56759,20781,19748,0,6047,28698,29800,0,45489,47546,60647,0,33466,38069
700.358,0,1,17,1,0,7059,0.5715793438282476,37,1600,16942,0,54111,27247,60086,0,16672,29222,35518,0,80,6224,24615,0,51113,29873
700.399,1,1,25,1,0,5808,0.6129222654369968,35,1600,7919,0,56759,20781,19748,0,6047,28698,29800,0,45489,47546,60647,0,33466,38069
700.435,0,1,17,1,0,6929,0.5709372641339898,37,1600,16942,0,54111,27247,60086,0,16672,29222,35518,0,80,6224,24615,0,51113,29873
700.476,1,1,25,1,0,5734,0.6129222654369968,35,1600,7919,0,56759,20781,19748,0,6047,28698,29800,0,45489,47546,60647,0,33466,38069
700.512,0,1,17,1,0,6844,0.5701667685008805,37,1600,16942,0,54111,27247,60086,0,16672,29222,35518,0,80,6224,24615,0,51113,29873
700.553,1,1,25,1,0,5622,0.6127828381700638,35,1600,7919,0,56759,20781,19748,0,6047,28698,29800,0,45489,47546,60647,0,33466,38069
700.589,0,1,17,1,0,6852,0.5696531047454744,37,1600,16942,0,54111,27247,60086,0,16672,29222,35518,0,80,6224,24615,0,51113,29873
700.63,1,1,25,1,0,5599,0.6130616927039296,35,1600,7919,0,56759,20781,19748,0,6047,28698,29800,0,45489,47546,60647,0,33466,38069
700.666,0,1,17,1,0,6854,0.5692678569289197,37,1600,16942,0,54111,27247,60086,0,16672,29222,35518,0,80,6224,24615,0,51113,29873
700.707,1,1,25,1,0,5539,0.6130616927039296,35,1600,7919,0,56759,20781,19748,0,6047,28698,29800,0,45489,47546,60647,0,33466,38069
700.743,0,1,17,1,0,6769,0.5684973612958104,37,1600,16942,0,54111,27247,60086,0,16672,29222,35518,0,80,6224,24615,0,51113,29873
700.784,1,1,25,1,0,5570,0.6132011199708626,35,1600,7919,0,56759,20781,19748,0,6047,28698,29800,0,45489,47546,60647,0,33466,38069
700.82,0,1,17,1,0,6626,0.5675984497238495,37,1600,16942,0,54111,27247,60086,0,16672,29222,35518,0,80,6224,24615,0,51113,29873
700.861,1,1,25,1,0,5593,0.6132011199708626,35,1600,7919,0,56759,20781,19748,0,6047,28698,29800,0,45489,47546,60647,0,33466,38069
700.897,0,1,17,1,0,6568,0.5670847859684434,37,1600,16942,0,54111,27247,60086,0,16672,29222,35518,0,80,6224,24615,0,51113,29873
700.938,1,1,25,1,0,5620,0.6133405472377954,35,1600,7919,0,56759,20781,19748,0,6047,28698,29800,0,45489,47546,60647,0,33466,38069
700.974,0,1,17,1,0,6535,0.5670847859684434,37,1600,16942,0,54111,27247,60086,0,16672,29222,35518,0,80,6224,24615,0,51113,29873
701.015,1,1,25,1,0,5607,0.6133405472377954,36,1600,7919,0,56759,20781,19748,0,6047,28698,29800,0,45489,47546,60647,0,33466,38069
701.051,0,1,17,1,0,6524,0.5674700337849979,37,1600,16942,0,54111,27247,60086,0,16672,29222,35518,0,80,6224,24615,0,51113,29873
701.092,1,1,25,1,0,5704,0.6133405472377954,35,1600,7919,0,56759,20781,19748,0,6047,28698,29800,0,45489,47546,60647,0,33466,38069
701.128,0,1,17,1,0,6496,0.5675984497238495,37,1600,16942,0,54111,27247,60086,0,16672,29222,35518,0,80,6224,24615,0,51113,29873
701.169,1,1,25,1,0,5748,0.6133405472377954,35,1600,7919,0,56759,20781,19748,0,6047,28698,29800,0,45489,47546,60647,0,33466,38069
701.205,0,1,17,1,0,6494,0.5675984497238495,37,1600,16942,0,54111,27247,60086,0,16672,29222,35518,0,80,6224,24615,0,51113,29873
701.246,1,1,25,1,0,5882,0.6133405472377954,35,1600,7919,0,56759,20781,19748,0,6047,28698,29800,0,45489,47546,60647,0,33466,38069
701.282,0,1,17,1,0,6543,0.5679836975404042,37,1600,16942,0,54111,27247,60086,0,16672,29222,35518,0,80,6224,24615,0,51113,29873
701.323,1,1,25,1,0,5954,0.6133405472377954,35,1600,7919,0,56759,20781,19748,0,6047,28698,29800,0,45489,47546,60647,0,33466,38069
701.359,0,1,17,1,0,6564,0.5682405294181073,37,1600,16942,0,54111,27247,60086,0,16672,29222,35518,0,80,6224,24615,0,51113,29873
701.4,1,1,25,1,0,6040,0.6132011199708626,35,1600,7919,0,56759,20781,19748,0,6047,28698,29800,0,45489,47546,60647,0,33466,38069
701.436,0,1,17,1,0,6554,0.5681121134792557,37,1600,16942,0,54111,27247,60086,0,16672,29222,35518,0,80,6224,24615,0,51113,29873
701.477,1,1,25,1,0,6078,0.6130616927039296,35,1600,7919,0,56759,20781,19748,0,6047,28698,29800,0,45489,47546,60647,0,33466,38069
701.513,0,1,17,1,0,6545,0.5683689453569588,37,1600,16942,0,54111,27247,60086,0,16672,29222,35518,0,80,6224,24615,0,51113,29873
701.554,1,1,25,1,0,6081,0.6129222654369968,35,1600,7919,0,56759,20781,19748,0,6047,28698,29800,0,45489,47546,60647,0,33466,38069
701.59,0,1,17,1,0,6418,0.5681121134792557,37,1600,16942,0,54111,27247,60086,0,16672,29222,35518,0,80,6224,24615,0,51113,29873
701.631,1,1,25,1,0,6080,0.6127828381700638,35,1600,7919,0,56759,20781,19748,0,6047,28698,29800,0,45489,47546,60647,0,33466,38069
701.667,0,1,17,1,0,6351,0.5679836975404042,37,1600,16942,0,54111,27247,60086,0,16672,29222,35518,0,80,6224,24615,0,51113,29873
701.708,1,1,25,1,0,6102,0.6125039836361981,35,1600,7919,0,56759,20781,19748,0,6047,28698,29800,0,45489,47546,60647,0,33466,38069
701.744,0,1,17,1,0,6285,0.5679836975404042,37,1600,16942,0,54111,27247,60086,0,16672,29222,35518,0,80,6224,24615,0,51113,29873
701.785,1,1,25,1,0,6094,0.6125039836361981,35,1600,7919,0,56759,20781,19748,0,6047,28698,29800,0,45489,47546,60647,0,33466,38069
701.822,0,1,17,1,0,6266,0.5679836975404042,37,1600,16942,0,54111,27247,60086,0,16672,29222,35518,0,80,6224,24615,0,51113,29873
701.862,1,1,25,1,0,6121,0.6125039836361981,35,1600,7919,0,56759,20781,19748,0,6047,28698,29800,0,45489,47546,60647,0,33466,38069
701.899,0,1,17,1,0,6267,0.5679836975404042,37,1600,16942,0,54111,27247,60086,0,16672,29222,35518,0,80,6224,24615,0,51113,29873
701.939,1,1,25,1,0,6182,0.6125039836361981,35,1600,7919,0,56759,20781,19748,0,6047,28698,29800,0,45489,47546,60647,0,33466,38069
701.976,0,1,17,1,0,6280,0.5679836975404042,37,1600,16942,0,54111,27247,60086,0,16672,29222,35518,0,80,6224,24615,0,51113,29873
702.016,1,1,25,1,0,6198,0.612643410903131,35,1600,7919,0,56759,20781,19748,0,6047,28698,29800,0,45489,47546,60647,0,33466,38069
702.053,0,1,17,1,0,6254,0.5678552816015526,37,1600,16942,0,54111,27247,60086,0,16672,29222,35518,0,80,6224,24615,0,51113,29873
702.093,1,1,25,1,0,6220,0.612643410903131,35,1600,7919,0,56759,20781,19748,0,6047,28698,29800,0,45489,47546,60647,0,33466,38069
702.13,0,1,17,1,0,6202,0.5674700337849979,37,1600,16942,0,54111,27247,60086,0,16672,29222,35518,0,80,6224,24615,0,51113,29873
702.171,1,1,25,1,0,6255,0.612643410903131,35,1600,7919,0,56759,20781,19748,0,6047,28698,29800,0,45489,47546,60647,0,33466,38069
702.207,0,1,17,1,0,6136,0.5670847859684434,37,1600,16942,0,54111,27247,60086,0,16672,29222,35518,0,80,6224,24615,0,51113,29873
702.248,1,1,25,1,0,6297,0.612643410903131,35,1600,7919,0,56759,20781,19748,0,6047,28698,29800,0,45489,47546,60647,0,33466,38069
702.284,0,1,17,1,0,6082,0.5665711222130372,36,1600,16942,0,54111,27247,60086,0,16672,29222,35518,0,80,6224,24615,0,51113,29873
702.325,1,1,25,1,0,6362,0.612643410903131,35,1600,7919,0,56759,20781,19748,0,6047,28698,29800,0,45489,47546,60647,0,33466,38069
702.361,0,1,17,1,0,6069,0.5664427062741856,36,1600,16942,0,54111,27247,60086,0,16672,29222,35518,0,80,6224,24615,0,51113,29873
702.402,1,1,25,1,0,6438,0.612643410903131,35,1600,7919,0,56759,20781,19748,0,6047,28698,29800,0,45489,47546,60647,0,33466,38069
702.438,0,1,17,1,0,6115,0.5664427062741856,36,1600,16942,0,54111,27247,60086,0,16672,29222,35518,0,80,6224,24615,0,51113,29873
702.479,1,1,25,1,0,6508,0.612643410903131,35,1600,7919,0,56759,20781,19748,0,6047,28698,29800,0,45489,47546,60647,0,33466,38069
702.515,0,1,17,1,0,6205,0.5666995381518887,36,1600,16942,0,54111,27247,60086,0,16672,29222,35518,0,80,6224,24615,0,51113,29873
702.556,1,1,25,1,0,6465,0.6123645563692652,35,1600,7919,0,56759,20781,19748,0,6047,28698,29800,0,45489,47546,60647,0,33466,38069
702.592,0,1,17,1,0,6270,0.5669563700295918,37,1600,16942,0,54111,27247,60086,0,16672,29222,35518,0,80,6224,24615,0,51113,29873
702.633,1,1,25,1,0,6379,0.6123645563692652,35,1600,7919,0,56759,20781,19748,0,6047,28698,29800,0,45489,47546,60647,0,33466,38069
702.669,0,1,17,1,0,6367,0.5670847859684434,36,1600,16942,0,54111,27247,60086,0,16672,29222,35518,0,80,6224,24615,0,51113,29873
702.71,1,1,25,1,0,6366,0.6122251291023323,35,1600,7919,0,56759,20781,19748,0,6047,28698,29800,0,45489,47546,60647,0,33466,38069
702.746,0,1,17,1,0,6476,0.567726865662701,37,1600,16942,0,54111,27247,60086,0,16672,29222,35518,0,80,6224,24615,0,51113,29873
702.787,1,1,25,1,0,6364,0.6122251291023323,35,1600,7919,0,56759,20781,19748,0,6047,28698,29800,0,45489,47546,60647,0,33466,38069
702.823,0,1,17,1,0,6591,0.5681121134792557,37,1600,16942,0,54111,27247,60086,0,16672,29222,35518,0,80,6224,24615,0,51113,29873
702.864,1,1,25,1,0,6377,0.6119462745684665,35,1600,7919,0,56759,20781,19748,0,6047,28698,29800,0,45489,47546,60647,0,33466,38069
702.9,0,1,17,1,0,6788,0.5693962728677713,37,1600,16942,0,54111,27247,60086,0,16672,29222,35518,0,80,6224,24615,0,51113,29873
702.941,1,1,25,1,0,6431,0.6119462745684665,35,1600,7919,0,56759,20781,19748,0,6047,28698,29800,0,45489,47546,60647,0,33466,38069
702.977,0,1,17,1,0,6941,0.570295184439732,37,1600,16942,0,54111,27247,60086,0,16672,29222,35518,0,80,6224,24615,0,51113,29873
703.018,1,1,25,1,0,6491,0.6118068473015336,35,1600,7919,0,56759,20781,19748,0,6047,28698,29800,0,45489,47546,60647,0,33466,38069
703.054,0,1,17,1,0,7180,0.5713225119505445,37,1600,16942,0,54111,27247,60086,0,16672,29222,35518,0,80,6224,24615,0,51113,29873
703.095,1,1,25,1,0,6465,0.6116674200346007,35,1600,7919,0,56759,20781,19748,0,6047,28698,29800,0,45489,47546,60647,0,33466,38069
703.131,0,1,17,1,0,7367,0.5722214235225053,37,1600,16942,0,54111,27247,60086,0,16672,29222,35518,0,80,6224,24615,0,51113,29873
703.172,1,1,25,1,0,6450,0.6116674200346007,35,1600,7919,0,56759,20781,19748,0,6047,28698,29800,0,45489,47546,60647,0,33466,38069
703.208,0,1,17,1,0,7557,0.5729919191556146,37,1600,16942,0,54111,27247,60086,0,16672,29222,35518,0,80,6224,24615,0,51113,29873
703.249,1,1,25,1,0,6441,0.6115279927676678,35,1600,7919,0,56759,20781,19748,0,6047,28698,29800,0,45489,47546,60647,0,33466,38069
703.285,0,1,17,1,0,7762,0.5738908307275755,37,1600,16942,0,54111,27247,60086,0,16672,29222,35518,0,80,6224,24615,0,51113,29873
703.326,1,1,25,1,0,6404,0.611388565500735,35,1600,7919,0,56759,20781,19748,0,6047,28698,29800,0,45489,47546,60647,0,33466,38069
703.362,0,1,17,1,0,7963,0.5745329104218332,37,1600,16942,0,54111,27247,60086,0,16672,29222,35518,0,80,6224,24615,0,51113,29873
703.403,1,1,25,1,0,6406,0.611388565500735,35,1600,7919,0,56759,20781,19748,0,6047,28698,29800,0,45489,47546,60647,0,33466,38069
703.439,0,1,17,1,0,8136,0.5750465741772394,37,1600,16942,0,54111,27247,60086,0,16672,29222,35518,0,80,6224,24615,0,51113,29873
703.48,1,1,25,1,0,6391,0.6115279927676678,35,1600,7919,0,56759,20781,19748,0,6047,28698,29800,0,45489,47546,60647,0,33466,38069
703.516,0,1,17,1,0,8322,0.5756886538714971,37,1600,16942,0,54111,27247,60086,0,16672,29222,35518,0,80,6224,24615,0,51113,29873
703.557,1,1,25,1,0,6347,0.6115279927676678,35,1600,7919,0,56759,20781,19748,0,6047,28698,29800,0,45489,47546,60647,0,33466,38069
703.593,0,1,17,1,0,8454,0.5760739016880518,37,1600,16942,0,54111,27247,60086,0,16672,29222,35518,0,80,6224,24615,0,51113,29873
703.634,1,1,25,1,0,6267,0.6116674200346007,35,1600,7919,0,56759,20781,19748,0,6047,28698,29800,0,45489,47546,60647,0,33466,38069
703.67,0,1,17,1,0,8449,0.5758170698103487,37,1600,16942,0,54111,27247,60086,0,16672,29222,35518,0,80,6224,24615,0,51113,29873
703.711,1,1,25,1,0,6220,0.6118068473015336,35,1600,7919,0,56759,20781,19748,0,6047,28698,29800,0,45489,47546,60647,0,33466,38069
703.747,0,1,17,1,0,8445,0.5755602379326457,37,1600,16942,0,54111,27247,60086,0,16672,29222,35518,0,80,6224,24615,0,51113,29873
703.788,1,1,25,1,0,6109,0.6119462745684665,35,1600,7919,0,56759,20781,19748,0,6047,28698,29800,0,45489,47546,60647,0,33466,38069
703.824,0,1,17,1,0,8403,0.5753034060549425,37,1600,16942,0,54111,27247,60086,0,16672,29222,35518,0,80,6224,24615,0,51113,29873
703.865,1,1,25,1,0,5999,0.6122251291023323,35,1600,7919,0,56759,20781,19748,0,6047,28698,29800,0,45489,47546,60647,0,33466,38069
703.901,0,1,17,1,0,8317,0.5746613263606848,37,1600,16942,0,54111,27247,60086,0,16672,29222,35518,0,80,6224,24615,0,51113,29873
703.942,1,1,25,1,0,5902,0.6123645563692652,35,1600,7919,0,56759,20781,19748,0,6047,28698,29800,0,45489,47546,60647,0,33466,38069
703.978,0,1,17,1,0,8241,0.5742760785441301,37,1600,16942,0,54111,27247,60086,0,16672,29222,35518,0,80,6224,24615,0,51113,29873
704.019,1,1,25,1,0,5805,0.612643410903131,35,1600,7919,0,56759,20781,19748,0,6047,28698,29800,0,45489,47546,60647,0,33466,38069
704.055,0,1,17,1,0,8066,0.5736339988498723,37,1600,16942,0,54111,27247,60086,0,16672,29222,35518,0,80,6224,24615,0,51113,29873
704.096,1,1,25,1,0,5746,0.6127828381700638,35,1600,7919,0,56759,20781,19748,0,6047,28698,29800,0,45489,47546,60647,0,33466,38069
704.132,0,1,17,1,0,7833,0.57260667133906,37,1600,16942,0,54111,27247,60086,0,16672,29222,35518,0,80,6224,24615,0,51113,29873
704.173,1,1,25,1,0,5669,0.6129222654369968,35,1600,7919,0,56759,20781,19748,0,6047,28698,29800,0,45489,47546,60647,0,33466,38069
704.209,0,1,17,1,0,7483,0.5710656800728414,37,1600,16942,0,54111,27247,60086,0,16672,29222,35518,0,80,6224,24615,0,51113,29873
704.25,1,1,25,1,0,5579,0.6130616927039296,35,1600,7919,0,56759,20781,19748,0,6047,28698,29800,0,45489,47546,60647,0,33466,38069
704.286,0,1,17,1,0,7227,0.5695246888066228,37,1600,16942,0,54111,27247,60086,0,16672,29222,35518,0,80,6224,24615,0,51113,29873
704.327,1,1,25,1,0,5470,0.6132011199708626,35,1600,7919,0,56759,20781,19748,0,6047,28698,29800,0,45489,47546,60647,0,33466,38069
704.363,0,1,17,1,0,6952,0.567726865662701,37,1600,16942,0,54111,27247,60086,0,16672,29222,35518,0,80,6224,24615,0,51113,29873
704.404,1,1,25,1,0,5375,0.6133405472377954,35,1600,7919,0,56759,20781,19748,0,6047,28698,29800,0,45489,47546,60647,0,33466,38069
704.44,0,1,17,1,0,6735,0.566314290335334,37,1600,16942,0,54111,27247,60086,0,16672,29222,35518,0,80,6224,24615,0,51113,29873
704.481,1,1,25,1,0,5237,0.6134799745047284,36,1600,7919,0,56759,20781,19748,0,6047,28698,29800,0,45489,47546,60647,0,33466,38069
704.517,0,1,17,1,0,6642,0.5652869628245216,37,1600,16942,0,54111,27247,60086,0,16672,29222,35518,0,80,6224,24615,0,51113,29873
704.558,1,1,25,1,0,5179,0.6136194017716612,35,1600,7919,0,56759,20781,19748,0,6047,28698,29800,0,45489,47546,60647,0,33466,38069
