time[s],SensorID,event,mask,tL.num_valid_targets,tL.reserved,tL.targets[0].amplitude,tL.targets[0].range,tL.targets[0].reserved[0],tL.targets[0].reserved[1],tL.targets[1].amplitude,tL.targets[1].range,tL.targets[1].reserved[0],tL.targets[1].reserved[1],tL.targets[2].amplitude,tL.targets[2].range,tL.targets[2].reserved[0],tL.targets[2].reserved[1],tL.targets[3].amplitude,tL.targets[3].range,tL.targets[3].reserved[0],tL.targets[3].reserved[1],tL.targets[4].amplitude,tL.targets[4].range,tL.targets[4].reserved[0],tL.targets[4].reserved[1]
562.675,1,1,25,1,0,4787,0.41856065533254416,25,1600,7919,0,56759,20781,19748,0,6047,28698,29800,0,45489,47546,60647,0,33466,38069
562.711,0,1,17,1,0,2769,0.33747708730187254,23,1600,16942,0,54111,27247,60086,0,16672,29222,35518,0,80,6224,24615,0,51113,29873
562.752,1,1,25,1,0,4701,0.4184212280656113,25,1600,7919,0,56759,20781,19748,0,6047,28698,29800,0,45489,47546,60647,0,33466,38069
562.788,0,1,17,1,0,2772,0.3377339191795756,23,1600,16942,0,54111,27247,60086,0,16672,29222,35518,0,80,6224,24615,0,51113,29873
562.829,1,1,25,1,0,4605,0.4181423735317455,25,1600,7919,0,56759,20781,19748,0,6047,28698,29800,0,45489,47546,60647,0,33466,38069
562.865,0,1,17,1,0,2767,0.3376055032407241,23,1600,16942,0,54111,27247,60086,0,16672,29222,35518,0,80,6224,24615,0,51113,29873
562.906,1,1,25,1,0,4509,0.4180029462648126,25,1600,7919,0,56759,20781,19748,0,6047,28698,29800,0,45489,47546,60647,0,33466,38069
562.942,0,1,17,1,0,2767,0.337348671363021,23,1600,16942,0,54111,27247,60086,0,16672,29222,35518,0,80,6224,24615,0,51113,29873
562.983,1,1,25,1,0,4474,0.4182818007986784,25,1600,7919,0,56759,20781,19748,0,6047,28698,29800,0,45489,47546,60647,0,33466,38069
563.019,0,1,17,1,0,2757,0.33722025542416945,23,1600,16942,0,54111,27247,60086,0,16672,29222,35518,0,80,6224,24615,0,51113,29873
563.06,1,1,25,1,0,4451,0.4184212280656113,25,1600,7919,0,56759,20781,19748,0,6047,28698,29800,0,45489,47546,60647,0,33466,38069
563.096,0,1,17,1,0,2730,0.33696342354646636,23,1600,16942,0,54111,27247,60086,0,16672,29222,35518,0,80,6224,24615,0,51113,29873
563.137,1,1,25,1,0,4494,0.41870008259947705,25,1600,7919,0,56759,20781,19748,0,6047,28698,29800,0,45489,47546,60647,0,33466,38069
563.174,0,1,17,1,0,2781,0.3370918394853179,23,1600,16942,0,54111,27247,60086,0,16672,29222,35518,0,80,6224,24615,0,51113,29873
563.214,1,1,25,1,0,4564,0.41883950986641,25,1600,7919,0,56759,20781,19748,0,6047,28698,29800,0,45489,47546,60647,0,33466,38069
563.251,0,1,17,1,0,2782,0.33696342354646636,23,1600,16942,0,54111,27247,60086,0,16672,29222,35518,0,80,6224,24615,0,51113,29873
563.291,1,1,25,1,0,4688,0.41870008259947705,25,1600,7919,0,56759,20781,19748,0,6047,28698,29800,0,45489,47546,60647,0,33466,38069
563.327,0,1,17,1,0,2744,0.3364497597910601,23,1600,16942,0,54111,27247,60086,0,16672,29222,35518,0,80,6224,24615,0,51113,29873
563.369,1,1,25,1,0,4775,0.41870008259947705,25,1600,7919,0,56759,20781,19748,0,6047,28698,29800,0,45489,47546,60647,0,33466,38069
563.405,0,1,17,1,0,2713,0.3364497597910601,23,1600,16942,0,54111,27247,60086,0,16672,29222,35518,0,80,6224,24615,0,51113,29873
563.446,1,1,25,1,0,4774,0.4184212280656113,25,1600,7919,0,56759,20781,19748,0,6047,28698,29800,0,45489,47546,60647,0,33466,38069
563.482,0,1,17,1,0,2719,0.3364497597910601,23,1600,16942,0,54111,27247,60086,0,16672,29222,35518,0,80,6224,24615,0,51113,29873
563.523,1,1,25,1,0,4720,0.4182818007986784,25,1600,7919,0,56759,20781,19748,0,6047,28698,29800,0,45489,47546,60647,0,33466,38069
563.559,0,1,17,1,0,2759,0.33683500760761476,23,1600,16942,0,54111,27247,60086,0,16672,29222,35518,0,80,6224,24615,0,51113,29873
563.6,1,1,25,1,0,4646,0.4182818007986784,25,1600,7919,0,56759,20781,19748,0,6047,28698,29800,0,45489,47546,60647,0,33466,38069
563.636,0,1,17,1,0,2788,0.33722025542416945,23,1600,16942,0,54111,27247,60086,0,16672,29222,35518,0,80,6224,24615,0,51113,29873
563.677,1,1,25,1,0,4629,0.4184212280656113,25,1600,7919,0,56759,20781,19748,0,6047,28698,29800,0,45489,47546,60647,0,33466,38069
563.713,0,1,17,1,0,2857,0.3376055032407241,23,1600,16942,0,54111,27247,60086,0,16672,29222,35518,0,80,6224,24615,0,51113,29873
563.754,1,1,25,1,0,4576,0.41883950986641,25,1600,7919,0,56759,20781,19748,0,6047,28698,29800,0,45489,47546,60647,0,33466,38069
563.79,0,1,17,1,0,2918,0.3379907510572787,23,1600,16942,0,54111,27247,60086,0,16672,29222,35518,0,80,6224,24615,0,51113,29873
563.831,1,1,25,1,0,4556,0.4189789371333429,25,1600,7919,0,56759,20781,19748,0,6047,28698,29800,0,45489,47546,60647,0,33466,38069
563.867,0,1,17,1,0,2960,0.3379907510572787,23,1600,16942,0,54111,27247,60086,0,16672,29222,35518,0,80,6224,24615,0,51113,29873
563.908,1,1,25,1,0,4577,0.41939721893414156,25,1600,7919,0,56759,20781,19748,0,6047,28698,29800,0,45489,47546,60647,0,33466,38069
563.944,0,1,17,1,0,2997,0.33811916699613026,23,1600,16942,0,54111,27247,60086,0,16672,29222,35518,0,80,6224,24615,0,51113,29873
563.985,1,1,25,1,0,4578,0.41953664620107445,25,1600,7919,0,56759,20781,19748,0,6047,28698,29800,0,45489,47546,60647,0,33466,38069
564.021,0,1,17,1,0,2972,0.33786233511842717,23,1600,16942,0,54111,27247,60086,0,16672,29222,35518,0,80,6224,24615,0,51113,29873
564.062,1,1,25,1,0,4570,0.41967607346800734,25,1600,7919,0,56759,20781,19748,0,6047,28698,29800,0,45489,47546,60647,0,33466,38069
564.098,0,1,17,1,0,2905,0.33747708730187254,23,1600,16942,0,54111,27247,60086,0,16672,29222,35518,0,80,6224,24615,0,51113,29873
564.139,1,1,25,1,0,4572,0.41981550073494023,25,1600,7919,0,56759,20781,19748,0,6047,28698,29800,0,45489,47546,60647,0,33466,38069
564.175,0,1,17,1,0,2858,0.33722025542416945,23,1600,16942,0,54111,27247,60086,0,16672,29222,35518,0,80,6224,24615,0,51113,29873
564.216,1,1,25,1,0,4577,0.41981550073494023,25,1600,7919,0,56759,20781,19748,0,6047,28698,29800,0,45489,47546,60647,0,33466,38069
564.252,0,1,17,1,0,2825,0.3367065916687632,23,1600,16942,0,54111,27247,60086,0,16672,29222,35518,0,80,6224,24615,0,51113,29873
564.293,1,1,25,1,0,4626,0.41981550073494023,25,1600,7919,0,56759,20781,19748,0,6047,28698,29800,0,45489,47546,60647,0,33466,38069
564.329,0,1,17,1,0,2785,0.3363213438522086,23,1600,16942,0,54111,27247,60086,0,16672,29222,35518,0,80,6224,24615,0,51113,29873
564.37,1,1,25,1,0,4655,0.4199549280018731,25,1600,7919,0,56759,20781,19748,0,6047,28698,29800,0,45489,47546,60647,0,33466,38069
564.406,0,1,17,1,0,2762,0.33619292791335703,23,1600,16942,0,54111,27247,60086,0,16672,29222,35518,0,80,6224,24615,0,51113,29873
564.447,1,1,25,1,0,4726,0.41981550073494023,25,1600,7919,0,56759,20781,19748,0,6047,28698,29800,0,45489,47546,60647,0,33466,38069
564.483,0,1,17,1,0,2771,0.3364497597910601,23,1600,16942,0,54111,27247,60086,0,16672,29222,35518,0,80,6224,24615,0,51113,29873
564.524,1,1,25,1,0,4858,0.41981550073494023,25,1600,7919,0,56759,20781,19748,0,6047,28698,29800,0,45489,47546,60647,0,33466,38069
564.56,0,1,17,1,0,2765,0.3364497597910601,23,1600,16942,0,54111,27247,60086,0,16672,29222,35518,0,80,6224,24615,0,51113,29873
564.601,1,1,25,1,0,4906,0.41967607346800734,25,1600,7919,0,56759,20781,19748,0,6047,28698,29800,0,45489,47546,60647,0,33466,38069
564.637,0,1,17,1,0,2735,0.3364497597910601,23,1600,16942,0,54111,27247,60086,0,16672,29222,35518,0,80,6224,24615,0,51113,29873
564.678,1,1,25,1,0,4900,0.41953664620107445,25,1600,7919,0,56759,20781,19748,0,6047,28698,29800,0,45489,47546,60647,0,33466,38069
564.714,0,1,17,1,0,2740,0.33683500760761476,23,1600,16942,0,54111,27247,60086,0,16672,29222,35518,0,80,6224,24615,0,51113,29873
564.755,1,1,25,1,0,4910,0.41953664620107445,25,1600,7919,0,56759,20781,19748,0,6047,28698,29800,0,45489,47546,60647,0,33466,38069
564.791,0,1,17,1,0,2792,0.33722025542416945,23,1600,16942,0,54111,27247,60086,0,16672,29222,35518,0,80,6224,24615,0,51113,29873
564.832,1,1,25,1,0,4853,0.4189789371333429,25,1600,7919,0,56759,20781,19748,0,6047,28698,29800,0,45489,47546,60647,0,33466,38069
564.868,0,1,17,1,0,2780,0.33722025542416945,23,1600,16942,0,54111,27247,60086,0,16672,29222,35518,0,80,6224,24615,0,51113,29873
564.909,1,1,25,1,0,4825,0.41883950986641,25,1600,7919,0,56759,20781,19748,0,6047,28698,29800,0,45489,47546,60647,0,33466,38069
564.945,0,1,17,1,0,2779,0.33722025542416945,23,1600,16942,0,54111,27247,60086,0,16672,29222,35518,0,80,6224,24615,0,51113,29873
564.986,1,1,25,1,0,4809,0.41883950986641,25,1600,7919,0,56759,20781,19748,0,6047,28698,29800,0,45489,47546,60647,0,33466,38069
565.022,0,1,17,1,0,2722,0.33683500760761476,23,1600,16942,0,54111,27247,60086,0,16672,29222,35518,0,80,6224,24615,0,51113,29873
565.063,1,1,25,1,0,4811,0.41883950986641,25,1600,7919,0,56759,20781,19748,0,6047,28698,29800,0,45489,47546,60647,0,33466,38069
565.099,0,1,17,1,0,2733,0.33683500760761476,23,1600,16942,0,54111,27247,60086,0,16672,29222,35518,0,80,6224,24615,0,51113,29873
565.14,1,1,25,1,0,4850,0.41925779166720867,25,1600,7919,0,56759,20781,19748,0,6047,28698,29800,0,45489,47546,60647,0,33466,38069
565.176,0,1,17,1,0,2748,0.3367065916687632,23,1600,16942,0,54111,27247,60086,0,16672,29222,35518,0,80,6224,24615,0,51113,29873
565.217,1,1,25,1,0,4885,0.41953664620107445,25,1600,7919,0,56759,20781,19748,0,6047,28698,29800,0,45489,47546,60647,0,33466,38069
565.253,0,1,17,1,0,2779,0.33657817572991167,23,1600,16942,0,54111,27247,60086,0,16672,29222,35518,0,80,6224,24615,0,51113,29873
565.294,1,1,25,1,0,4914,0.41953664620107445,25,1600,7919,0,56759,20781,19748,0,6047,28698,29800,0,45489,47546,60647,0,33466,38069
565.33,0,1,17,1,0,2787,0.33657817572991167,23,1600,16942,0,54111,27247,60086,0,16672,29222,35518,0,80,6224,24615,0,51113,29873
565.371,1,1,25,1,0,4887,0.41981550073494023,25,1600,7919,0,56759,20781,19748,0,6047,28698,29800,0,45489,47546,60647,0,33466,38069
565.407,0,1,17,1,0,2831,0.33683500760761476,23,1600,16942,0,54111,27247,60086,0,16672,29222,35518,0,80,6224,24615,0,51113,29873
565.448,1,1,25,1,0,4863,0.4199549280018731,25,1600,7919,0,56759,20781,19748,0,6047,28698,29800,0,45489,47546,60647,0,33466,38069
565.484,0,1,17,1,0,2854,0.33683500760761476,23,1600,16942,0,54111,27247,60086,0,16672,29222,35518,0,80,6224,24615,0,51113,29873
565.525,1,1,25,1,0,4876,0.420094355268806,25,1600,7919,0,56759,20781,19748,0,6047,28698,29800,0,45489,47546,60647,0,33466,38069
565.561,0,1,17,1,0,2846,0.33683500760761476,23,1600,16942,0,54111,27247,60086,0,16672,29222,35518,0,80,6224,24615,0,51113,29873
565.602,1,1,25,1,0,4964,0.4202337825357389,25,1600,7919,0,56759,20781,19748,0,6047,28698,29800,0,45489,47546,60647,0,33466,38069
565.638,0,1,17,1,0,2829,0.33696342354646636,23,1600,16942,0,54111,27247,60086,0,16672,29222,35518,0,80,6224,24615,0,51113,29873
565.679,1,1,25,1,0,4952,0.41953664620107445,25,1600,7919,0,56759,20781,19748,0,6047,28698,29800,0,45489,47546,60647,0,33466,38069
565.715,0,1,17,1,0,2815,0.33683500760761476,23,1600,16942,0,54111,27247,60086,0,16672,29222,35518,0,80,6224,24615,0,51113,29873
565.756,1,1,25,1,0,4953,0.41925779166720867,25,1600,7919,0,56759,20781,19748,0,6047,28698,29800,0,45489,47546,60647,0,33466,38069
565.792,0,1,17,1,0,2822,0.33683500760761476,23,1600,16942,0,54111,27247,60086,0,16672,29222,35518,0,80,6224,24615,0,51113,29873
565.833,1,1,25,1,0,4982,0.41925779166720867,25,1600,7919,0,56759,20781,19748,0,6047,28698,29800,0,45489,47546,60647,0,33466,38069
565.869,0,1,17,1,0,2817,0.33683500760761476,23,1600,16942,0,54111,27247,60086,0,16672,29222,35518,0,80,6224,24615,0,51113,29873
565.91,1,1,25,1,0,4939,0.4189789371333429,25,1600,7919,0,56759,20781,19748,0,6047,28698,29800,0,45489,47546,60647,0,33466,38069
565.946,0,1,17,1,0,2805,0.3367065916687632,23,1600,16942,0,54111,27247,60086,0,16672,29222,35518,0,80,6224,24615,0,51113,29873
565.987,1,1,25,1,0,4966,0.41883950986641,25,1600,7919,0,56759,20781,19748,0,6047,28698,29800,0,45489,47546,60647,0,33466,38069
566.024,0,1,17,1,0,2808,0.33696342354646636,23,1600,16942,0,54111,27247,60086,0,16672,29222,35518,0,80,6224,24615,0,51113,29873
566.064,1,1,25,1,0,4941,0.41883950986641,25,1600,7919,0,56759,20781,19748,0,6047,28698,29800,0,45489,47546,60647,0,33466,38069
566.101,0,1,17,1,0,2868,0.33696342354646636,23,1600,16942,0,54111,27247,60086,0,16672,29222,35518,0,80,6224,24615,0,51113,29873
566.141,1,1,25,1,0,4910,0.41883950986641,25,1600,7919,0,56759,20781,19748,0,6047,28698,29800,0,45489,47546,60647,0,33466,38069
566.178,0,1,17,1,0,2898,0.337348671363021,23,1600,16942,0,54111,27247,60086,0,16672,29222,35518,0,80,6224,24615,0,51113,29873
566.218,1,1,25,1,0,4949,0.4191183644002758,25,1600,7919,0,56759,20781,19748,0,6047,28698,29800,0,45489,47546,60647,0,33466,38069
566.255,0,1,17,1,0,2901,0.33747708730187254,23,1600,16942,0,54111,27247,60086,0,16672,29222,35518,0,80,6224,24615,0,51113,29873
566.296,1,1,25,1,0,4954,0.41883950986641,25,1600,7919,0,56759,20781,19748,0,6047,28698,29800,0,45489,47546,60647,0,33466,38069
566.332,0,1,17,1,0,2908,0.3377339191795756,23,1600,16942,0,54111,27247,60086,0,16672,29222,35518,0,80,6224,24615,0,51113,29873
566.373,1,1,25,1,0,4989,0.41883950986641,25,1600,7919,0,56759,20781,19748,0,6047,28698,29800,0,45489,47546,60647,0,33466,38069
566.409,0,1,17,1,0,2882,0.33747708730187254,23,1600,16942,0,54111,27247,60086,0,16672,29222,35518,0,80,6224,24615,0,51113,29873
566.45,1,1,25,1,0,5027,0.4189789371333429,25,1600,7919,0,56759,20781,19748,0,6047,28698,29800,0,45489,47546,60647,0,33466,38069
566.486,0,1,17,1,0,2893,0.3379907510572787,23,1600,16942,0,54111,27247,60086,0,16672,29222,35518,0,80,6224,24615,0,51113,29873
566.527,1,1,25,1,0,4988,0.4189789371333429,25,1600,7919,0,56759,20781,19748,0,6047,28698,29800,0,45489,47546,60647,0,33466,38069
566.563,0,1,17,1,0,2856,0.33811916699613026,23,1600,16942,0,54111,27247,60086,0,16672,29222,35518,0,80,6224,24615,0,51113,29873
566.604,1,1,25,1,0,4976,0.4191183644002758,25,1600,7919,0,56759,20781,19748,0,6047,28698,29800,0,45489,47546,60647,0,33466,38069
566.64,0,1,17,1,0,2854,0.33837599887383335,23,1600,16942,0,54111,27247,60086,0,16672,29222,35518,0,80,6224,24615,0,51113,29873
566.681,1,1,25,1,0,4913,0.41925779166720867,25,1600,7919,0,56759,20781,19748,0,6047,28698,29800,0,45489,47546,60647,0,33466,38069
566.717,0,1,17,1,0,2809,0.33786233511842717,23,1600,16942,0,54111,27247,60086,0,16672,29222,35518,0,80,6224,24615,0,51113,29873
566.758,1,1,25,1,0,4836,0.41953664620107445,25,1600,7919,0,56759,20781,19748,0,6047,28698,29800,0,45489,47546,60647,0,33466,38069
566.794,0,1,17,1,0,2777,0.337348671363021,23,1600,16942,0,54111,27247,60086,0,16672,29222,35518,0,80,6224,24615,0,51113,29873
566.835,1,1,25,1,0,4785,0.41953664620107445,25,1600,7919,0,56759,20781,19748,0,6047,28698,29800,0,45489,47546,60647,0,33466,38069
566.871,0,1,17,1,0,2796,0.3377339191795756,23,1600,16942,0,54111,27247,60086,0,16672,29222,35518,0,80,6224,24615,0,51113,29873
566.912,1,1,25,1,0,4831,0.41939721893414156,25,1600,7919,0,56759,20781,19748,0,6047,28698,29800,0,45489,47546,60647,0,33466,38069
566.948,0,1,17,1,0,2787,0.3377339191795756,23,1600,16942,0,54111,27247,60086,0,16672,29222,35518,0,80,6224,24615,0,51113,29873
566.989,1,1,25,1,0,4872,0.41953664620107445,25,1600,7919,0,56759,20781,19748,0,6047,28698,29800,0,45489,47546,60647,0,33466,38069
567.025,0,1,17,1,0,2754,0.33747708730187254,23,1600,16942,0,54111,27247,60086,0,16672,29222,35518,0,80,6224,24615,0,51113,29873
567.066,1,1,25,1,0,4856,0.41953664620107445,25,1600,7919,0,56759,20781,19748,0,6047,28698,29800,0,45489,47546,60647,0,33466,38069
567.102,0,1,17,1,0,2801,0.3377339191795756,23,1600,16942,0,54111,27247,60086,0,16672,29222,35518,0,80,6224,24615,0,51113,29873
567.143,1,1,25,1,0,4822,0.41953664620107445,25,1600,7919,0,56759,20781,19748,0,6047,28698,29800,0,45489,47546,60647,0,33466,38069
567.179,0,1,17,1,0,2829,0.3377339191795756,23,1600,16942,0,54111,27247,60086,0,16672,29222,35518,0,80,6224,24615,0,51113,29873
567.22,1,1,25,1,0,4854,0.41967607346800734,25,1600,7919,0,56759,20781,19748,0,6047,28698,29800,0,45489,47546,60647,0,33466,38069
567.256,0,1,17,1,0,2865,0.33811916699613026,23,1600,16942,0,54111,27247,60086,0,16672,29222,35518,0,80,6224,24615,0,51113,29873
567.297,1,1,25,1,0,4860,0.41953664620107445,25,1600,7919,0,56759,20781,19748,0,6047,28698,29800,0,45489,47546,60647,0,33466,38069
567.333,0,1,17,1,0,2875,0.33811916699613026,23,1600,16942,0,54111,27247,60086,0,16672,29222,35518,0,80,6224,24615,0,51113,29873
567.374,1,1,25,1,0,4864,0.41925779166720867,25,1600,7919,0,56759,20781,19748,0,6047,28698,29800,0,45489,47546,60647,0,33466,38069
567.41,0,1,17,1,0,2856,0.3377339191795756,23,1600,16942,0,54111,27247,60086,0,16672,29222,35518,0,80,6224,24615,0,51113,29873
567.451,1,1,25,1,0,4885,0.41953664620107445,25,1600,7919,0,56759,20781,19748,0,6047,28698,29800,0,45489,47546,60647,0,33466,38069
567.487,0,1,17,1,0,2829,0.33722025542416945,23,1600,16942,0,54111,27247,60086,0,16672,29222,35518,0,80,6224,24615,0,51113,29873
567.528,1,1,25,1,0,4876,0.41967607346800734,25,1600,7919,0,56759,20781,19748,0,6047,28698,29800,0,45489,47546,60647,0,33466,38069
567.564,0,1,17,1,0,2814,0.3370918394853179,23,1600,16942,0,54111,27247,60086,0,16672,29222,35518,0,80,6224,24615,0,51113,29873
567.605,1,1,25,1,0,4900,0.41967607346800734,25,1600,7919,0,56759,20781,19748,0,6047,28698,29800,0,45489,47546,60647,0,33466,38069
567.641,0,1,17,1,0,2826,0.33696342354646636,23,1600,16942,0,54111,27247,60086,0,16672,29222,35518,0,80,6224,24615,0,51113,29873
567.682,1,1,25,1,0,4923,0.41981550073494023,25,1600,7919,0,56759,20781,19748,0,6047,28698,29800,0,45489,47546,60647,0,33466,38069
567.718,0,1,17,1,0,2831,0.3370918394853179,23,1600,16942,0,54111,27247,60086,0,16672,29222,35518,0,80,6224,24615,0,51113,29873
567.759,1,1,25,1,0,4976,0.41981550073494023,25,1600,7919,0,56759,20781,19748,0,6047,28698,29800,0,45489,47546,60647,0,33466,38069
567.795,0,1,17,1,0,2824,0.33683500760761476,23,1600,16942,0,54111,27247,60086,0,16672,29222,35518,0,80,6224,24615,0,51113,29873
567.836,1,1,25,1,0,4988,0.41967607346800734,25,1600,7919,0,56759,20781,19748,0,6047,28698,29800,0,45489,47546,60647,0,33466,38069
567.872,0,1,17,1,0,2837,0.33696342354646636,23,1600,16942,0,54111,27247,60086,0,16672,29222,35518,0,80,6224,24615,0,51113,29873
567.913,1,1,25,1,0,4981,0.41967607346800734,25,1600,7919,0,56759,20781,19748,0,6047,28698,29800,0,45489,47546,60647,0,33466,38069
567.949,0,1,17,1,0,2824,0.33683500760761476,23,1600,16942,0,54111,27247,60086,0,16672,29222,35518,0,80,6224,24615,0,51113,29873
567.99,1,1,25,1,0,4940,0.41981550073494023,25,1600,7919,0,56759,20781,19748,0,6047,28698,29800,0,45489,47546,60647,0,33466,38069
568.026,0,1,17,1,0,2840,0.33696342354646636,23,1600,16942,0,54111,27247,60086,0,16672,29222,35518,0,80,6224,24615,0,51113,29873
568.067,1,1,25,1,0,4906,0.420094355268806,25,1600,7919,0,56759,20781,19748,0,6047,28698,29800,0,45489,47546,60647,0,33466,38069
568.103,0,1,17,1,0,2864,0.33696342354646636,23,1600,16942,0,54111,27247,60086,0,16672,29222,35518,0,80,6224,24615,0,51113,29873
568.144,1,1,25,1,0,4886,0.4202337825357389,25,1600,7919,0,56759,20781,19748,0,6047,28698,29800,0,45489,47546,60647,0,33466,38069
568.18,0,1,17,1,0,2864,0.33696342354646636,23,1600,16942,0,54111,27247,60086,0,16672,29222,35518,0,80,6224,24615,0,51113,29873
568.221,1,1,25,1,0,4871,0.4203732098026718,25,1600,7919,0,56759,20781,19748,0,6047,28698,29800,0,45489,47546,60647,0,33466,38069
568.257,0,1,17,1,0,2912,0.33747708730187254,23,1600,16942,0,54111,27247,60086,0,16672,29222,35518,0,80,6224,24615,0,51113,29873
568.298,1,1,25,1,0,4827,0.4202337825357389,25,1600,7919,0,56759,20781,19748,0,6047,28698,29800,0,45489,47546,60647,0,33466,38069
568.334,0,1,17,1,0,2973,0.3376055032407241,23,1600,16942,0,54111,27247,60086,0,16672,29222,35518,0,80,6224,24615,0,51113,29873
568.375,1,1,25,1,0,4789,0.420094355268806,25,1600,7919,0,56759,20781,19748,0,6047,28698,29800,0,45489,47546,60647,0,33466,38069
568.411,0,1,17,1,0,3020,0.33786233511842717,23,1600,16942,0,54111,27247,60086,0,16672,29222,35518,0,80,6224,24615,0,51113,29873
568.452,1,1,25,1,0,4753,0.41981550073494023,25,1600,7919,0,56759,20781,19748,0,6047,28698,29800,0,45489,47546,60647,0,33466,38069
568.488,0,1,17,1,0,3030,0.3382475829349818,23,1600,16942,0,54111,27247,60086,0,16672,29222,35518,0,80,6224,24615,0,51113,29873
568.529,1,1,25,1,0,4682,0.41939721893414156,25,1600,7919,0,56759,20781,19748,0,6047,28698,29800,0,45489,47546,60647,0,33466,38069
568.565,0,1,17,1,0,3065,0.3382475829349818,23,1600,16942,0,54111,27247,60086,0,16672,29222,35518,0,80,6224,24615,0,51113,29873
568.606,1,1,25,1,0,4624,0.4189789371333429,25,1600,7919,0,56759,20781,19748,0,6047,28698,29800,0,45489,47546,60647,0,33466,38069
568.642,0,1,17,1,0,3097,0.3382475829349818,23,1600,16942,0,54111,27247,60086,0,16672,29222,35518,0,80,6224,24615,0,51113,29873
568.683,1,1,25,1,0,4598,0.4184212280656113,25,1600,7919,0,56759,20781,19748,0,6047,28698,29800,0,45489,47546,60647,0,33466,38069
568.719,0,1,17,1,0,3111,0.33850441481268495,23,1600,16942,0,54111,27247,60086,0,16672,29222,35518,0,80,6224,24615,0,51113,29873
568.76,1,1,25,1,0,4610,0.4178635189978797,25,1600,7919,0,56759,20781,19748,0,6047,28698,29800,0,45489,47546,60647,0,33466,38069
568.796,0,1,17,1,0,3086,0.33850441481268495,23,1600,16942,0,54111,27247,60086,0,16672,29222,35518,0,80,6224,24615,0,51113,29873
568.837,1,1,25,1,0,4609,0.41758466446401393,25,1600,7919,0,56759,20781,19748,0,6047,28698,29800,0,45489,47546,60647,0,33466,38069
568.873,0,1,17,1,0,3043,0.33876124669038804,23,1600,16942,0,54111,27247,60086,0,16672,29222,35518,0,80,6224,24615,0,51113,29873
568.914,1,1,25,1,0,4623,0.41744523719708104,25,1600,7919,0,56759,20781,19748,0,6047,28698,29800,0,45489,47546,60647,0,33466,38069
568.951,0,1,17,1,0,3020,0.33876124669038804,23,1600,16942,0,54111,27247,60086,0,16672,29222,35518,0,80,6224,24615,0,51113,29873
568.991,1,1,25,1,0,4607,0.41744523719708104,25,1600,7919,0,56759,20781,19748,0,6047,28698,29800,0,45489,47546,60647,0,33466,38069
569.028,0,1,17,1,0,3022,0.3388896626292396,23,1600,16942,0,54111,27247,60086,0,16672,29222,35518,0,80,6224,24615,0,51113,29873
569.068,1,1,25,1,0,4540,0.41744523719708104,25,1600,7919,0,56759,20781,19748,0,6047,28698,29800,0,45489,47546,60647,0,33466,38069
569.105,0,1,17,1,0,3035,0.33876124669038804,23,1600,16942,0,54111,27247,60086,0,16672,29222,35518,0,80,6224,24615,0,51113,29873
569.146,1,1,25,1,0,4506,0.41758466446401393,25,1600,7919,0,56759,20781,19748,0,6047,28698,29800,0,45489,47546,60647,0,33466,38069
569.182,0,1,17,1,0,3058,0.33901807856809113,23,1600,16942,0,54111,27247,60086,0,16672,29222,35518,0,80,6224,24615,0,51113,29873
569.223,1,1,25,1,0,4503,0.4177240917309468,25,1600,7919,0,56759,20781,19748,0,6047,28698,29800,0,45489,47546,60647,0,33466,38069
569.259,0,1,17,1,0,3083,0.33901807856809113,23,1600,16942,0,54111,27247,60086,0,16672,29222,35518,0,80,6224,24615,0,51113,29873
569.3,1,1,25,1,0,4455,0.41758466446401393,25,1600,7919,0,56759,20781,19748,0,6047,28698,29800,0,45489,47546,60647,0,33466,38069
569.336,0,1,17,1,0,3051,0.3391464945069427,23,1600,16942,0,54111,27247,60086,0,16672,29222,35518,0,80,6224,24615,0,51113,29873
569.377,1,1,25,1,0,4429,0.41758466446401393,25,1600,7919,0,56759,20781,19748,0,6047,28698,29800,0,45489,47546,60647,0,33466,38069
569.413,0,1,17,1,0,3024,0.3386328307515365,23,1600,16942,0,54111,27247,60086,0,16672,29222,35518,0,80,6224,24615,0,51113,29873
569.454,1,1,25,1,0,4419,0.4177240917309468,25,1600,7919,0,56759,20781,19748,0,6047,28698,29800,0,45489,47546,60647,0,33466,38069
569.49,0,1,17,1,0,3043,0.33850441481268495,23,1600,16942,0,54111,27247,60086,0,16672,29222,35518,0,80,6224,24615,0,51113,29873
569.531,1,1,25,1,0,4427,0.41758466446401393,25,1600,7919,0,56759,20781,19748,0,6047,28698,29800,0,45489,47546,60647,0,33466,38069
569.567,0,1,17,1,0,3022,0.33811916699613026,23,1600,16942,0,54111,27247,60086,0,16672,29222,35518,0,80,6224,24615,0,51113,29873
569.608,1,1,25,1,0,4438,0.4177240917309468,25,1600,7919,0,56759,20781,19748,0,6047,28698,29800,0,45489,47546,60647,0,33466,38069
569.644,0,1,17,1,0,3002,0.33786233511842717,23,1600,16942,0,54111,27247,60086,0,16672,29222,35518,0,80,6224,24615,0,51113,29873
569.685,1,1,25,1,0,4450,0.4181423735317455,25,1600,7919,0,56759,20781,19748,0,6047,28698,29800,0,45489,47546,60647,0,33466,38069
569.721,0,1,17,1,0,3006,0.3379907510572787,23,1600,16942,0,54111,27247,60086,0,16672,29222,35518,0,80,6224,24615,0,51113,29873
569.762,1,1,25,1,0,4515,0.4182818007986784,25,1600,7919,0,56759,20781,19748,0,6047,28698,29800,0,45489,47546,60647,0,33466,38069
569.798,0,1,17,1,0,2966,0.3377339191795756,23,1600,16942,0,54111,27247,60086,0,16672,29222,35518,0,80,6224,24615,0,51113,29873
569.839,1,1,25,1,0,4648,0.4184212280656113,25,1600,7919,0,56759,20781,19748,0,6047,28698,29800,0,45489,47546,60647,0,33466,38069
569.875,0,1,17,1,0,2958,0.337348671363021,23,1600,16942,0,54111,27247,60086,0,16672,29222,35518,0,80,6224,24615,0,51113,29873
569.916,1,1,25,1,0,4741,0.41870008259947705,25,1600,7919,0,56759,20781,19748,0,6047,28698,29800,0,45489,47546,60647,0,33466,38069
569.952,0,1,17,1,0,2963,0.33683500760761476,23,1600,16942,0,54111,27247,60086,0,16672,29222,35518,0,80,6224,24615,0,51113,29873
569.993,1,1,25,1,0,4823,0.41883950986641,25,1600,7919,0,56759,20781,19748,0,6047,28698,29800,0,45489,47546,60647,0,33466,38069
570.029,0,1,17,1,0,2939,0.3363213438522086,23,1600,16942,0,54111,27247,60086,0,16672,29222,35518,0,80,6224,24615,0,51113,29873
570.07,1,1,25,1,0,4890,0.41870008259947705,25,1600,7919,0,56759,20781,19748,0,6047,28698,29800,0,45489,47546,60647,0,33466,38069
570.106,0,1,17,1,0,2904,0.3364497597910601,23,1600,16942,0,54111,27247,60086,0,16672,29222,35518,0,80,6224,24615,0,51113,29873
570.147,1,1,25,1,0,4929,0.41856065533254416,25,1600,7919,0,56759,20781,19748,0,6047,28698,29800,0,45489,47546,60647,0,33466,38069
570.183,0,1,17,1,0,2913,0.3370918394853179,23,1600,16942,0,54111,27247,60086,0,16672,29222,35518,0,80,6224,24615,0,51113,29873
570.224,1,1,25,1,0,4947,0.41870008259947705,25,1600,7919,0,56759,20781,19748,0,6047,28698,29800,0,45489,47546,60647,0,33466,38069
570.26,0,1,17,1,0,2890,0.3377339191795756,23,1600,16942,0,54111,27247,60086,0,16672,29222,35518,0,80,6224,24615,0,51113,29873
570.301,1,1,25,1,0,4949,0.4184212280656113,25,1600,7919,0,56759,20781,19748,0,6047,28698,29800,0,45489,47546,60647,0,33466,38069
570.337,0,1,17,1,1,1815,0.19955836897530818,14,1600,16942,0,54111,27247,60086,0,16672,29222,35518,0,80,6224,24615,0,51113,29873
570.378,1,1,25,1,0,4898,0.4181423735317455,25,1600,7919,0,56759,20781,19748,0,6047,28698,29800,0,45489,47546,60647,0,33466,38069
570.414,0,1,17,1,1,2959,0.3392749104457942,23,1600,16942,0,54111,27247,60086,0,16672,29222,35518,0,80,6224,24615,0,51113,29873
570.455,1,1,25,1,0,4785,0.4180029462648126,25,1600,7919,0,56759,20781,19748,0,6047,28698,29800,0,45489,47546,60647,0,33466,38069
570.491,0,1,17,1,1,2993,0.34004540607890354,23,1600,16942,0,54111,27247,60086,0,16672,29222,35518,0,80,6224,24615,0,51113,29873
570.532,1,1,25,1,0,4662,0.4178635189978797,25,1600,7919,0,56759,20781,19748,0,6047,28698,29800,0,45489,47546,60647,0,33466,38069
570.568,0,1,17,1,1,3030,0.3401738220177551,23,1600,16942,0,54111,27247,60086,0,16672,29222,35518,0,80,6224,24615,0,51113,29873
570.609,1,1,25,1,0,4605,0.4178635189978797,25,1600,7919,0,56759,20781,19748,0,6047,28698,29800,0,45489,47546,60647,0,33466,38069
570.645,0,1,17,1,0,3071,0.3401738220177551,23,1600,16942,0,54111,27247,60086,0,16672,29222,35518,0,80,6224,24615,0,51113,29873
570.686,1,1,25,1,0,4586,0.4178635189978797,25,1600,7919,0,56759,20781,19748,0,6047,28698,29800,0,45489,47546,60647,0,33466,38069
570.722,0,1,17,1,0,3135,0.3426137248559345,23,1600,16942,0,54111,27247,60086,0,16672,29222,35518,0,80,6224,24615,0,51113,29873
570.763,1,1,25,1,0,4593,0.4178635189978797,25,1600,7919,0,56759,20781,19748,0,6047,28698,29800,0,45489,47546,60647,0,33466,38069
570.799,0,1,17,1,0,3136,0.3421000611005283,23,1600,16942,0,54111,27247,60086,0,16672,29222,35518,0,80,6224,24615,0,51113,29873
570.84,1,1,25,1,0,4629,0.4181423735317455,25,1600,7919,0,56759,20781,19748,0,6047,28698,29800,0,45489,47546,60647,0,33466,38069
570.876,0,1,17,1,0,3148,0.3423568929782314,23,1600,16942,0,54111,27247,60086,0,16672,29222,35518,0,80,6224,24615,0,51113,29873
570.917,1,1,25,1,0,4666,0.4181423735317455,25,1600,7919,0,56759,20781,19748,0,6047,28698,29800,0,45489,47546,60647,0,33466,38069
570.953,0,1,17,1,0,3095,0.34389788424445,23,1600,16942,0,54111,27247,60086,0,16672,29222,35518,0,80,6224,24615,0,51113,29873
570.994,1,1,25,1,0,4678,0.4181423735317455,25,1600,7919,0,56759,20781,19748,0,6047,28698,29800,0,45489,47546,60647,0,33466,38069
571.03,0,1,17,1,0,3091,0.3428705567336376,23,1600,16942,0,54111,27247,60086,0,16672,29222,35518,0,80,6224,24615,0,51113,29873
571.071,1,1,25,1,0,4732,0.4184212280656113,25,1600,7919,0,56759,20781,19748,0,6047,28698,29800,0,45489,47546,60647,0,33466,38069
571.107,0,1,17,1,0,3077,0.3419716451616768,23,1600,16942,0,54111,27247,60086,0,16672,29222,35518,0,80,6224,24615,0,51113,29873
571.148,1,1,25,1,0,4719,0.4182818007986784,25,1600,7919,0,56759,20781,19748,0,6047,28698,29800,0,45489,47546,60647,0,33466,38069
571.184,0,1,17,1,0,3111,0.3401738220177551,23,1600,16942,0,54111,27247,60086,0,16672,29222,35518,0,80,6224,24615,0,51113,29873
571.225,1,1,25,1,0,4706,0.4184212280656113,25,1600,7919,0,56759,20781,19748,0,6047,28698,29800,0,45489,47546,60647,0,33466,38069
571.261,0,1,17,1,0,3202,0.3397885742012004,23,1600,16942,0,54111,27247,60086,0,16672,29222,35518,0,80,6224,24615,0,51113,29873
571.302,1,1,25,1,0,4680,0.41870008259947705,25,1600,7919,0,56759,20781,19748,0,6047,28698,29800,0,45489,47546,60647,0,33466,38069
571.338,0,1,17,1,0,3278,0.33966015826234885,23,1600,16942,0,54111,27247,60086,0,16672,29222,35518,0,80,6224,24615,0,51113,29873
571.379,1,1,25,1,0,4682,0.4189789371333429,25,1600,7919,0,56759,20781,19748,0,6047,28698,29800,0,45489,47546,60647,0,33466,38069
571.415,0,1,17,1,0,3295,0.3395317423234973,23,1600,16942,0,54111,27247,60086,0,16672,29222,35518,0,80,6224,24615,0,51113,29873
571.456,1,1,25,1,0,4723,0.41856065533254416,25,1600,7919,0,56759,20781,19748,0,6047,28698,29800,0,45489,47546,60647,0,33466,38069
571.492,0,1,17,1,0,3255,0.3391464945069427,23,1600,16942,0,54111,27247,60086,0,16672,29222,35518,0,80,6224,24615,0,51113,29873
571.533,1,1,25,1,0,4831,0.41883950986641,25,1600,7919,0,56759,20781,19748,0,6047,28698,29800,0,45489,47546,60647,0,33466,38069
571.569,0,1,17,1,0,3202,0.33901807856809113,23,1600,16942,0,54111,27247,60086,0,16672,29222,35518,0,80,6224,24615,0,51113,29873
571.61,1,1,25,1,0,4882,0.41856065533254416,25,1600,7919,0,56759,20781,19748,0,6047,28698,29800,0,45489,47546,60647,0,33466,38069
571.646,0,1,17,1,0,3164,0.33876124669038804,23,1600,16942,0,54111,27247,60086,0,16672,29222,35518,0,80,6224,24615,0,51113,29873
571.687,1,1,25,1,0,4910,0.41870008259947705,25,1600,7919,0,56759,20781,19748,0,6047,28698,29800,0,45489,47546,60647,0,33466,38069
571.723,0,1,17,1,0,3154,0.3386328307515365,23,1600,16942,0,54111,27247,60086,0,16672,29222,35518,0,80,6224,24615,0,51113,29873
571.764,1,1,25,1,0,4898,0.41870008259947705,25,1600,7919,0,56759,20781,19748,0,6047,28698,29800,0,45489,47546,60647,0,33466,38069
571.801,0,1,17,1,0,3145,0.33876124669038804,23,1600,16942,0,54111,27247,60086,0,16672,29222,35518,0,80,6224,24615,0,51113,29873
571.841,1,1,25,1,0,4854,0.41856065533254416,25,1600,7919,0,56759,20781,19748,0,6047,28698,29800,0,45489,47546,60647,0,33466,38069
571.878,0,1,17,1,0,3184,0.3388896626292396,23,1600,16942,0,54111,27247,60086,0,16672,29222,35518,0,80,6224,24615,0,51113,29873
571.918,1,1,25,1,0,4837,0.41856065533254416,25,1600,7919,0,56759,20781,19748,0,6047,28698,29800,0,45489,47546,60647,0,33466,38069
571.955,0,1,17,1,0,3178,0.3386328307515365,23,1600,16942,0,54111,27247,60086,0,16672,29222,35518,0,80,6224,24615,0,51113,29873
571.995,1,1,25,1,0,4816,0.41870008259947705,25,1600,7919,0,56759,20781,19748,0,6047,28698,29800,0,45489,47546,60647,0,33466,38069
572.032,0,1,17,1,0,3129,0.33811916699613026,23,1600,16942,0,54111,27247,60086,0,16672,29222,35518,0,80,6224,24615,0,51113,29873
572.073,1,1,25,1,0,4773,0.4184212280656113,25,1600,7919,0,56759,20781,19748,0,6047,28698,29800,0,45489,47546,60647,0,33466,38069
572.109,0,1,17,1,0,3067,0.3376055032407241,23,1600,16942,0,54111,27247,60086,0,16672,29222,35518,0,80,6224,24615,0,51113,29873
