time[s],SensorID,event,mask,tL.num_valid_targets,tL.reserved,tL.targets[0].amplitude,tL.targets[0].range,tL.targets[0].reserved[0],tL.targets[0].reserved[1],tL.targets[1].amplitude,tL.targets[1].range,tL.targets[1].reserved[0],tL.targets[1].reserved[1],tL.targets[2].amplitude,tL.targets[2].range,tL.targets[2].reserved[0],tL.targets[2].reserved[1],tL.targets[3].amplitude,tL.targets[3].range,tL.targets[3].reserved[0],tL.targets[3].reserved[1],tL.targets[4].amplitude,tL.targets[4].range,tL.targets[4].reserved[0],tL.targets[4].reserved[1]
767.335,1,1,25,1,0,7818,0.8000336576609389,46,800,7919,0,56759,20781,19748,0,6047,28698,29800,0,45489,47546,60647,0,33466,38069
767.371,0,1,17,1,0,15914,0.800159714984006,50,800,16942,0,54111,27247,60086,0,16672,29222,35518,0,80,6224,24615,0,51113,29873
767.412,1,1,25,1,0,7837,0.799894230394006,46,800,7919,0,56759,20781,19748,0,6047,28698,29800,0,45489,47546,60647,0,33466,38069
767.448,0,1,17,1,0,15929,0.800159714984006,50,800,16942,0,54111,27247,60086,0,16672,29222,35518,0,80,6224,24615,0,51113,29873
767.489,1,1,25,1,0,7886,0.799894230394006,46,800,7919,0,56759,20781,19748,0,6047,28698,29800,0,45489,47546,60647,0,33466,38069
767.525,0,1,17,1,0,15934,0.8002881309228576,50,800,16942,0,54111,27247,60086,0,16672,29222,35518,0,80,6224,24615,0,51113,29873
767.566,1,1,25,1,0,7994,0.8003125121948047,46,800,7919,0,56759,20781,19748,0,6047,28698,29800,0,45489,47546,60647,0,33466,38069
767.602,0,1,17,1,0,15909,0.800416546861709,50,800,16942,0,54111,27247,60086,0,16672,29222,35518,0,80,6224,24615,0,51113,29873
767.643,1,1,25,1,0,7965,0.8003125121948047,46,800,7919,0,56759,20781,19748,0,6047,28698,29800,0,45489,47546,60647,0,33466,38069
767.679,0,1,17,1,0,15882,0.8002881309228576,50,800,16942,0,54111,27247,60086,0,16672,29222,35518,0,80,6224,24615,0,51113,29873
767.72,1,1,25,1,0,7970,0.8004519394617375,46,800,7919,0,56759,20781,19748,0,6047,28698,29800,0,45489,47546,60647,0,33466,38069
767.756,0,1,17,1,0,15930,0.800416546861709,50,800,16942,0,54111,27247,60086,0,16672,29222,35518,0,80,6224,24615,0,51113,29873
767.797,1,1,25,1,0,7986,0.8003125121948047,46,800,7919,0,56759,20781,19748,0,6047,28698,29800,0,45489,47546,60647,0,33466,38069
767.833,0,1,17,1,0,16098,0.8005449628005606,50,800,16942,0,54111,27247,60086,0,16672,29222,35518,0,80,6224,24615,0,51113,29873
767.874,1,1,25,1,0,7920,0.8003125121948047,46,800,7919,0,56759,20781,19748,0,6047,28698,29800,0,45489,47546,60647,0,33466,38069
767.91,0,1,17,1,0,15928,0.800159714984006,50,800,16942,0,54111,27247,60086,0,16672,29222,35518,0,80,6224,24615,0,51113,29873
767.951,1,1,25,1,0,7993,0.8004519394617375,46,800,7919,0,56759,20781,19748,0,6047,28698,29800,0,45489,47546,60647,0,33466,38069
767.987,0,1,17,1,0,16272,0.8006733787394121,50,800,16942,0,54111,27247,60086,0,16672,29222,35518,0,80,6224,24615,0,51113,29873
768.028,1,1,25,1,0,7981,0.8004519394617375,46,800,7919,0,56759,20781,19748,0,6047,28698,29800,0,45489,47546,60647,0,33466,38069
768.064,0,1,17,1,0,15882,0.8000312990451545,50,800,16942,0,54111,27247,60086,0,16672,29222,35518,0,80,6224,24615,0,51113,29873
768.105,1,1,25,1,0,7975,0.8005913667286705,46,800,7919,0,56759,20781,19748,0,6047,28698,29800,0,45489,47546,60647,0,33466,38069
768.141,0,1,17,1,0,15919,0.800416546861709,50,800,16942,0,54111,27247,60086,0,16672,29222,35518,0,80,6224,24615,0,51113,29873
768.182,1,1,25,1,0,7874,0.8004519394617375,46,800,7919,0,56759,20781,19748,0,6047,28698,29800,0,45489,47546,60647,0,33466,38069
768.219,0,1,17,1,0,16121,0.8002881309228576,50,800,16942,0,54111,27247,60086,0,16672,29222,35518,0,80,6224,24615,0,51113,29873
768.259,1,1,25,1,0,7699,0.8003125121948047,46,800,7919,0,56759,20781,19748,0,6047,28698,29800,0,45489,47546,60647,0,33466,38069
768.296,0,1,17,1,0,15934,0.8000312990451545,50,800,16942,0,54111,27247,60086,0,16672,29222,35518,0,80,6224,24615,0,51113,29873
768.336,1,1,25,1,0,7562,0.8000336576609389,46,800,7919,0,56759,20781,19748,0,6047,28698,29800,0,45489,47546,60647,0,33466,38069
768.373,0,1,17,1,0,16054,0.7999028831063029,50,800,16942,0,54111,27247,60086,0,16672,29222,35518,0,80,6224,24615,0,51113,29873
768.414,1,1,25,1,0,7603,0.8000336576609389,46,800,7919,0,56759,20781,19748,0,6047,28698,29800,0,45489,47546,60647,0,33466,38069
768.45,0,1,17,1,0,16201,0.800159714984006,50,800,16942,0,54111,27247,60086,0,16672,29222,35518,0,80,6224,24615,0,51113,29873
768.491,1,1,25,1,0,7702,0.8000336576609389,46,800,7919,0,56759,20781,19748,0,6047,28698,29800,0,45489,47546,60647,0,33466,38069
768.527,0,1,17,1,0,16280,0.8002881309228576,50,800,16942,0,54111,27247,60086,0,16672,29222,35518,0,80,6224,24615,0,51113,29873
768.568,1,1,25,1,0,7681,0.8000336576609389,46,800,7919,0,56759,20781,19748,0,6047,28698,29800,0,45489,47546,60647,0,33466,38069
768.604,0,1,17,1,0,16310,0.8002881309228576,50,800,16942,0,54111,27247,60086,0,16672,29222,35518,0,80,6224,24615,0,51113,29873
768.645,1,1,25,1,0,7644,0.799894230394006,46,800,7919,0,56759,20781,19748,0,6047,28698,29800,0,45489,47546,60647,0,33466,38069
768.681,0,1,17,1,0,15939,0.7996460512285998,50,800,16942,0,54111,27247,60086,0,16672,29222,35518,0,80,6224,24615,0,51113,29873
768.722,1,1,25,1,0,7600,0.8000336576609389,46,800,7919,0,56759,20781,19748,0,6047,28698,29800,0,45489,47546,60647,0,33466,38069
768.758,0,1,17,1,0,16330,0.800159714984006,50,800,16942,0,54111,27247,60086,0,16672,29222,35518,0,80,6224,24615,0,51113,29873
768.799,1,1,25,1,0,7594,0.7997548031270731,46,800,7919,0,56759,20781,19748,0,6047,28698,29800,0,45489,47546,60647,0,33466,38069
768.835,0,1,17,1,0,16205,0.800416546861709,50,800,16942,0,54111,27247,60086,0,16672,29222,35518,0,80,6224,24615,0,51113,29873
768.876,1,1,25,1,0,7575,0.7997548031270731,46,800,7919,0,56759,20781,19748,0,6047,28698,29800,0,45489,47546,60647,0,33466,38069
768.912,0,1,17,1,0,16027,0.7999028831063029,50,800,16942,0,54111,27247,60086,0,16672,29222,35518,0,80,6224,24615,0,51113,29873
768.953,1,1,25,1,0,7590,0.799894230394006,46,800,7919,0,56759,20781,19748,0,6047,28698,29800,0,45489,47546,60647,0,33466,38069
768.989,0,1,17,1,0,16194,0.800416546861709,50,800,16942,0,54111,27247,60086,0,16672,29222,35518,0,80,6224,24615,0,51113,29873
769.03,1,1,25,1,0,7563,0.799894230394006,46,800,7919,0,56759,20781,19748,0,6047,28698,29800,0,45489,47546,60647,0,33466,38069
769.066,0,1,17,1,0,16257,0.800416546861709,50,800,16942,0,54111,27247,60086,0,16672,29222,35518,0,80,6224,24615,0,51113,29873
769.107,1,1,25,1,0,7508,0.7997548031270731,46,800,7919,0,56759,20781,19748,0,6047,28698,29800,0,45489,47546,60647,0,33466,38069
769.143,0,1,17,1,0,16099,0.800416546861709,50,800,16942,0,54111,27247,60086,0,16672,29222,35518,0,80,6224,24615,0,51113,29873
769.184,1,1,25,1,0,7509,0.799894230394006,46,800,7919,0,56759,20781,19748,0,6047,28698,29800,0,45489,47546,60647,0,33466,38069
769.22,0,1,17,1,0,15845,0.7997744671674514,50,800,16942,0,54111,27247,60086,0,16672,29222,35518,0,80,6224,24615,0,51113,29873
769.261,1,1,25,1,0,7436,0.7997548031270731,46,800,7919,0,56759,20781,19748,0,6047,28698,29800,0,45489,47546,60647,0,33466,38069
769.297,0,1,17,1,0,16114,0.800416546861709,50,800,16942,0,54111,27247,60086,0,16672,29222,35518,0,80,6224,24615,0,51113,29873
769.338,1,1,25,1,0,7351,0.7996153758601402,46,800,7919,0,56759,20781,19748,0,6047,28698,29800,0,45489,47546,60647,0,33466,38069
769.374,0,1,17,1,0,16138,0.8005449628005606,50,800,16942,0,54111,27247,60086,0,16672,29222,35518,0,80,6224,24615,0,51113,29873
769.415,1,1,25,1,0,7344,0.7996153758601402,46,800,7919,0,56759,20781,19748,0,6047,28698,29800,0,45489,47546,60647,0,33466,38069
769.451,0,1,17,1,0,16055,0.8002881309228576,50,800,16942,0,54111,27247,60086,0,16672,29222,35518,0,80,6224,24615,0,51113,29873
769.492,1,1,25,1,0,7417,0.7994759485932074,46,800,7919,0,56759,20781,19748,0,6047,28698,29800,0,45489,47546,60647,0,33466,38069
769.528,0,1,17,1,0,15983,0.8002881309228576,50,800,16942,0,54111,27247,60086,0,16672,29222,35518,0,80,6224,24615,0,51113,29873
769.569,1,1,25,1,0,7525,0.7994759485932074,46,800,7919,0,56759,20781,19748,0,6047,28698,29800,0,45489,47546,60647,0,33466,38069
769.605,0,1,17,1,0,16035,0.8005449628005606,50,800,16942,0,54111,27247,60086,0,16672,29222,35518,0,80,6224,24615,0,51113,29873
769.646,1,1,25,1,0,7540,0.7994759485932074,46,800,7919,0,56759,20781,19748,0,6047,28698,29800,0,45489,47546,60647,0,33466,38069
769.682,0,1,17,1,0,15986,0.800416546861709,50,800,16942,0,54111,27247,60086,0,16672,29222,35518,0,80,6224,24615,0,51113,29873
769.723,1,1,25,1,0,7532,0.7994759485932074,46,800,7919,0,56759,20781,19748,0,6047,28698,29800,0,45489,47546,60647,0,33466,38069
769.759,0,1,17,1,0,16020,0.8005449628005606,50,800,16942,0,54111,27247,60086,0,16672,29222,35518,0,80,6224,24615,0,51113,29873
769.8,1,1,25,1,0,7399,0.7993365213262744,46,800,7919,0,56759,20781,19748,0,6047,28698,29800,0,45489,47546,60647,0,33466,38069
769.836,0,1,17,1,0,15985,0.800416546861709,50,800,16942,0,54111,27247,60086,0,16672,29222,35518,0,80,6224,24615,0,51113,29873
769.877,1,1,25,1,0,7327,0.7993365213262744,46,800,7919,0,56759,20781,19748,0,6047,28698,29800,0,45489,47546,60647,0,33466,38069
769.913,0,1,17,1,0,15984,0.8002881309228576,50,800,16942,0,54111,27247,60086,0,16672,29222,35518,0,80,6224,24615,0,51113,29873
769.954,1,1,25,1,0,7309,0.7993365213262744,46,800,7919,0,56759,20781,19748,0,6047,28698,29800,0,45489,47546,60647,0,33466,38069
769.99,0,1,17,1,0,15986,0.800159714984006,50,800,16942,0,54111,27247,60086,0,16672,29222,35518,0,80,6224,24615,0,51113,29873
770.031,1,1,25,1,0,7309,0.7990576667924086,46,800,7919,0,56759,20781,19748,0,6047,28698,29800,0,45489,47546,60647,0,33466,38069
770.067,0,1,17,1,0,15909,0.7999028831063029,50,800,16942,0,54111,27247,60086,0,16672,29222,35518,0,80,6224,24615,0,51113,29873
770.108,1,1,25,1,0,7357,0.7991970940593416,46,800,7919,0,56759,20781,19748,0,6047,28698,29800,0,45489,47546,60647,0,33466,38069
770.144,0,1,17,1,0,16073,0.800159714984006,50,800,16942,0,54111,27247,60086,0,16672,29222,35518,0,80,6224,24615,0,51113,29873
770.185,1,1,25,1,0,7345,0.7991970940593416,46,800,7919,0,56759,20781,19748,0,6047,28698,29800,0,45489,47546,60647,0,33466,38069
770.221,0,1,17,1,0,16073,0.800159714984006,50,800,16942,0,54111,27247,60086,0,16672,29222,35518,0,80,6224,24615,0,51113,29873
770.262,1,1,25,1,0,7405,0.7991970940593416,46,800,7919,0,56759,20781,19748,0,6047,28698,29800,0,45489,47546,60647,0,33466,38069
770.298,0,1,17,1,0,807,0.7198997532017875,45,800,16942,0,54111,27247,60086,0,16672,29222,35518,0,80,6224,24615,0,51113,29873
770.339,1,1,25,1,0,7421,0.7993365213262744,46,800,7919,0,56759,20781,19748,0,6047,28698,29800,0,45489,47546,60647,0,33466,38069
770.375,0,1,17,1,0,16196,0.800416546861709,50,800,16942,0,54111,27247,60086,0,16672,29222,35518,0,80,6224,24615,0,51113,29873
770.416,1,1,25,1,0,7432,0.7993365213262744,46,800,7919,0,56759,20781,19748,0,6047,28698,29800,0,45489,47546,60647,0,33466,38069
770.452,0,1,17,1,0,824,0.7201565850794905,45,800,16942,0,54111,27247,60086,0,16672,29222,35518,0,80,6224,24615,0,51113,29873
770.493,1,1,25,1,0,7384,0.7993365213262744,46,800,7919,0,56759,20781,19748,0,6047,28698,29800,0,45489,47546,60647,0,33466,38069
770.529,0,1,17,1,0,813,0.7193860894463813,45,800,16942,0,54111,27247,60086,0,16672,29222,35518,0,80,6224,24615,0,51113,29873
770.57,1,1,25,1,0,7365,0.7991970940593416,46,800,7919,0,56759,20781,19748,0,6047,28698,29800,0,45489,47546,60647,0,33466,38069
770.606,0,1,17,1,0,802,0.7193860894463813,45,800,16942,0,54111,27247,60086,0,16672,29222,35518,0,80,6224,24615,0,51113,29873
770.647,1,1,25,1,0,7437,0.7994759485932074,46,800,7919,0,56759,20781,19748,0,6047,28698,29800,0,45489,47546,60647,0,33466,38069
770.683,0,1,17,1,0,849,0.7197713372629359,45,800,16942,0,54111,27247,60086,0,16672,29222,35518,0,80,6224,24615,0,51113,29873
770.724,1,1,25,1,0,7508,0.7997548031270731,46,800,7919,0,56759,20781,19748,0,6047,28698,29800,0,45489,47546,60647,0,33466,38069
770.76,0,1,17,1,0,832,0.7195145053852328,45,800,16942,0,54111,27247,60086,0,16672,29222,35518,0,80,6224,24615,0,51113,29873
770.801,1,1,25,1,0,7544,0.7996153758601402,46,800,7919,0,56759,20781,19748,0,6047,28698,29800,0,45489,47546,60647,0,33466,38069
770.837,0,1,17,1,0,865,0.7193860894463813,45,800,16942,0,54111,27247,60086,0,16672,29222,35518,0,80,6224,24615,0,51113,29873
770.878,1,1,25,1,0,7591,0.7997548031270731,46,800,7919,0,56759,20781,19748,0,6047,28698,29800,0,45489,47546,60647,0,33466,38069
770.914,0,1,17,1,0,893,0.7205418328960452,45,800,16942,0,54111,27247,60086,0,16672,29222,35518,0,80,6224,24615,0,51113,29873
770.955,1,1,25,1,0,7632,0.8000336576609389,46,800,7919,0,56759,20781,19748,0,6047,28698,29800,0,45489,47546,60647,0,33466,38069
770.991,0,1,17,1,0,925,0.7209270807125998,45,800,16942,0,54111,27247,60086,0,16672,29222,35518,0,80,6224,24615,0,51113,29873
771.032,1,1,25,1,0,7562,0.7997548031270731,46,800,7919,0,56759,20781,19748,0,6047,28698,29800,0,45489,47546,60647,0,33466,38069
771.068,0,1,17,1,0,932,0.7204134169571936,45,800,16942,0,54111,27247,60086,0,16672,29222,35518,0,80,6224,24615,0,51113,29873
771.109,1,1,25,1,0,7484,0.799894230394006,46,800,7919,0,56759,20781,19748,0,6047,28698,29800,0,45489,47546,60647,0,33466,38069
771.145,0,1,17,1,0,925,0.7202850010183421,45,800,16942,0,54111,27247,60086,0,16672,29222,35518,0,80,6224,24615,0,51113,29873
771.186,1,1,25,1,0,7409,0.799894230394006,46,800,7919,0,56759,20781,19748,0,6047,28698,29800,0,45489,47546,60647,0,33466,38069
771.222,0,1,17,1,0,901,0.7206702488348967,45,800,16942,0,54111,27247,60086,0,16672,29222,35518,0,80,6224,24615,0,51113,29873
771.263,1,1,25,1,0,7417,0.7997548031270731,46,800,7919,0,56759,20781,19748,0,6047,28698,29800,0,45489,47546,60647,0,33466,38069
771.299,0,1,17,1,0,911,0.7202850010183421,45,800,16942,0,54111,27247,60086,0,16672,29222,35518,0,80,6224,24615,0,51113,29873
771.341,1,1,25,1,0,7421,0.7997548031270731,46,800,7919,0,56759,20781,19748,0,6047,28698,29800,0,45489,47546,60647,0,33466,38069
771.377,0,1,17,1,0,865,0.7196429213240844,45,800,16942,0,54111,27247,60086,0,16672,29222,35518,0,80,6224,24615,0,51113,29873
771.418,1,1,25,1,0,7485,0.799894230394006,46,800,7919,0,56759,20781,19748,0,6047,28698,29800,0,45489,47546,60647,0,33466,38069
771.454,0,1,17,1,0,864,0.7210554966514514,45,800,16942,0,54111,27247,60086,0,16672,29222,35518,0,80,6224,24615,0,51113,29873
771.495,1,1,25,1,0,7560,0.8000336576609389,46,800,7919,0,56759,20781,19748,0,6047,28698,29800,0,45489,47546,60647,0,33466,38069
771.531,0,1,17,1,0,863,0.721440744468006,45,800,16942,0,54111,27247,60086,0,16672,29222,35518,0,80,6224,24615,0,51113,29873
771.572,1,1,25,1,0,7608,0.8000336576609389,46,800,7919,0,56759,20781,19748,0,6047,28698,29800,0,45489,47546,60647,0,33466,38069
771.608,0,1,17,1,0,16139,0.800416546861709,50,800,16942,0,54111,27247,60086,0,16672,29222,35518,0,80,6224,24615,0,51113,29873
771.649,1,1,25,1,0,7587,0.8000336576609389,46,800,7919,0,56759,20781,19748,0,6047,28698,29800,0,45489,47546,60647,0,33466,38069
771.685,0,1,17,1,0,805,0.7207986647737483,45,800,16942,0,54111,27247,60086,0,16672,29222,35518,0,80,6224,24615,0,51113,29873
771.726,1,1,25,1,0,7536,0.7997548031270731,46,800,7919,0,56759,20781,19748,0,6047,28698,29800,0,45489,47546,60647,0,33466,38069
771.762,0,1,17,1,0,15984,0.800159714984006,50,800,16942,0,54111,27247,60086,0,16672,29222,35518,0,80,6224,24615,0,51113,29873
771.803,1,1,25,1,0,7610,0.8000336576609389,46,800,7919,0,56759,20781,19748,0,6047,28698,29800,0,45489,47546,60647,0,33466,38069
771.839,0,1,17,1,0,816,0.7213123285291545,45,800,16942,0,54111,27247,60086,0,16672,29222,35518,0,80,6224,24615,0,51113,29873
771.88,1,1,25,1,0,7691,0.8003125121948047,46,800,7919,0,56759,20781,19748,0,6047,28698,29800,0,45489,47546,60647,0,33466,38069
771.916,0,1,17,1,0,16201,0.8006733787394121,50,800,16942,0,54111,27247,60086,0,16672,29222,35518,0,80,6224,24615,0,51113,29873
771.957,1,1,25,1,0,7593,0.799894230394006,46,800,7919,0,56759,20781,19748,0,6047,28698,29800,0,45489,47546,60647,0,33466,38069
771.993,0,1,17,1,0,15979,0.8002881309228576,50,800,16942,0,54111,27247,60086,0,16672,29222,35518,0,80,6224,24615,0,51113,29873
772.034,1,1,25,1,0,7629,0.8000336576609389,46,800,7919,0,56759,20781,19748,0,6047,28698,29800,0,45489,47546,60647,0,33466,38069
772.07,0,1,17,1,0,15968,0.8002881309228576,50,800,16942,0,54111,27247,60086,0,16672,29222,35518,0,80,6224,24615,0,51113,29873
772.111,1,1,25,1,0,7587,0.8001730849278718,46,800,7919,0,56759,20781,19748,0,6047,28698,29800,0,45489,47546,60647,0,33466,38069
772.147,0,1,17,1,0,16054,0.8006733787394121,50,800,16942,0,54111,27247,60086,0,16672,29222,35518,0,80,6224,24615,0,51113,29873
772.188,1,1,25,1,0,7508,0.8000336576609389,46,800,7919,0,56759,20781,19748,0,6047,28698,29800,0,45489,47546,60647,0,33466,38069
772.224,0,1,17,1,0,16004,0.800416546861709,50,800,16942,0,54111,27247,60086,0,16672,29222,35518,0,80,6224,24615,0,51113,29873
772.265,1,1,25,1,0,7395,0.799894230394006,46,800,7919,0,56759,20781,19748,0,6047,28698,29800,0,45489,47546,60647,0,33466,38069
772.301,0,1,17,1,0,16050,0.800416546861709,50,800,16942,0,54111,27247,60086,0,16672,29222,35518,0,80,6224,24615,0,51113,29873
772.342,1,1,25,1,0,7343,0.7997548031270731,46,800,7919,0,56759,20781,19748,0,6047,28698,29800,0,45489,47546,60647,0,33466,38069
772.378,0,1,17,1,0,16011,0.8002881309228576,50,800,16942,0,54111,27247,60086,0,16672,29222,35518,0,80,6224,24615,0,51113,29873
772.419,1,1,25,1,0,7398,0.8000336576609389,46,800,7919,0,56759,20781,19748,0,6047,28698,29800,0,45489,47546,60647,0,33466,38069
772.455,0,1,17,1,0,16064,0.800416546861709,50,800,16942,0,54111,27247,60086,0,16672,29222,35518,0,80,6224,24615,0,51113,29873
772.496,1,1,25,1,0,7432,0.8000336576609389,46,800,7919,0,56759,20781,19748,0,6047,28698,29800,0,45489,47546,60647,0,33466,38069
772.532,0,1,17,1,0,15990,0.8002881309228576,50,800,16942,0,54111,27247,60086,0,16672,29222,35518,0,80,6224,24615,0,51113,29873
772.573,1,1,25,1,0,7455,0.8000336576609389,46,800,7919,0,56759,20781,19748,0,6047,28698,29800,0,45489,47546,60647,0,33466,38069
772.609,0,1,17,1,0,16012,0.8002881309228576,50,800,16942,0,54111,27247,60086,0,16672,29222,35518,0,80,6224,24615,0,51113,29873
772.65,1,1,25,1,0,7417,0.7997548031270731,46,800,7919,0,56759,20781,19748,0,6047,28698,29800,0,45489,47546,60647,0,33466,38069
772.686,0,1,17,1,0,15901,0.7999028831063029,50,800,16942,0,54111,27247,60086,0,16672,29222,35518,0,80,6224,24615,0,51113,29873
772.727,1,1,25,1,0,7378,0.7997548031270731,46,800,7919,0,56759,20781,19748,0,6047,28698,29800,0,45489,47546,60647,0,33466,38069
772.763,0,1,17,1,0,16056,0.800159714984006,50,800,16942,0,54111,27247,60086,0,16672,29222,35518,0,80,6224,24615,0,51113,29873
772.804,1,1,25,1,0,7375,0.7996153758601402,46,800,7919,0,56759,20781,19748,0,6047,28698,29800,0,45489,47546,60647,0,33466,38069
772.84,0,1,17,1,0,16140,0.8005449628005606,50,800,16942,0,54111,27247,60086,0,16672,29222,35518,0,80,6224,24615,0,51113,29873
772.881,1,1,25,1,0,7340,0.7996153758601402,46,800,7919,0,56759,20781,19748,0,6047,28698,29800,0,45489,47546,60647,0,33466,38069
772.917,0,1,17,1,0,16051,0.8005449628005606,50,800,16942,0,54111,27247,60086,0,16672,29222,35518,0,80,6224,24615,0,51113,29873
772.958,1,1,25,1,0,7457,0.799894230394006,46,800,7919,0,56759,20781,19748,0,6047,28698,29800,0,45489,47546,60647,0,33466,38069
772.994,0,1,17,1,0,16011,0.800416546861709,50,800,16942,0,54111,27247,60086,0,16672,29222,35518,0,80,6224,24615,0,51113,29873
773.035,1,1,25,1,0,7498,0.799894230394006,46,800,7919,0,56759,20781,19748,0,6047,28698,29800,0,45489,47546,60647,0,33466,38069
773.071,0,1,17,1,0,15996,0.800416546861709,50,800,16942,0,54111,27247,60086,0,16672,29222,35518,0,80,6224,24615,0,51113,29873
773.112,1,1,25,1,0,7493,0.799894230394006,46,800,7919,0,56759,20781,19748,0,6047,28698,29800,0,45489,47546,60647,0,33466,38069
773.148,0,1,17,1,0,817,0.7220828241622638,45,800,16942,0,54111,27247,60086,0,16672,29222,35518,0,80,6224,24615,0,51113,29873
773.189,1,1,25,1,0,7506,0.799894230394006,46,800,7919,0,56759,20781,19748,0,6047,28698,29800,0,45489,47546,60647,0,33466,38069
773.225,0,1,17,1,0,820,0.7213123285291545,45,800,16942,0,54111,27247,60086,0,16672,29222,35518,0,80,6224,24615,0,51113,29873
773.266,1,1,25,1,0,7441,0.7996153758601402,46,800,7919,0,56759,20781,19748,0,6047,28698,29800,0,45489,47546,60647,0,33466,38069
773.302,0,1,17,1,0,815,0.7210554966514514,45,800,16942,0,54111,27247,60086,0,16672,29222,35518,0,80,6224,24615,0,51113,29873
773.343,1,1,25,1,0,7398,0.7997548031270731,46,800,7919,0,56759,20781,19748,0,6047,28698,29800,0,45489,47546,60647,0,33466,38069
773.379,0,1,17,1,0,806,0.7210554966514514,45,800,16942,0,54111,27247,60086,0,16672,29222,35518,0,80,6224,24615,0,51113,29873
773.42,1,1,25,1,0,7372,0.7997548031270731,46,800,7919,0,56759,20781,19748,0,6047,28698,29800,0,45489,47546,60647,0,33466,38069
773.456,0,1,17,1,0,839,0.721440744468006,45,800,16942,0,54111,27247,60086,0,16672,29222,35518,0,80,6224,24615,0,51113,29873
773.497,1,1,25,1,0,7352,0.7996153758601402,46,800,7919,0,56759,20781,19748,0,6047,28698,29800,0,45489,47546,60647,0,33466,38069
773.533,0,1,17,1,0,823,0.7202850010183421,45,800,16942,0,54111,27247,60086,0,16672,29222,35518,0,80,6224,24615,0,51113,29873
773.574,1,1,25,1,0,7339,0.7996153758601402,46,800,7919,0,56759,20781,19748,0,6047,28698,29800,0,45489,47546,60647,0,33466,38069
773.61,0,1,17,1,0,830,0.7204134169571936,45,800,16942,0,54111,27247,60086,0,16672,29222,35518,0,80,6224,24615,0,51113,29873
773.651,1,1,25,1,0,7321,0.7993365213262744,46,800,7919,0,56759,20781,19748,0,6047,28698,29800,0,45489,47546,60647,0,33466,38069
773.687,0,1,17,1,0,813,0.7202850010183421,45,800,16942,0,54111,27247,60086,0,16672,29222,35518,0,80,6224,24615,0,51113,29873
773.728,1,1,25,1,0,7369,0.7994759485932074,46,800,7919,0,56759,20781,19748,0,6047,28698,29800,0,45489,47546,60647,0,33466,38069
773.764,0,1,17,1,0,811,0.7213123285291545,45,800,16942,0,54111,27247,60086,0,16672,29222,35518,0,80,6224,24615,0,51113,29873
773.805,1,1,25,1,0,7420,0.7993365213262744,46,800,7919,0,56759,20781,19748,0,6047,28698,29800,0,45489,47546,60647,0,33466,38069
773.841,0,1,17,1,0,843,0.7224680719788185,45,800,16942,0,54111,27247,60086,0,16672,29222,35518,0,80,6224,24615,0,51113,29873
773.882,1,1,25,1,0,7480,0.7993365213262744,46,800,7919,0,56759,20781,19748,0,6047,28698,29800,0,45489,47546,60647,0,33466,38069
773.918,0,1,17,1,0,16090,0.8009302106171152,50,800,16942,0,54111,27247,60086,0,16672,29222,35518,0,80,6224,24615,0,51113,29873
773.959,1,1,25,1,0,7546,0.7993365213262744,46,800,7919,0,56759,20781,19748,0,6047,28698,29800,0,45489,47546,60647,0,33466,38069
773.996,0,1,17,1,0,16186,0.8009302106171152,50,800,16942,0,54111,27247,60086,0,16672,29222,35518,0,80,6224,24615,0,51113,29873
774.036,1,1,25,1,0,7617,0.7996153758601402,46,800,7919,0,56759,20781,19748,0,6047,28698,29800,0,45489,47546,60647,0,33466,38069
774.072,0,1,17,1,0,810,0.7215691604068576,45,800,16942,0,54111,27247,60086,0,16672,29222,35518,0,80,6224,24615,0,51113,29873
774.113,1,1,25,1,0,7674,0.7994759485932074,46,800,7919,0,56759,20781,19748,0,6047,28698,29800,0,45489,47546,60647,0,33466,38069
774.15,0,1,17,1,0,16195,0.8009302106171152,50,800,16942,0,54111,27247,60086,0,16672,29222,35518,0,80,6224,24615,0,51113,29873
774.191,1,1,25,1,0,7765,0.7997548031270731,46,800,7919,0,56759,20781,19748,0,6047,28698,29800,0,45489,47546,60647,0,33466,38069
774.226,0,1,17,1,0,840,0.7222112401011154,45,800,16942,0,54111,27247,60086,0,16672,29222,35518,0,80,6224,24615,0,51113,29873
774.268,1,1,25,1,0,7836,0.799894230394006,46,800,7919,0,56759,20781,19748,0,6047,28698,29800,0,45489,47546,60647,0,33466,38069
774.304,0,1,17,1,0,840,0.721440744468006,45,800,16942,0,54111,27247,60086,0,16672,29222,35518,0,80,6224,24615,0,51113,29873
774.345,1,1,25,1,0,7859,0.799894230394006,46,800,7919,0,56759,20781,19748,0,6047,28698,29800,0,45489,47546,60647,0,33466,38069
774.381,0,1,17,1,0,827,0.7215691604068576,45,800,16942,0,54111,27247,60086,0,16672,29222,35518,0,80,6224,24615,0,51113,29873
774.422,1,1,25,1,0,7897,0.8000336576609389,46,800,7919,0,56759,20781,19748,0,6047,28698,29800,0,45489,47546,60647,0,33466,38069
774.458,0,1,17,1,0,828,0.7215691604068576,45,800,16942,0,54111,27247,60086,0,16672,29222,35518,0,80,6224,24615,0,51113,29873
774.499,1,1,25,1,0,7885,0.7997548031270731,46,800,7919,0,56759,20781,19748,0,6047,28698,29800,0,45489,47546,60647,0,33466,38069
774.535,0,1,17,1,0,833,0.7215691604068576,45,800,16942,0,54111,27247,60086,0,16672,29222,35518,0,80,6224,24615,0,51113,29873
774.576,1,1,25,1,0,7889,0.799894230394006,46,800,7919,0,56759,20781,19748,0,6047,28698,29800,0,45489,47546,60647,0,33466,38069
774.612,0,1,17,1,0,813,0.7209270807125998,45,800,16942,0,54111,27247,60086,0,16672,29222,35518,0,80,6224,24615,0,51113,29873
774.653,1,1,25,1,0,7914,0.799894230394006,46,800,7919,0,56759,20781,19748,0,6047,28698,29800,0,45489,47546,60647,0,33466,38069
774.689,0,1,17,1,0,835,0.7224680719788185,45,800,16942,0,54111,27247,60086,0,16672,29222,35518,0,80,6224,24615,0,51113,29873
774.73,1,1,25,1,0,7892,0.7997548031270731,46,800,7919,0,56759,20781,19748,0,6047,28698,29800,0,45489,47546,60647,0,33466,38069
774.766,0,1,17,1,0,855,0.7229817357342246,45,800,16942,0,54111,27247,60086,0,16672,29222,35518,0,80,6224,24615,0,51113,29873
774.807,1,1,25,1,0,7909,0.7997548031270731,46,800,7919,0,56759,20781,19748,0,6047,28698,29800,0,45489,47546,60647,0,33466,38069
774.843,0,1,17,1,0,811,0.72259648791767,45,800,16942,0,54111,27247,60086,0,16672,29222,35518,0,80,6224,24615,0,51113,29873
774.884,1,1,25,1,0,7960,0.8000336576609389,46,800,7919,0,56759,20781,19748,0,6047,28698,29800,0,45489,47546,60647,0,33466,38069
774.92,0,1,17,1,0,16101,0.8005449628005606,50,800,16942,0,54111,27247,60086,0,16672,29222,35518,0,80,6224,24615,0,51113,29873
774.961,1,1,25,1,0,7985,0.8001730849278718,46,800,7919,0,56759,20781,19748,0,6047,28698,29800,0,45489,47546,60647,0,33466,38069
774.997,0,1,17,1,0,16178,0.8009302106171152,50,800,16942,0,54111,27247,60086,0,16672,29222,35518,0,80,6224,24615,0,51113,29873
775.038,1,1,25,1,0,7970,0.8001730849278718,46,800,7919,0,56759,20781,19748,0,6047,28698,29800,0,45489,47546,60647,0,33466,38069
775.074,0,1,17,1,0,16181,0.8008017946782637,50,800,16942,0,54111,27247,60086,0,16672,29222,35518,0,80,6224,24615,0,51113,29873
775.115,1,1,25,1,0,8015,0.8003125121948047,46,800,7919,0,56759,20781,19748,0,6047,28698,29800,0,45489,47546,60647,0,33466,38069
775.151,0,1,17,1,0,16225,0.8009302106171152,50,800,16942,0,54111,27247,60086,0,16672,29222,35518,0,80,6224,24615,0,51113,29873
775.192,1,1,25,1,0,7972,0.8001730849278718,46,800,7919,0,56759,20781,19748,0,6047,28698,29800,0,45489,47546,60647,0,33466,38069
775.228,0,1,17,1,0,16239,0.8009302106171152,50,800,16942,0,54111,27247,60086,0,16672,29222,35518,0,80,6224,24615,0,51113,29873
775.269,1,1,25,1,0,7951,0.799894230394006,46,800,7919,0,56759,20781,19748,0,6047,28698,29800,0,45489,47546,60647,0,33466,38069
775.305,0,1,17,1,0,16219,0.8009302106171152,50,800,16942,0,54111,27247,60086,0,16672,29222,35518,0,80,6224,24615,0,51113,29873
775.346,1,1,25,1,0,7903,0.799894230394006,46,800,7919,0,56759,20781,19748,0,6047,28698,29800,0,45489,47546,60647,0,33466,38069
775.382,0,1,17,1,0,16189,0.8008017946782637,50,800,16942,0,54111,27247,60086,0,16672,29222,35518,0,80,6224,24615,0,51113,29873
775.423,1,1,25,1,0,7911,0.7997548031270731,46,800,7919,0,56759,20781,19748,0,6047,28698,29800,0,45489,47546,60647,0,33466,38069
775.459,0,1,17,1,0,16226,0.8009302106171152,50,800,16942,0,54111,27247,60086,0,16672,29222,35518,0,80,6224,24615,0,51113,29873
775.5,1,1,25,1,0,7900,0.7997548031270731,46,800,7919,0,56759,20781,19748,0,6047,28698,29800,0,45489,47546,60647,0,33466,38069
775.536,0,1,17,1,0,16263,0.8009302106171152,50,800,16942,0,54111,27247,60086,0,16672,29222,35518,0,80,6224,24615,0,51113,29873
775.577,1,1,25,1,0,7842,0.7994759485932074,46,800,7919,0,56759,20781,19748,0,6047,28698,29800,0,45489,47546,60647,0,33466,38069
775.613,0,1,17,1,0,16180,0.8011870424948184,50,800,16942,0,54111,27247,60086,0,16672,29222,35518,0,80,6224,24615,0,51113,29873
775.654,1,1,25,1,0,7849,0.7996153758601402,46,800,7919,0,56759,20781,19748,0,6047,28698,29800,0,45489,47546,60647,0,33466,38069
775.69,0,1,17,1,0,825,0.7227249038565215,45,800,16942,0,54111,27247,60086,0,16672,29222,35518,0,80,6224,24615,0,51113,29873
775.731,1,1,25,1,0,7833,0.7994759485932074,46,800,7919,0,56759,20781,19748,0,6047,28698,29800,0,45489,47546,60647,0,33466,38069
775.767,0,1,17,1,0,16047,0.8009302106171152,50,800,16942,0,54111,27247,60086,0,16672,29222,35518,0,80,6224,24615,0,51113,29873
775.808,1,1,25,1,0,7890,0.7996153758601402,46,800,7919,0,56759,20781,19748,0,6047,28698,29800,0,45489,47546,60647,0,33466,38069
775.844,0,1,17,1,0,819,0.72259648791767,45,800,16942,0,54111,27247,60086,0,16672,29222,35518,0,80,6224,24615,0,51113,29873
775.885,1,1,25,1,0,7918,0.7994759485932074,46,800,7919,0,56759,20781,19748,0,6047,28698,29800,0,45489,47546,60647,0,33466,38069
775.921,0,1,17,1,0,851,0.7234953994896308,45,800,16942,0,54111,27247,60086,0,16672,29222,35518,0,80,6224,24615,0,51113,29873
775.962,1,1,25,1,0,7944,0.7996153758601402,46,800,7919,0,56759,20781,19748,0,6047,28698,29800,0,45489,47546,60647,0,33466,38069
775.998,0,1,17,1,0,815,0.7227249038565215,45,800,16942,0,54111,27247,60086,0,16672,29222,35518,0,80,6224,24615,0,51113,29873
776.039,1,1,25,1,0,7944,0.799894230394006,46,800,7919,0,56759,20781,19748,0,6047,28698,29800,0,45489,47546,60647,0,33466,38069
776.075,0,1,17,1,0,864,0.7223396560399669,45,800,16942,0,54111,27247,60086,0,16672,29222,35518,0,80,6224,24615,0,51113,29873
776.116,1,1,25,1,0,7957,0.7997548031270731,46,800,7919,0,56759,20781,19748,0,6047,28698,29800,0,45489,47546,60647,0,33466,38069
776.152,0,1,17,1,0,869,0.7220828241622638,45,800,16942,0,54111,27247,60086,0,16672,29222,35518,0,80,6224,24615,0,51113,29873
776.193,1,1,25,1,0,7941,0.7997548031270731,46,800,7919,0,56759,20781,19748,0,6047,28698,29800,0,45489,47546,60647,0,33466,38069
776.229,0,1,17,1,0,861,0.7222112401011154,45,800,16942,0,54111,27247,60086,0,16672,29222,35518,0,80,6224,24615,0,51113,29873
776.27,1,1,25,1,0,7920,0.799894230394006,46,800,7919,0,56759,20781,19748,0,6047,28698,29800,0,45489,47546,60647,0,33466,38069
776.306,0,1,17,1,0,846,0.7216975763457091,45,800,16942,0,54111,27247,60086,0,16672,29222,35518,0,80,6224,24615,0,51113,29873
776.347,1,1,25,1,0,7916,0.799894230394006,46,800,7919,0,56759,20781,19748,0,6047,28698,29800,0,45489,47546,60647,0,33466,38069
776.383,0,1,17,1,0,896,0.7222112401011154,45,800,16942,0,54111,27247,60086,0,16672,29222,35518,0,80,6224,24615,0,51113,29873
776.424,1,1,25,1,0,7916,0.8000336576609389,46,800,7919,0,56759,20781,19748,0,6047,28698,29800,0,45489,47546,60647,0,33466,38069
776.46,0,1,17,1,0,866,0.7209270807125998,45,800,16942,0,54111,27247,60086,0,16672,29222,35518,0,80,6224,24615,0,51113,29873
776.501,1,1,25,1,0,7937,0.8000336576609389,46,800,7919,0,56759,20781,19748,0,6047,28698,29800,0,45489,47546,60647,0,33466,38069
776.537,0,1,17,1,0,942,0.7220828241622638,45,800,16942,0,54111,27247,60086,0,16672,29222,35518,0,80,6224,24615,0,51113,29873
776.578,1,1,25,1,0,7975,0.8000336576609389,46,800,7919,0,56759,20781,19748,0,6047,28698,29800,0,45489,47546,60647,0,33466,38069
776.614,0,1,17,1,0,948,0.7219544082234123,45,800,16942,0,54111,27247,60086,0,16672,29222,35518,0,80,6224,24615,0,51113,29873
776.655,1,1,25,1,0,7991,0.799894230394006,46,800,7919,0,56759,20781,19748,0,6047,28698,29800,0,45489,47546,60647,0,33466,38069
776.691,0,1,17,1,0,944,0.7227249038565215,45,800,16942,0,54111,27247,60086,0,16672,29222,35518,0,80,6224,24615,0,51113,29873
776.732,1,1,25,1,0,8037,0.7997548031270731,46,800,7919,0,56759,20781,19748,0,6047,28698,29800,0,45489,47546,60647,0,33466,38069
776.768,0,1,17,1,0,920,0.7219544082234123,45,800,16942,0,54111,27247,60086,0,16672,29222,35518,0,80,6224,24615,0,51113,29873
776.809,1,1,25,1,0,8026,0.7996153758601402,46,800,7919,0,56759,20781,19748,0,6047,28698,29800,0,45489,47546,60647,0,33466,38069
776.845,0,1,17,1,0,834,0.7197713372629359,45,800,16942,0,54111,27247,60086,0,16672,29222,35518,0,80,6224,24615,0,51113,29873
776.886,1,1,25,1,0,7986,0.7996153758601402,46,800,7919,0,56759,20781,19748,0,6047,28698,29800,0,45489,47546,60647,0,33466,38069
776.922,0,1,17,1,0,898,0.7215691604068576,45,800,16942,0,54111,27247,60086,0,16672,29222,35518,0,80,6224,24615,0,51113,29873
776.963,1,1,25,1,0,7943,0.7996153758601402,46,800,7919,0,56759,20781,19748,0,6047,28698,29800,0,45489,47546,60647,0,33466,38069
776.999,0,1,17,1,0,869,0.721440744468006,45,800,16942,0,54111,27247,60086,0,16672,29222,35518,0,80,6224,24615,0,51113,29873
777.04,1,1,25,1,0,7930,0.7996153758601402,46,800,7919,0,56759,20781,19748,0,6047,28698,29800,0,45489,47546,60647,0,33466,38069
777.076,0,1,17,1,0,865,0.7209270807125998,45,800,16942,0,54111,27247,60086,0,16672,29222,35518,0,80,6224,24615,0,51113,29873
777.118,1,1,25,1,0,7872,0.7996153758601402,46,800,7919,0,56759,20781,19748,0,6047,28698,29800,0,45489,47546,60647,0,33466,38069
777.154,0,1,17,1,0,888,0.7218259922845607,45,800,16942,0,54111,27247,60086,0,16672,29222,35518,0,80,6224,24615,0,51113,29873
777.195,1,1,25,1,0,7825,0.7994759485932074,46,800,7919,0,56759,20781,19748,0,6047,28698,29800,0,45489,47546,60647,0,33466,38069
777.231,0,1,17,1,0,884,0.7219544082234123,45,800,16942,0,54111,27247,60086,0,16672,29222,35518,0,80,6224,24615,0,51113,29873
777.272,1,1,25,1,0,7729,0.7991970940593416,46,800,7919,0,56759,20781,19748,0,6047,28698,29800,0,45489,47546,60647,0,33466,38069
777.308,0,1,17,1,0,874,0.7219544082234123,45,800,16942,0,54111,27247,60086,0,16672,29222,35518,0,80,6224,24615,0,51113,29873
777.349,1,1,25,1,0,7686,0.7993365213262744,46,800,7919,0,56759,20781,19748,0,6047,28698,29800,0,45489,47546,60647,0,33466,38069
777.385,0,1,17,1,0,871,0.7216975763457091,45,800,16942,0,54111,27247,60086,0,16672,29222,35518,0,80,6224,24615,0,51113,29873
777.426,1,1,25,1,0,7614,0.7991970940593416,46,800,7919,0,56759,20781,19748,0,6047,28698,29800,0,45489,47546,60647,0,33466,38069
777.462,0,1,17,1,0,852,0.7206702488348967,45,800,16942,0,54111,27247,60086,0,16672,29222,35518,0,80,6224,24615,0,51113,29873
777.503,1,1,25,1,0,7560,0.7993365213262744,46,800,7919,0,56759,20781,19748,0,6047,28698,29800,0,45489,47546,60647,0,33466,38069
777.539,0,1,17,1,0,873,0.7207986647737483,45,800,16942,0,54111,27247,60086,0,16672,29222,35518,0,80,6224,24615,0,51113,29873
777.58,1,1,25,1,0,7499,0.7991970940593416,46,800,7919,0,56759,20781,19748,0,6047,28698,29800,0,45489,47546,60647,0,33466,38069
777.616,0,1,17,1,0,896,0.7223396560399669,45,800,16942,0,54111,27247,60086,0,16672,29222,35518,0,80,6224,24615,0,51113,29873
777.657,1,1,25,1,0,7457,0.7991970940593416,46,800,7919,0,56759,20781,19748,0,6047,28698,29800,0,45489,47546,60647,0,33466,38069
777.693,0,1,17,1,0,835,0.7206702488348967,45,800,16942,0,54111,27247,60086,0,16672,29222,35518,0,80,6224,24615,0,51113,29873
777.734,1,1,25,1,0,7431,0.7990576667924086,46,800,7919,0,56759,20781,19748,0,6047,28698,29800,0,45489,47546,60647,0,33466,38069
777.77,0,1,17,1,0,930,0.7216975763457091,45,800,16942,0,54111,27247,60086,0,16672,29222,35518,0,80,6224,24615,0,51113,29873
777.811,1,1,25,1,0,7442,0.7990576667924086,46,800,7919,0,56759,20781,19748,0,6047,28698,29800,0,45489,47546,60647,0,33466,38069
777.847,0,1,17,1,0,957,0.7216975763457091,45,800,16942,0,54111,27247,60086,0,16672,29222,35518,0,80,6224,24615,0,51113,29873
777.888,1,1,25,1,0,7462,0.7990576667924086,46,800,7919,0,56759,20781,19748,0,6047,28698,29800,0,45489,47546,60647,0,33466,38069
777.924,0,1,17,1,0,915,0.7205418328960452,45,800,16942,0,54111,27247,60086,0,16672,29222,35518,0,80,6224,24615,0,51113,29873
777.965,1,1,25,1,0,7462,0.7990576667924086,46,800,7919,0,56759,20781,19748,0,6047,28698,29800,0,45489,47546,60647,0,33466,38069
778.001,0,1,17,1,0,888,0.7197713372629359,45,800,16942,0,54111,27247,60086,0,16672,29222,35518,0,80,6224,24615,0,51113,29873
778.042,1,1,25,1,0,7509,0.7991970940593416,46,800,7919,0,56759,20781,19748,0,6047,28698,29800,0,45489,47546,60647,0,33466,38069
778.078,0,1,17,1,0,962,0.7213123285291545,45,800,16942,0,54111,27247,60086,0,16672,29222,35518,0,80,6224,24615,0,51113,29873
778.119,1,1,25,1,0,7561,0.7994759485932074,46,800,7919,0,56759,20781,19748,0,6047,28698,29800,0,45489,47546,60647,0,33466,38069
778.155,0,1,17,1,0,885,0.7202850010183421,45,800,16942,0,54111,27247,60086,0,16672,29222,35518,0,80,6224,24615,0,51113,29873
778.196,1,1,25,1,0,7587,0.7994759485932074,46,800,7919,0,56759,20781,19748,0,6047,28698,29800,0,45489,47546,60647,0,33466,38069
778.232,0,1,17,1,0,929,0.721440744468006,45,800,16942,0,54111,27247,60086,0,16672,29222,35518,0,80,6224,24615,0,51113,29873
778.273,1,1,25,1,0,7600,0.7994759485932074,46,800,7919,0,56759,20781,19748,0,6047,28698,29800,0,45489,47546,60647,0,33466,38069
778.309,0,1,17,1,0,924,0.7209270807125998,45,800,16942,0,54111,27247,60086,0,16672,29222,35518,0,80,6224,24615,0,51113,29873
778.35,1,1,25,1,0,7575,0.7993365213262744,46,800,7919,0,56759,20781,19748,0,6047,28698,29800,0,45489,47546,60647,0,33466,38069
778.386,0,1,17,1,0,906,0.7216975763457091,45,800,16942,0,54111,27247,60086,0,16672,29222,35518,0,80,6224,24615,0,51113,29873
778.427,1,1,25,1,0,7511,0.7993365213262744,46,800,7919,0,56759,20781,19748,0,6047,28698,29800,0,45489,47546,60647,0,33466,38069
778.463,0,1,17,1,0,860,0.7202850010183421,45,800,16942,0,54111,27247,60086,0,16672,29222,35518,0,80,6224,24615,0,51113,29873
778.504,1,1,25,1,0,7415,0.7991970940593416,46,800,7919,0,56759,20781,19748,0,6047,28698,29800,0,45489,47546,60647,0,33466,38069
778.54,0,1,17,1,0,877,0.7204134169571936,45,800,16942,0,54111,27247,60086,0,16672,29222,35518,0,80,6224,24615,0,51113,29873
778.581,1,1,25,1,0,7335,0.7991970940593416,46,800,7919,0,56759,20781,19748,0,6047,28698,29800,0,45489,47546,60647,0,33466,38069
778.617,0,1,17,1,0,894,0.7205418328960452,45,800,16942,0,54111,27247,60086,0,16672,29222,35518,0,80,6224,24615,0,51113,29873
778.658,1,1,25,1,0,7239,0.7990576667924086,46,800,7919,0,56759,20781,19748,0,6047,28698,29800,0,45489,47546,60647,0,33466,38069
778.694,0,1,17,1,0,863,0.7192576735075297,45,800,16942,0,54111,27247,60086,0,16672,29222,35518,0,80,6224,24615,0,51113,29873
778.735,1,1,25,1,0,7151,0.7989182395254757,46,800,7919,0,56759,20781,19748,0,6047,28698,29800,0,45489,47546,60647,0,33466,38069
778.771,0,1,17,1,0,885,0.7197713372629359,45,800,16942,0,54111,27247,60086,0,16672,29222,35518,0,80,6224,24615,0,51113,29873
778.812,1,1,25,1,0,7118,0.7990576667924086,46,800,7919,0,56759,20781,19748,0,6047,28698,29800,0,45489,47546,60647,0,33466,38069
778.848,0,1,17,1,0,860,0.7200281691406389,45,800,16942,0,54111,27247,60086,0,16672,29222,35518,0,80,6224,24615,0,51113,29873
778.889,1,1,25,1,0,7080,0.7989182395254757,46,800,7919,0,56759,20781,19748,0,6047,28698,29800,0,45489,47546,60647,0,33466,38069
778.925,0,1,17,1,0,885,0.7205418328960452,45,800,16942,0,54111,27247,60086,0,16672,29222,35518,0,80,6224,24615,0,51113,29873
778.966,1,1,25,1,0,7087,0.7989182395254757,46,800,7919,0,56759,20781,19748,0,6047,28698,29800,0,45489,47546,60647,0,33466,38069
779.002,0,1,17,1,0,857,0.7202850010183421,45,800,16942,0,54111,27247,60086,0,16672,29222,35518,0,80,6224,24615,0,51113,29873
779.043,1,1,25,1,0,7088,0.7987788122585429,46,800,7919,0,56759,20781,19748,0,6047,28698,29800,0,45489,47546,60647,0,33466,38069
779.079,0,1,17,1,0,847,0.7201565850794905,45,800,16942,0,54111,27247,60086,0,16672,29222,35518,0,80,6224,24615,0,51113,29873
779.12,1,1,25,1,0,7183,0.7990576667924086,46,800,7919,0,56759,20781,19748,0,6047,28698,29800,0,45489,47546,60647,0,33466,38069
779.156,0,1,17,1,0,844,0.7204134169571936,45,800,16942,0,54111,27247,60086,0,16672,29222,35518,0,80,6224,24615,0,51113,29873
779.197,1,1,25,1,0,7210,0.7989182395254757,46,800,7919,0,56759,20781,19748,0,6047,28698,29800,0,45489,47546,60647,0,33466,38069
779.233,0,1,17,1,0,16121,0.800159714984006,50,800,16942,0,54111,27247,60086,0,16672,29222,35518,0,80,6224,24615,0,51113,29873
779.274,1,1,25,1,0,7167,0.7987788122585429,46,800,7919,0,56759,20781,19748,0,6047,28698,29800,0,45489,47546,60647,0,33466,38069
779.31,0,1,17,1,0,15873,0.7993892193508967,50,800,16942,0,54111,27247,60086,0,16672,29222,35518,0,80,6224,24615,0,51113,29873
779.351,1,1,25,1,0,7168,0.7986393849916099,46,800,7919,0,56759,20781,19748,0,6047,28698,29800,0,45489,47546,60647,0,33466,38069
779.387,0,1,17,1,0,16137,0.7999028831063029,50,800,16942,0,54111,27247,60086,0,16672,29222,35518,0,80,6224,24615,0,51113,29873
779.428,1,1,25,1,0,7137,0.7986393849916099,46,800,7919,0,56759,20781,19748,0,6047,28698,29800,0,45489,47546,60647,0,33466,38069
779.464,0,1,17,1,0,15922,0.7993892193508967,50,800,16942,0,54111,27247,60086,0,16672,29222,35518,0,80,6224,24615,0,51113,29873
